0 -0.10881 -100 50.4181
0 -0.108798 -100 50.4381
0 -0.108791 -100 50.4581
0 -0.108787 -100 50.478
0 -0.108785 -100 50.4981
0 -0.108783 -100 50.5181
0 -0.108782 -100 50.5381
0 -0.108782 -100 50.5581
0 -0.108781 -100 50.578
0 -0.108781 -100 50.5981
0 -0.108781 -100 50.6181
0 -0.108781 -100 50.6381
0 -0.104188 -100 50.6581
0 -0.101432 -100 50.6781
0 -0.0951844 -100 50.6982
0 -0.0914357 -100 50.7181
0 -0.0845908 -100 50.739
0 -0.0758868 -100 50.7582
0 -0.0660659 -100 50.7781
0 -0.0555734 -100 50.7982
0 -0.0492779 -100 50.8181
0 -0.0455006 -100 50.8381
0 -0.038633 -100 50.8581
0 -0.0476117 -100 50.8781
0 -0.0615035 -100 50.8981
0 -0.131541 -100 50.9181
0 -0.235374 -100 50.9381
0 -0.328619 -100 50.9581
0 -0.402345 -100 50.9783
0 -0.441988 -100 50.9981
0 -0.501351 -100 51.0183
0 -0.572568 -100 51.0381
0 -0.664154 -100 51.0584
0 -0.73235 -100 51.0781
0 -0.768685 -100 51.0983
0 -0.821579 -100 51.1181
0 -0.915582 -100 51.1383
0 -1.07495 -100 51.1581
0 -1.16293 -100 51.1781
0 -1.19006 -100 51.1982
0 -1.27366 -100 51.2181
0 -1.4679 -100 51.2381
0 -1.79665 -100 51.2581
0 -2.24327 -100 51.2783
0 -2.74796 -100 51.2981
0 -3.22901 -100 51.3183
0 -3.64139 -100 51.3381
0 -4.01285 -100 51.3582
0 -4.36956 -100 51.3781
0 -4.67644 -99.9863 51.3982
0 -4.90708 -99.9391 51.4181
0 -5.07354 -99.8794 51.4383
0 -5.20153 -99.8122 51.4581
0 -5.32944 -99.741 51.4781
0 -5.49003 -99.644 51.4981
0 -5.62549 -99.5221 51.5181
0 -5.66146 -99.3493 51.5382
0 -5.588 -99.1282 51.5581
0 -5.48041 -98.8788 51.5781
0 -5.39286 -98.6135 51.5981
0 -5.34588 -98.3224 51.6183
0 -5.33206 -98.0159 51.6381
0 -5.41621 -97.7267 51.6582
0 -5.53415 -97.497 51.6781
0 -5.67586 -97.3198 51.6981
0 -5.83644 -97.1825 51.7181
0 -5.9661 -97.0762 51.7381
0 -6.06281 -97.0048 51.7581
0 -6.12083 -96.9619 51.7783
0 -6.15114 -96.9277 51.7985
0 -6.18825 -96.8994 51.8181
0 -6.23937 -96.8501 51.8381
0 -6.32238 -96.7889 51.8581
0 -6.41011 -96.7368 51.8781
0 -6.5007 -96.6901 51.8981
0 -6.62203 -96.6143 51.9182
0 -6.7429 -96.5287 51.9381
0 -6.87251 -96.4543 51.9581
0 -6.96932 -96.402 51.9781
0 -7.0274 -96.3706 51.9981
0 -7.06225 -96.3518 52.0181
0 -7.10221 -96.3328 52.0381
0 -7.12171 -96.3129 52.0583
0 -7.13341 -96.301 52.0781
0 -7.155 -96.2776 52.0981
0 -7.22516 -96.2406 52.1181
0 -7.3245 -96.1954 52.1381
0 -7.4032 -96.1606 52.1581
0 -7.43257 -96.1222 52.1781
0 -7.32508 -96.0102 52.1981
0 -7.05425 -95.8007 52.2181
0 -6.60861 -95.4636 52.2382
0 -6.13473 -94.9859 52.2582
0 -5.7409 -94.4269 52.2782
0 -5.42998 -93.8622 52.2981
0 -5.20246 -93.37 52.3181
0 -5.06385 -93.0063 52.3381
0 -4.97599 -92.7789 52.3581
0 -4.91856 -92.6332 52.3781
0 -4.8794 -92.5366 52.3982
0 -4.85119 -92.4693 52.4183
0 -4.83426 -92.429 52.4382
0 -4.8194 -92.3955 52.4571
0 -4.84457 -92.35 52.4771
0 -4.91792 -92.2985 52.4971
0 -4.98136 -92.2595 52.5171
0 -5.05359 -92.2107 52.5371
0 -5.11637 -92.1734 52.5571
0 -5.18826 -92.1256 52.5771
0 -5.25085 -92.0889 52.5971
0 -5.33744 -92.0241 52.6174
0 -5.45801 -91.9345 52.6371
0 -5.61393 -91.8126 52.6571
0 -5.7474 -91.6781 52.6771
0 -5.87685 -91.5547 52.6971
0 -6.00395 -91.4378 52.7171
0 -6.11476 -91.3424 52.7371
0 -6.22049 -91.269 52.7571
0 -6.3232 -91.209 52.7771
0 -6.38483 -91.1729 52.7973
0 -6.4218 -91.1513 52.8172
0 -6.45896 -91.121 52.8371
0 -6.54023 -91.0787 52.8571
0 -6.66769 -91.0214 52.8771
0 -6.79394 -90.9443 52.8971
0 -6.97874 -90.8314 52.9172
0 -7.24897 -90.6543 52.9373
0 -7.57103 -90.4389 52.9571
0 -7.94462 -90.1926 52.9771
0 -8.27916 -89.9784 52.9971
0 -8.5152 -89.8246 53.0172
0 -8.65221 -89.7229 53.0372
0 -8.73442 -89.6618 53.0572
0 -8.78374 -89.6252 53.0772
0 -8.80873 -89.5937 53.0971
0 -8.81911 -89.5653 53.1171
0 -8.8407 -89.5309 53.1372
0 -8.85366 -89.5103 53.1571
0 -8.86143 -89.4979 53.1773
0 -8.86609 -89.4904 53.1971
0 -8.86889 -89.486 53.2173
0 -8.87057 -89.4833 53.2371
0 -8.89156 -89.4738 53.2573
0 -8.94413 -89.4523 53.2771
0 -9.03568 -89.4158 53.2973
0 -9.17069 -89.3624 53.3172
0 -9.34735 -89.2816 53.3372
0 -9.48889 -89.2079 53.3571
0 -9.57382 -89.1636 53.3772
0 -9.62477 -89.1371 53.3971
0 -9.65535 -89.1212 53.4172
0 -9.67369 -89.1116 53.4373
0 -9.74494 -89.0824 53.4572
0 -9.90377 -89.0084 53.4772
0 -10.0952 -88.9155 53.4973
0 -10.2504 -88.8441 53.5171
0 -10.3344 -88.7821 53.5372
0 -10.3802 -88.7353 53.5574
0 -10.3985 -88.688 53.5773
0 -10.4206 -88.6326 53.5972
0 -10.4495 -88.582 53.6172
0 -10.5228 -88.5186 53.6371
0 -10.6791 -88.4147 53.6573
0 -10.901 -88.269 53.6773
0 -11.2079 -88.0927 53.6972
0 -11.5414 -87.8961 53.7173
0 -11.8753 -87.7049 53.738
0 -12.1439 -87.5303 53.7572
0 -12.3484 -87.3636 53.7771
0 -12.4826 -87.2365 53.7972
0 -12.5586 -87.1504 53.8176
0 -12.6042 -87.0988 53.8373
0 -12.6315 -87.0679 53.8572
0 -12.6479 -87.0493 53.8773
0 -12.6578 -87.0381 53.8972
0 -12.6637 -87.0315 53.9172
0 -12.6672 -87.0274 53.9372
0 -12.6693 -87.025 53.9572
0 -12.6706 -87.0236 53.9774
0 -12.6623 -87.0033 53.9971
0 -12.6688 -86.964 54.0173
0 -12.6682 -86.9307 54.0371
0 -12.6679 -86.9107 54.0572
0 -12.6676 -86.8987 54.0773
0 -12.663 -86.8818 54.0971
0 -12.6762 -86.8543 54.1172
0 -12.675 -86.8183 54.1372
0 -12.6743 -86.7968 54.1572
0 -12.6899 -86.7664 54.1771
0 -12.7404 -86.7328 54.1972
0 -12.8277 -86.6798 54.2173
0 -12.9534 -86.5979 54.2383
0 -13.0976 -86.4888 54.2573
0 -13.237 -86.3808 54.2772
0 -13.3735 -86.2736 54.2972
0 -13.5129 -86.1765 54.3172
0 -13.6495 -86.0758 54.3372
0 -13.7639 -85.9805 54.3572
0 -13.8649 -85.8886 54.3772
0 -13.921 -85.8237 54.3972
0 -13.9502 -85.7749 54.4173
0 -13.9677 -85.7457 54.4372
0 -14.0404 -85.7052 54.4572
0 -14.1877 -85.6428 54.4772
0 -14.334 -85.5727 54.4972
0 -14.4841 -85.5078 54.5172
0 -14.5949 -85.4613 54.5372
0 -14.6822 -85.4258 54.5572
0 -14.7926 -85.372 54.5772
0 -14.9377 -85.2996 54.5972
0 -15.0739 -85.204 54.6172
0 -15.1885 -85.1118 54.6372
0 -15.2692 -85.0292 54.6572
0 -15.3296 -84.9525 54.6774
0 -15.3613 -84.8966 54.6972
0 -15.3714 -84.8434 54.7173
0 -15.4522 -84.7616 54.7372
0 -15.6264 -84.6672 54.7573
0 -15.8734 -84.548 54.7772
0 -16.1056 -84.4466 54.7972
0 -16.3036 -84.3534 54.8172
0 -16.4767 -84.2552 54.8372
0 -16.6305 -84.1442 54.8572
0 -16.7772 -84.0353 54.8772
0 -16.9241 -83.9378 54.8973
0 -17.0924 -83.8395 54.9172
0 -17.3115 -83.7161 54.9372
0 -17.5914 -83.5904 54.9572
0 -17.8824 -83.4608 54.9772
0 -18.1546 -83.3263 54.9972
0 -18.4156 -83.1889 55.0172
0 -18.6319 -83.0746 55.0372
0 -18.7999 -82.9813 55.0573
0 -18.8964 -82.9153 55.0772
0 -18.9542 -82.8757 55.0972
0 -18.989 -82.852 55.1173
0 -19.0054 -82.8277 55.1372
0 -19.0279 -82.7857 55.1572
0 -19.037 -82.7505 55.1772
0 -19.0381 -82.7193 55.1974
0 -19.0387 -82.7006 55.2172
0 -19.0605 -82.6821 55.2372
0 -19.1376 -82.6491 55.2572
0 -19.2438 -82.5974 55.2773
0 -19.3931 -82.5373 55.2972
0 -19.5685 -82.4722 55.3172
0 -19.7595 -82.4042 55.3373
0 -19.9557 -82.3245 55.3574
0 -20.181 -82.2407 55.3772
0 -20.4151 -82.1344 55.3973
0 -20.6591 -82.0247 55.4172
0 -20.8789 -81.8998 55.4372
0 -21.0584 -81.7628 55.4572
0 -21.1963 -81.6359 55.4772
0 -21.2835 -81.512 55.4972
0 -21.3834 -81.3756 55.5172
0 -21.4955 -81.242 55.5373
0 -21.6149 -81.1099 55.5572
0 -21.7214 -80.9962 55.5772
0 -21.8157 -80.8832 55.5972
0 -21.8986 -80.7606 55.6174
0 -21.9527 -80.6394 55.6372
0 -22.0158 -80.522 55.6572
0 -22.1104 -80.4099 55.6772
0 -22.2501 -80.3039 55.6973
0 -22.4171 -80.2018 55.7172
0 -22.6004 -80.102 55.7373
0 -22.7499 -80.0178 55.7572
0 -22.9187 -79.9187 55.7774
0 -23.0814 -79.8278 55.7972
0 -23.2626 -79.735 55.8172
0 -23.4287 -79.6378 55.8373
0 -23.6077 -79.531 55.8572
0 -23.7549 -79.4428 55.8776
0 -23.8829 -79.3656 55.8972
0 -23.9996 -79.2951 55.9175
0 -24.0787 -79.2152 55.9374
0 -24.103 -79.096 55.9572
0 -24.066 -78.93 55.9774
0 -24.0371 -78.7608 55.9972
0 -24.0536 -78.6045 56.0172
0 -24.1195 -78.4489 56.0372
0 -24.2189 -78.2646 56.0572
0 -24.3058 -78.0292 56.0774
0 -24.4137 -77.7864 56.0972
0 -24.468 -77.5997 56.1174
0 -24.4919 -77.467 56.1372
0 -24.4975 -77.3666 56.1573
0 -24.5145 -77.2786 56.1772
0 -24.5693 -77.2117 56.1972
0 -24.6201 -77.1542 56.2173
0 -24.6463 -77.1093 56.2373
0 -24.6532 -77.0616 56.2572
0 -24.6531 -77.0227 56.2773
0 -24.6709 -76.9819 56.2972
0 -24.6996 -76.9401 56.3173
0 -24.7528 -76.8802 56.3372
0 -24.8474 -76.8127 56.3573
0 -24.9402 -76.7375 56.3773
0 -25.0096 -76.6646 56.3973
0 -25.1054 -76.5687 56.4172
0 -25.2033 -76.4867 56.4373
0 -25.3206 -76.3958 56.4572
0 -25.4135 -76.3342 56.4774
0 -25.4873 -76.2799 56.4972
0 -25.5765 -76.2333 56.5173
0 -25.675 -76.1914 56.5374
0 -25.779 -76.1523 56.5573
0 -25.8414 -76.1288 56.5774
0 -25.897 -76.0974 56.5973
0 -25.9304 -76.0785 56.6172
0 -25.9504 -76.0672 56.6373
0 -25.9624 -76.0604 56.6574
0 -25.9696 -76.0563 56.6772
0 -25.9739 -76.0539 56.6972
0 -25.9765 -76.0524 56.7172
0 -25.9781 -76.0515 56.7372
0 -25.979 -76.051 56.7572
0 -26.0021 -76.0437 56.7774
0 -26.0159 -76.0393 56.7972
0 -26.0242 -76.0367 56.8173
0 -26.0292 -76.0351 56.8372
0 -26.0278 -76.0238 56.8572
0 -26.0452 -75.9997 56.8773
0 -26.0963 -75.9609 56.8973
0 -26.1677 -75.9133 56.9172
0 -26.2469 -75.8501 56.9373
0 -26.3309 -75.7775 56.9572
0 -26.3995 -75.7166 56.9773
0 -26.4633 -75.6731 56.9974
0 -26.5241 -75.6401 57.0173
0 -26.5606 -75.6203 57.0375
0 -26.5782 -75.598 57.0572
0 -26.607 -75.5673 57.0773
0 -26.6694 -75.535 57.0973
0 -26.7747 -75.4949 57.1173
0 -26.9284 -75.4433 57.1372
0 -27.1112 -75.3849 57.1573
0 -27.3115 -75.3225 57.1773
0 -27.4728 -75.2609 57.1973
0 -27.561 -75.2031 57.2172
0 -27.6096 -75.1579 57.2373
0 -27.6387 -75.1308 57.2573
0 -27.6562 -75.1146 57.2773
0 -27.6667 -75.1048 57.2976
0 -27.6687 -75.0885 57.3173
0 -27.6656 -75.0683 57.3372
0 -27.6637 -75.0561 57.3573
0 -27.6626 -75.0489 57.3772
0 -27.6619 -75.0445 57.3973
0 -27.6572 -75.0314 57.4172
0 -27.6544 -75.0236 57.4373
0 -27.6527 -75.0189 57.4574
0 -27.6517 -75.0161 57.4772
0 -27.6511 -75.0144 57.4973
0 -27.6464 -75.0029 57.5172
0 -27.6847 -74.9719 57.5373
0 -27.7716 -74.9224 57.5574
0 -27.8691 -74.8791 57.5773
0 -27.9917 -74.8222 57.5973
0 -28.1292 -74.7572 57.6173
0 -28.2943 -74.6702 57.6373
0 -28.4575 -74.5872 57.6573
0 -28.6382 -74.4895 57.6773
0 -28.8066 -74.3897 57.6973
0 -28.9263 -74.3126 57.7173
0 -28.9895 -74.2453 57.7373
0 -29.0189 -74.184 57.7573
0 -29.0236 -74.1158 57.7773
0 -29.0365 -74.0368 57.7975
0 -29.0857 -73.9654 57.8173
0 -29.1797 -73.8919 57.8373
0 -29.2547 -73.8306 57.8573
0 -29.36 -73.7527 57.8773
0 -29.4418 -73.6888 57.8973
0 -29.5053 -73.6228 57.9173
0 -29.5391 -73.5728 57.9374
0 -29.521 -73.4747 57.9573
0 -29.4376 -73.2903 57.9773
0 -29.3147 -73.054 57.9973
0 -29.224 -72.8158 58.0173
0 -29.1813 -72.6018 58.0373
0 -29.1413 -72.42 58.0573
0 -29.1042 -72.2789 58.0773
0 -29.0646 -72.1516 58.0973
0 -29.0276 -72.0434 58.1174
0 -28.9968 -71.9573 58.1373
0 -28.9782 -71.9056 58.1573
0 -28.9902 -71.8677 58.1773
0 -28.9974 -71.845 58.1973
0 -29.0248 -71.8245 58.2175
0 -29.0644 -71.8053 58.2373
0 -29.1113 -71.787 58.2574
0 -29.135 -71.7654 58.2773
0 -29.1493 -71.7524 58.2974
0 -29.1766 -71.7271 58.3173
0 -29.1886 -71.7014 58.3373
0 -29.1914 -71.6753 58.3573
0 -29.1931 -71.6597 58.3773
0 -29.1898 -71.6397 58.3973
0 -29.1878 -71.6277 58.4173
0 -29.1822 -71.6099 58.4373
0 -29.1789 -71.5992 58.4575
0 -29.1768 -71.5928 58.4774
0 -29.1756 -71.5889 58.4973
0 -29.1749 -71.5866 58.5175
0 -29.1701 -71.5746 58.5373
0 -29.1672 -71.5674 58.5573
0 -29.1655 -71.5631 58.5773
0 -29.1644 -71.5605 58.5975
0 -29.1638 -71.559 58.6173
0 -29.1634 -71.5581 58.6373
0 -29.1632 -71.5575 58.6573
0 -29.1631 -71.5572 58.6773
0 -29.163 -71.557 58.6974
0 -29.163 -71.5568 58.7174
0 -29.1861 -71.5499 58.7373
0 -29.2231 -71.5389 58.7573
0 -29.2453 -71.5323 58.7775
0 -29.2818 -71.5215 58.7973
0 -29.3268 -71.5082 58.8173
0 -29.377 -71.4933 58.8373
0 -29.4492 -71.4602 58.8573
0 -29.5156 -71.4334 58.8774
0 -29.6019 -71.4038 58.8973
0 -29.6768 -71.3792 58.9173
0 -29.745 -71.3577 58.9374
0 -29.8048 -71.3273 58.9573
0 -29.8595 -71.2917 58.9775
0 -29.9576 -71.2393 58.9973
0 -30.1285 -71.1635 59.0174
0 -30.3897 -71.0603 59.0373
0 -30.6603 -70.8941 59.0573
0 -30.9223 -70.7183 59.0773
0 -31.1322 -70.5501 59.0975
0 -31.2686 -70.4105 59.1173
0 -31.3695 -70.3094 59.1374
0 -31.4301 -70.2487 59.1574
0 -31.4664 -70.2123 59.1773
0 -31.4882 -70.1905 59.1973
0 -31.4969 -70.1667 59.2173
0 -31.5638 -70.1111 59.2373
0 -31.6656 -70.0365 59.2573
0 -31.7841 -69.9398 59.2774
0 -31.9127 -69.8299 59.2974
0 -32.0666 -69.6948 59.3175
0 -32.193 -69.5686 59.3373
0 -32.2942 -69.4264 59.3575
0 -32.4039 -69.2681 59.3774
0 -32.5293 -69.0617 59.3973
0 -32.7029 -68.7922 59.4173
0 -32.9011 -68.4747 59.4374
0 -33.1099 -68.1181 59.4573
0 -33.2864 -67.7727 59.4773
0 -33.4196 -67.4411 59.4973
0 -33.5358 -67.1388 59.5175
0 -33.6594 -66.8958 59.5374
0 -33.7965 -66.7092 59.5573
0 -33.9221 -66.5735 59.5774
0 -34.041 -66.4685 59.5974
0 -34.1079 -66.395 59.6174
0 -34.1631 -66.3235 59.6373
0 -34.2069 -66.2429 59.6573
0 -34.2723 -66.1604 59.6774
0 -34.3506 -66.0769 59.6973
0 -34.4221 -65.9786 59.7174
0 -34.4705 -65.7804 59.7373
0 -34.4807 -65.5286 59.7574
0 -34.4145 -65.2226 59.7773
0 -34.3071 -64.8524 59.7975
0 -34.1697 -64.4748 59.8173
0 -34.0186 -64.1031 59.8373
0 -33.8784 -63.7596 59.8573
0 -33.7743 -63.4615 59.8774
0 -33.6823 -63.2117 59.8974
0 -33.6171 -63.0158 59.9173
0 -33.6219 -62.8738 59.9374
0 -33.6688 -62.7643 59.9574
0 -33.712 -62.6705 59.9774
0 -33.7577 -62.5968 59.9976
0 -33.8094 -62.5456 60.0173
0 -33.8358 -62.5044 60.0374
0 -33.8714 -62.4621 60.0573
0 -33.9125 -62.4194 60.0773
0 -33.9569 -62.3762 60.0976
0 -34.0276 -62.3261 60.1173
0 -34.0852 -62.2679 60.1373
0 -34.1152 -62.2224 60.1573
0 -34.0991 -62.1132 60.1774
0 -34.0647 -61.9442 60.1974
0 -34.0239 -61.75 60.2174
0 -33.9746 -61.5298 60.2375
0 -33.9302 -61.3405 60.2574
0 -33.9132 -61.1628 60.2775
0 -33.9324 -61.0171 60.2973
0 -34.0126 -60.8983 60.3175
0 -34.0806 -60.8094 60.3373
0 -34.1367 -60.7279 60.3574
0 -34.1855 -60.6507 60.3774
0 -34.2102 -60.5937 60.3976
0 -34.2203 -60.5489 60.4174
0 -34.2264 -60.522 60.4375
0 -34.2546 -60.4989 60.4574
0 -34.2668 -60.4744 60.4774
0 -34.2894 -60.4316 60.4976
0 -34.3182 -60.3776 60.5174
0 -34.3799 -60.3208 60.5376
0 -34.4567 -60.2517 60.5574
0 -34.5427 -60.1752 60.5774
0 -34.6341 -60.0942 60.5974
0 -34.7131 -59.9702 60.6175
0 -34.7402 -59.8017 60.6374
0 -34.7409 -59.6172 60.6573
0 -34.7114 -59.434 60.6774
0 -34.6986 -59.2917 60.6976
0 -34.6959 -59.1739 60.7175
0 -34.7189 -59.0963 60.7373
0 -34.7774 -59.0252 60.7574
0 -34.8573 -58.9581 60.7774
0 -34.9747 -58.8864 60.7976
0 -35.0852 -58.8081 60.8174
0 -35.1669 -58.7329 60.8374
0 -35.236 -58.6701 60.8574
0 -35.2976 -58.6149 60.8774
0 -35.3546 -58.5642 60.8974
0 -35.4337 -58.5093 60.9175
0 -35.5509 -58.4452 60.9374
0 -35.6909 -58.3755 60.9574
0 -35.8308 -58.2704 60.9774
0 -36.0249 -58.1411 60.9974
0 -36.2223 -57.9936 61.0174
0 -36.3967 -57.842 61.0374
0 -36.5871 -57.6919 61.0574
0 -36.7668 -57.5602 61.0774
0 -36.9403 -57.4397 61.0975
0 -37.0896 -57.3432 61.1174
0 -37.1699 -57.1941 61.1375
0 -37.1883 -57.0307 61.1577
0 -37.1947 -56.852 61.1774
0 -37.2235 -56.668 61.1974
0 -37.3365 -56.4499 61.2174
0 -37.5106 -56.2158 61.2374
0 -37.7772 -55.9963 61.2574
0 -38.0996 -55.7857 61.2774
0 -38.4006 -55.5831 61.2974
0 -38.6682 -55.4028 61.3176
0 -38.8447 -55.2664 61.3374
0 -38.9411 -55.1629 61.3574
0 -38.9896 -55.0791 61.3774
0 -39.0186 -55.0289 61.3974
0 -39.0314 -54.9879 61.4174
0 -39.0296 -54.9418 61.4376
0 -39.0238 -54.9033 61.4574
0 -39.0203 -54.8802 61.4776
0 -39.0134 -54.8556 61.4974
0 -39.0046 -54.83 61.5177
0 -38.9442 -54.7463 61.5374
0 -38.8424 -54.6228 61.5574
0 -38.7002 -54.4599 61.5774
0 -38.5592 -54.2667 61.5974
0 -38.3885 -54.0512 61.6174
0 -38.2046 -53.8332 61.6374
0 -38.0789 -53.6158 61.6575
0 -37.988 -53.3986 61.6774
0 -37.9285 -53.1862 61.6975
0 -37.908 -53.003 61.7174
0 -37.9366 -52.8307 61.7375
0 -37.9641 -52.6605 61.7574
0 -37.9863 -52.4807 61.7774
0 -38 -52.3283 61.7975
0 -38.0135 -52.2035 61.8174
0 -38.0678 -52.104 61.8375
0 -38.1259 -52.0375 61.8574
0 -38.1815 -51.9799 61.8776
0 -38.21 -51.9343 61.8974
0 -38.2174 -51.8849 61.9174
0 -38.2122 -51.8333 61.9375
0 -38.2042 -51.7913 61.9574
0 -38.1994 -51.7662 61.9775
0 -38.1911 -51.7129 61.9974
0 -38.1605 -51.616 62.0174
0 -38.1008 -51.4772 62.0374
0 -38.0237 -51.3134 62.0574
0 -37.9259 -51.1569 62.0775
0 -37.8206 -51.0161 62.0974
0 -37.747 -50.8822 62.1176
0 -37.6824 -50.7752 62.1374
0 -37.6387 -50.6999 62.1576
0 -37.6076 -50.6436 62.1774
0 -37.6146 -50.6029 62.1975
0 -37.67 -50.5647 62.2174
0 -37.7497 -50.517 62.2374
0 -37.844 -50.4635 62.2574
0 -37.9421 -50.3955 62.2774
0 -38.0218 -50.3368 62.2974
0 -38.0904 -50.2836 62.3175
0 -38.1523 -50.2338 62.3374
0 -38.2054 -50.1749 62.3575
0 -38.2581 -50.1216 62.3775
0 -38.2799 -50.0675 62.3974
0 -38.2831 -50.013 62.4174
0 -38.2804 -49.9243 62.4374
0 -38.2377 -49.8174 62.4574
0 -38.1398 -49.6676 62.4774
0 -38.06 -49.4784 62.4974
0 -37.9912 -49.2654 62.5174
0 -37.9396 -49.0427 62.5374
0 -37.9397 -48.8232 62.5578
0 -37.9868 -48.6214 62.5775
0 -38.0876 -48.4685 62.5977
0 -38.169 -48.3587 62.6174
0 -38.2388 -48.2747 62.6377
0 -38.2966 -48.1953 62.6574
0 -38.3522 -48.1296 62.6777
0 -38.4065 -48.0722 62.6974
0 -38.4391 -48.0377 62.7175
0 -38.5105 -48.0033 62.7374
0 -38.5743 -47.9646 62.7574
0 -38.6854 -47.9097 62.7774
0 -38.794 -47.8408 62.7975
0 -38.9012 -47.7636 62.8176
0 -39.0385 -47.6857 62.8374
0 -39.163 -47.6031 62.8576
0 -39.3057 -47.5109 62.8774
0 -39.4075 -47.4266 62.8976
0 -39.5156 -47.3513 62.9174
0 -39.6016 -47.2883 62.9376
0 -39.6482 -47.2394 62.9575
0 -39.7022 -47.2033 62.9775
0 -39.7557 -47.1637 62.9974
0 -39.8089 -47.1222 63.0175
0 -39.893 -47.0837 63.0374
0 -40.0218 -47.0404 63.0574
0 -40.1985 -46.9765 63.0777
0 -40.3992 -46.8893 63.0975
0 -40.562 -46.8013 63.1175
0 -40.7333 -46.7175 63.1375
0 -40.8834 -46.6428 63.1575
0 -40.9948 -46.5803 63.1775
0 -41.114 -46.5296 63.1975
0 -41.2068 -46.4814 63.2181
0 -41.2887 -46.4459 63.2376
0 -41.3591 -46.4069 63.2585
0 -41.4226 -46.3658 63.2774
0 -41.482 -46.3234 63.2978
0 -41.5389 -46.2803 63.3181
0 -41.5944 -46.2367 63.3378
0 -41.6539 -46.204 63.358
0 -41.7372 -46.1602 63.3776
0 -41.8348 -46.1097 63.3974
0 -41.936 -46.0441 63.4178
0 -42.0131 -45.9759 63.438
0 -42.0807 -45.9174 63.4575
0 -42.1476 -45.8758 63.4775
0 -42.2091 -45.8332 63.4979
0 -42.2674 -45.79 63.5176
0 -42.3237 -45.7465 63.5378
0 -42.3953 -45.6741 63.5575
0 -42.481 -45.5955 63.5775
0 -42.5752 -45.5132 63.5978
0 -42.701 -45.4223 63.6178
0 -42.7929 -45.3391 63.6376
0 -42.8909 -45.2541 63.6579
0 -42.9712 -45.1856 63.6775
0 -43.0143 -45.1335 63.6977
0 -43.0352 -45.0911 63.7178
0 -43.0428 -45.0546 63.7376
0 -43.0423 -45.0217 63.7576
0 -43.0635 -44.9844 63.7776
0 -43.1506 -44.9317 63.7975
0 -43.2508 -44.8762 63.8175
0 -43.3489 -44.797 63.8375
0 -43.4242 -44.7209 63.8575
0 -43.4594 -44.6533 63.8775
0 -43.4755 -44.6016 63.8975
0 -43.4802 -44.5597 63.9176
0 -43.4779 -44.5235 63.9383
0 -43.5031 -44.4954 63.9575
0 -43.5397 -44.4611 63.9776
0 -43.5567 -44.4295 63.9975
0 -43.5726 -44.3761 64.0175
0 -43.5515 -44.2647 64.0375
0 -43.4923 -44.1013 64.0575
0 -43.3836 -43.9132 64.0778
0 -43.2925 -43.7318 64.0976
0 -43.196 -43.5669 64.1175
0 -43.1015 -43.4229 64.1375
0 -42.987 -43.2634 64.1576
0 -42.8821 -43.0769 64.1775
0 -42.8039 -42.9023 64.1975
0 -42.7518 -42.7865 64.2175
0 -42.7154 -42.706 64.2375
0 -42.6885 -42.6466 64.2577
0 -42.6672 -42.5999 64.2775
0 -42.6493 -42.5609 64.2975
0 -42.6386 -42.5375 64.3176
0 -42.6322 -42.5235 64.3376
0 -42.6232 -42.504 64.3576
0 -42.6178 -42.4923 64.3776
0 -42.6094 -42.4743 64.3975
0 -42.6044 -42.4635 64.4176
0 -42.6014 -42.457 64.4378
0 -42.5996 -42.4531 64.4576
0 -42.5934 -42.4398 64.4776
0 -42.5845 -42.4208 64.4976
0 -42.5689 -42.3874 64.5175
0 -42.5493 -42.3454 64.5376
0 -42.5272 -42.2983 64.5576
0 -42.5089 -42.2591 64.5775
0 -42.4501 -42.1842 64.5977
0 -42.3459 -42.06 64.6176
0 -42.2036 -41.9 64.6377
0 -42.0383 -41.7188 64.6575
0 -41.875 -41.5419 64.6775
0 -41.729 -41.3848 64.6976
0 -41.5933 -41.2395 64.7175
0 -41.4797 -41.1184 64.7376
0 -41.3955 -41.0288 64.7576
0 -41.3289 -40.958 64.7776
0 -41.2729 -40.8986 64.7975
0 -41.2071 -40.829 64.8175
0 -41.1193 -40.7364 64.8375
0 -41.0183 -40.6301 64.8575
0 -40.9041 -40.5044 64.8775
0 -40.7872 -40.3782 64.8976
0 -40.6847 -40.2688 64.9177
0 -40.5694 -40.1412 64.9375
0 -40.4841 -40.0478 64.9576
0 -40.3952 -39.9467 64.9776
0 -40.3367 -39.8749 64.9976
0 -40.2962 -39.8205 65.0176
0 -40.272 -39.7878 65.0376
0 -40.2522 -39.757 65.0577
0 -40.2403 -39.7385 65.0776
0 -40.2332 -39.7274 65.0975
0 -40.2236 -39.7095 65.1175
0 -40.1912 -39.7058 65.1375
0 -40.1397 -39.6993 65.1575
0 -40.082 -39.7025 65.1776
0 -40.0207 -39.7114 65.1976
0 -39.9572 -39.7238 65.2176
0 -39.8923 -39.7383 65.2376
0 -39.8 -39.7611 65.2576
0 -39.7446 -39.7748 65.2776
0 -39.6846 -39.7901 65.2975
0 -39.6 -39.7487 65.3176
0 -39.4196 -39.6189 65.3376
0 -39.187 -39.4475 65.3576
0 -38.9064 -39.2347 65.3776
0 -38.6028 -39.038 65.3976
0 -38.2861 -38.8806 65.4176
0 -38.0426 -38.8009 65.4377
0 -37.8164 -38.7751 65.4577
0 -37.6274 -38.7744 65.4777
0 -37.4552 -38.7775 65.4975
0 -37.2986 -38.7942 65.5176
0 -37.1514 -38.8192 65.5377
0 -36.9831 -38.8565 65.5577
0 -36.7757 -38.9089 65.5777
0 -36.5183 -38.9781 65.5976
0 -36.2577 -39.0499 65.6177
0 -35.9686 -39.1311 65.6376
0 -35.6625 -39.2182 65.6576
0 -35.3465 -39.309 65.6776
0 -35.0246 -39.4023 65.6976
0 -34.7258 -39.4895 65.7176
0 -34.4672 -39.5653 65.7375
0 -34.2275 -39.6233 65.7577
0 -34.0045 -39.6817 65.7776
0 -33.7652 -39.7485 65.7977
0 -33.5164 -39.8204 65.8176
0 -33.2618 -39.8954 65.8376
0 -33.0564 -39.9565 65.8577
0 -32.9332 -39.9932 65.8776
0 -32.8593 -40.0152 65.8977
0 -32.8149 -40.0284 65.9176
0 -32.7883 -40.0363 65.9377
0 -32.7723 -40.041 65.9576
0 -32.7628 -40.0439 65.9778
0 -32.757 -40.0456 65.9976
0 -32.7536 -40.0466 66.0178
0 -32.7515 -40.0472 66.0376
0 -32.7503 -40.0476 66.0578
0 -32.7495 -40.0478 66.0776
0 -32.7491 -40.0479 66.0977
0 -32.7488 -40.048 66.1176
0 -32.7486 -40.0481 66.1376
0 -32.7485 -40.0481 66.1576
0 -32.7485 -40.0481 66.1777
0 -32.7484 -40.0481 66.1976
0 -32.7484 -40.0481 66.2176
0 -32.7221 -40.0562 66.2376
0 -32.6801 -40.069 66.2577
0 -32.6285 -40.0848 66.2776
0 -32.5714 -40.1023 66.2976
0 -32.479 -40.118 66.3177
0 -32.3449 -40.1517 66.3376
0 -32.2119 -40.1882 66.3577
0 -32.0535 -40.2345 66.3776
0 -31.8798 -40.2868 66.3976
0 -31.697 -40.3427 66.4176
0 -31.5873 -40.3763 66.4377
0 -31.5215 -40.3964 66.4578
0 -31.482 -40.4085 66.4776
0 -31.4322 -40.424 66.4976
0 -31.4022 -40.4333 66.5176
0 -31.3843 -40.4388 66.5378
0 -31.3735 -40.4422 66.5576
0 -31.3615 -40.4333 66.5776
0 -31.3544 -40.428 66.5976
0 -31.3501 -40.4248 66.6178
0 -31.3213 -40.4311 66.6376
0 -31.2517 -40.4514 66.6576
0 -31.1838 -40.4718 66.6776
0 -31.1169 -40.4923 66.6976
0 -31.0506 -40.5129 66.7176
0 -31.0108 -40.5252 66.7376
0 -30.987 -40.5326 66.7576
0 -30.9727 -40.5371 66.7776
0 -30.9586 -40.5289 66.7976
0 -30.9501 -40.524 66.8176
0 -30.8953 -40.4728 66.8376
0 -30.7907 -40.3669 66.8576
0 -30.6393 -40.2121 66.8777
0 -30.4393 -40.0474 66.8976
0 -30.1813 -39.9502 66.9176
0 -29.8736 -39.9074 66.9376
0 -29.6312 -39.8878 66.9576
0 -29.4336 -39.8931 66.9776
0 -29.2628 -39.9134 66.9976
0 -29.0821 -39.9512 67.0176
0 -28.8955 -39.9996 67.0378
0 -28.7054 -40.0545 67.0577
0 -28.4872 -40.122 67.0776
0 -28.2263 -40.2059 67.0976
0 -27.888 -40.3173 67.1178
0 -27.4777 -40.4545 67.1376
0 -27.0245 -40.6076 67.1576
0 -26.5201 -40.7799 67.1776
0 -25.9184 -40.9019 67.1978
0 -25.2508 -40.9548 67.2176
0 -24.4931 -40.9212 67.2377
0 -23.715 -40.8682 67.2576
0 -22.9503 -40.7955 67.2776
0 -22.2019 -40.7521 67.2976
0 -21.4975 -40.7577 67.3176
0 -20.8538 -40.8234 67.3377
0 -20.264 -40.941 67.3576
0 -19.656 -41.1098 67.3776
0 -18.9872 -41.3301 67.3977
0 -18.2826 -41.5824 67.4176
0 -17.5324 -41.8652 67.4376
0 -16.7626 -42.0782 67.4576
0 -15.9207 -42.1674 67.4778
0 -15.1186 -42.1281 67.4976
0 -14.4148 -41.9814 67.5178
0 -13.8716 -41.7928 67.5376
0 -13.4687 -41.6473 67.5576
0 -13.2097 -41.5456 67.5777
0 -13.0292 -41.4953 67.5976
0 -12.8709 -41.4863 67.6176
0 -12.6758 -41.5236 67.6378
0 -12.4089 -41.6101 67.6577
0 -12.0493 -41.7479 67.6776
0 -11.6344 -41.9171 67.6978
0 -11.1619 -42.1164 67.7176
0 -10.6554 -42.3344 67.7376
0 -10.1783 -42.5422 67.7576
0 -9.71919 -42.7441 67.7779
0 -9.2958 -42.9318 67.7976
0 -8.89405 -43.1113 67.8176
0 -8.50551 -43.286 67.8376
0 -8.12511 -43.4581 67.8576
0 -7.74981 -43.629 67.8776
0 -7.35333 -43.8106 67.8978
0 -6.94445 -43.9991 67.9179
0 -6.50406 -44.2035 67.9376
0 -6.04515 -44.4179 67.9576
0 -5.58235 -44.6135 67.9776
0 -5.12044 -44.7096 67.9978
0 -4.659 -44.7463 68.0176
0 -4.16278 -44.7212 68.0377
0 -3.68062 -44.6864 68.0576
0 -3.18268 -44.6581 68.0776
0 -2.73486 -44.614 68.0976
0 -2.35856 -44.5968 68.1176
0 -2.06693 -44.5972 68.1379
0 -1.84373 -44.6214 68.1576
0 -1.7035 -44.6261 68.1779
0 -1.61936 -44.6289 68.1976
0 -1.56888 -44.6307 68.218
0 -1.53859 -44.6317 68.2377
0 -1.52042 -44.6323 68.2578
0 -1.50951 -44.6327 68.2776
0 -1.50297 -44.6329 68.2978
0 -1.49905 -44.633 68.3178
0 -1.49669 -44.6331 68.3376
0 -1.49528 -44.6331 68.3577
0 -1.47033 -44.6451 68.3776
0 -1.43126 -44.6643 68.3977
0 -1.40782 -44.6758 68.4177
0 -1.34558 -44.7067 68.4378
0 -1.27784 -44.7275 68.4576
0 -1.18273 -44.7543 68.4776
0 -1.11934 -44.7608 68.4978
0 -1.06233 -44.7356 68.5177
0 -0.996447 -44.6724 68.5376
0 -0.906161 -44.5577 68.5576
0 -0.736795 -44.3692 68.5777
0 -0.532495 -44.1556 68.5977
0 -0.308509 -43.9421 68.6176
0 -0.078963 -43.7385 68.6377
0 0.12985 -43.5635 68.6577
0 0.308499 -43.419 68.6776
0 0.451286 -43.306 68.6977
0 0.554763 -43.225 68.7178
0 0.61685 -43.1764 68.7377
0 0.660532 -43.1377 68.7576
0 0.686741 -43.1145 68.7777
0 0.702466 -43.1005 68.7976
0 0.718333 -43.0826 68.8177
0 0.727852 -43.0718 68.8382
0 0.739997 -43.0558 68.8578
0 0.753719 -43.0366 68.8777
0 0.774826 -43.006 68.8976
0 0.793929 -42.9782 68.9176
0 0.818275 -42.9424 68.9378
0 0.845772 -42.9019 68.9577
0 0.928685 -42.819 68.9778
0 1.08065 -42.6844 68.9976
0 1.27421 -42.5188 69.0178
0 1.53523 -42.2989 69.0376
0 1.84357 -42.037 69.0577
0 2.17572 -41.7442 69.078
0 2.49789 -41.4554 69.0976
0 2.78311 -41.2014 69.1176
0 3.00847 -41.0097 69.1377
0 3.19795 -40.8556 69.1577
0 3.37254 -40.7146 69.1778
0 3.55637 -40.5683 69.1976
0 3.74583 -40.4191 69.2177
0 3.93216 -40.2777 69.2377
0 4.11666 -40.1411 69.2579
0 4.27038 -40.0237 69.2777
0 4.38081 -39.9404 69.2976
0 4.45369 -39.8808 69.3176
0 4.50405 -39.8354 69.3377
0 4.5409 -39.7985 69.3576
0 4.56963 -39.7668 69.3777
0 4.59351 -39.7382 69.3977
0 4.61447 -39.7115 69.4179
0 4.64032 -39.6763 69.4377
0 4.66247 -39.6457 69.4577
0 4.6824 -39.6177 69.4777
0 4.70764 -39.5819 69.4977
0 4.72943 -39.5509 69.5177
0 4.7558 -39.5132 69.5376
0 4.77827 -39.4812 69.5577
0 4.80506 -39.4429 69.5777
0 4.88918 -39.3621 69.5977
0 4.98284 -39.2781 69.6177
0 5.10719 -39.1698 69.6378
0 5.22506 -39.0694 69.6577
0 5.29578 -39.0092 69.6777
0 5.34489 -38.9636 69.6977
0 5.37436 -38.9362 69.7177
0 5.39872 -38.9103 69.7377
0 5.42003 -38.8853 69.7577
0 5.4395 -38.8609 69.7778
0 5.45118 -38.8462 69.7977
0 5.45819 -38.8374 69.8177
0 5.46908 -38.8227 69.8377
0 5.4823 -38.8044 69.8577
0 5.49693 -38.7841 69.8778
0 5.50571 -38.7718 69.8977
0 5.51766 -38.7551 69.9177
0 5.52484 -38.745 69.9367
0 5.53584 -38.7296 69.9566
0 5.54244 -38.7203 69.9767
0 5.55309 -38.7053 69.9967
0 5.56618 -38.687 70.0167
0 5.57404 -38.676 70.0367
0 5.58545 -38.66 70.0567
0 5.59229 -38.6504 70.0767
0 5.6031 -38.6352 70.0967
0 5.61629 -38.6168 70.1169
0 5.6309 -38.5963 70.1367
0 5.63967 -38.5841 70.1567
0 5.65164 -38.5674 70.1768
0 5.65882 -38.5574 70.1968
0 5.63885 -38.5381 70.2167
0 5.63358 -38.5172 70.2367
0 5.60614 -38.4914 70.2567
0 5.59638 -38.4665 70.2767
0 5.59723 -38.4423 70.2967
0 5.59774 -38.4277 70.3167
0 5.59805 -38.419 70.3367
0 5.59823 -38.4138 70.3568
0 5.58077 -38.388 70.3767
0 5.57029 -38.3726 70.3967
0 5.564 -38.3633 70.4168
0 5.56693 -38.3484 70.4367
0 5.56869 -38.3395 70.4567
0 5.56975 -38.3341 70.4774
0 5.57039 -38.3309 70.4968
0 5.57077 -38.329 70.5167
0 5.57099 -38.3278 70.5367
0 5.57113 -38.3272 70.5567
0 5.57121 -38.3267 70.5767
0 5.57126 -38.3265 70.5967
1 5.57134 -38.3261 71.2767
1 5.57134 -38.3261 71.2967
1 5.57134 -38.3261 71.3167
1 5.57134 -38.3261 71.3367
1 5.57134 -38.3261 71.3567
1 5.57134 -38.3261 71.3767
1 5.57134 -38.3261 71.397
1 5.57134 -38.3261 71.4167
1 5.57134 -38.3261 71.4368
1 5.60234 -38.3301 71.4567
1 5.64522 -38.3457 71.4767
1 5.7195 -38.3818 71.4967
1 5.8193 -38.4207 71.5169
1 5.95192 -38.4841 71.5368
1 6.12839 -38.5756 71.5569
1 6.36199 -38.6882 71.5767
1 6.62297 -38.8229 71.5968
1 6.90022 -38.971 71.6167
1 7.16299 -39.1139 71.6367
1 7.36882 -39.2266 71.6567
1 7.56453 -39.3348 71.6767
1 7.75411 -39.4404 71.6967
1 7.97073 -39.549 71.7167
1 8.19672 -39.6685 71.7367
1 8.4522 -39.8084 71.7567
1 8.74912 -39.9743 71.7768
1 9.04681 -40.1424 71.7969
1 9.36316 -40.2992 71.8167
1 9.76548 -40.3636 71.8367
1 10.2073 -40.3556 71.8567
1 10.6861 -40.266 71.8769
1 11.2721 -40.1315 71.8967
1 11.9362 -39.9327 71.9167
1 12.6292 -39.7094 71.937
1 13.3709 -39.478 71.9568
1 14.0979 -39.2765 71.9767
1 14.8027 -39.1326 71.9967
1 15.4308 -39.0887 72.0167
1 16.0177 -39.1318 72.0367
1 16.5489 -39.2421 72.057
1 17.0394 -39.4022 72.0767
1 17.4512 -39.572 72.0969
1 17.8298 -39.7097 72.1167
1 18.2072 -39.8167 72.1368
1 18.6026 -39.8942 72.1567
1 19.0089 -39.9542 72.1767
1 19.4476 -39.9839 72.1969
1 19.8798 -40.0163 72.2167
1 20.3313 -40.0656 72.2368
1 20.7782 -40.1017 72.2567
1 21.2266 -40.1566 72.277
1 21.6412 -40.1904 72.2967
1 22.0165 -40.2231 72.3167
1 22.3873 -40.2442 72.3367
1 22.7321 -40.2434 72.3568
1 23.0466 -40.267 72.3768
1 23.3618 -40.2944 72.3968
1 23.6655 -40.3264 72.417
1 23.9702 -40.3329 72.4367
1 24.2525 -40.3089 72.4569
1 24.5443 -40.2822 72.4767
1 24.811 -40.2668 72.4968
1 25.0435 -40.2691 72.5167
1 25.2673 -40.2802 72.5369
1 25.4932 -40.2878 72.5596
1 25.69 -40.2866 72.5767
1 25.8537 -40.2556 72.5967
1 26.0323 -40.2207 72.6168
1 26.2273 -40.1746 72.6367
1 26.4249 -40.1309 72.6568
1 26.6577 -40.0602 72.6768
1 26.9084 -40.0089 72.6969
1 27.1624 -39.9783 72.7168
1 27.4451 -39.9408 72.7368
1 27.7183 -39.9188 72.7569
1 28.0126 -39.887 72.7767
1 28.3158 -39.8231 72.7968
1 28.6246 -39.7402 72.8167
1 28.9598 -39.6622 72.8367
1 29.2685 -39.5816 72.8568
1 29.5809 -39.4893 72.8768
1 29.9185 -39.4066 72.8968
1 30.2787 -39.3209 72.9168
1 30.5531 -39.2392 72.9369
1 30.7641 -39.1611 72.9567
1 30.9135 -39.1305 72.9768
1 31.0334 -39.1196 72.9968
1 31.1356 -39.1205 73.0169
1 31.2272 -39.1284 73.0368
1 31.3353 -39.1571 73.057
1 31.423 -39.1907 73.0768
1 31.4984 -39.2273 73.0968
1 31.5739 -39.2568 73.1168
1 31.6494 -39.282 73.1368
1 31.7478 -39.3212 73.1567
1 31.8598 -39.3688 73.1769
1 31.9961 -39.385 73.1967
1 32.1591 -39.3812 73.2168
1 32.3846 -39.3368 73.2368
1 32.6509 -39.2948 73.2568
1 32.9191 -39.2379 73.2769
1 33.184 -39.2075 73.2974
1 33.4155 -39.2039 73.3169
1 33.6237 -39.19 73.3368
1 33.8179 -39.17 73.3569
1 33.9811 -39.1297 73.3768
1 34.1257 -39.0771 73.3969
1 34.2666 -39.0084 73.4168
1 34.4206 -38.9557 73.4369
1 34.5989 -38.8764 73.4568
1 34.7527 -38.8006 73.477
1 34.8918 -38.7269 73.4968
1 35.0251 -38.6811 73.517
1 35.1323 -38.6352 73.5368
1 35.242 -38.6415 73.557
1 35.3607 -38.6703 73.5768
1 35.4847 -38.7127 73.5969
1 35.6346 -38.7804 73.6169
1 35.7699 -38.8549 73.6368
1 35.9234 -38.9154 73.6568
1 36.1047 -38.9312 73.6768
1 36.283 -38.9299 73.6968
1 36.452 -38.9271 73.7168
1 36.6182 -38.9501 73.7368
1 36.7904 -38.9799 73.7568
1 36.9782 -39.0131 73.7768
1 37.1407 -39.0321 73.7968
1 37.3106 -39.0597 73.8168
1 37.4547 -39.084 73.8369
1 37.6136 -39.1149 73.8568
1 37.7709 -39.1319 73.8768
1 37.9075 -39.15 73.8969
1 38.0815 -39.168 73.9168
1 38.2281 -39.1867 73.9368
1 38.3462 -39.2066 73.9568
1 38.4367 -39.2093 73.9768
1 38.5108 -39.2015 73.9968
1 38.5629 -39.1883 74.0168
1 38.6017 -39.1717 74.0368
1 38.625 -39.1618 74.0568
1 38.639 -39.1558 74.0769
1 38.6474 -39.1522 74.0969
1 38.6524 -39.1501 74.117
1 38.6555 -39.1488 74.1368
1 38.6573 -39.148 74.157
1 38.6584 -39.1476 74.1768
0 38.4725 -39.0026 75.0968
0 38.4126 -38.9564 75.117
0 38.3766 -38.9288 75.1368
0 38.355 -38.9122 75.1571
0 38.342 -38.9022 75.1769
0 38.3118 -38.8789 75.1971
0 38.2711 -38.8477 75.2169
0 38.2092 -38.7857 75.2368
0 38.1269 -38.714 75.2568
0 38.0401 -38.6278 75.2768
0 37.9654 -38.5588 75.297
0 37.9056 -38.4915 75.3168
0 37.8773 -38.4425 75.337
0 37.8529 -38.3785 75.3568
0 37.8232 -38.3142 75.3768
0 37.8206 -38.2583 75.397
0 37.804 -38.1989 75.4168
0 37.7867 -38.1287 75.4368
0 37.7688 -38.0521 75.4569
0 37.728 -37.9544 75.4768
0 37.6507 -37.8267 75.497
0 37.5667 -37.6638 75.5169
0 37.4483 -37.4712 75.5368
0 37.3166 -37.2522 75.5569
0 37.1618 -36.9915 75.5768
0 37.0308 -36.749 75.5968
0 36.8761 -36.4744 75.6168
0 36.7221 -36.2064 75.6369
0 36.6251 -35.8854 75.6572
0 36.5622 -35.5323 75.6769
0 36.535 -35.1858 75.6969
0 36.5461 -34.8057 75.7168
0 36.5988 -34.4587 75.7369
0 36.6594 -34.1688 75.757
0 36.708 -33.9503 75.7768
0 36.7524 -33.802 75.797
0 36.7637 -33.6869 75.8168
0 36.7856 -33.6008 75.837
0 36.8065 -33.5406 75.8569
0 36.819 -33.5044 75.8769
0 36.8341 -33.4742 75.8969
0 36.8508 -33.4475 75.9169
0 36.8454 -33.4055 75.9369
0 36.8267 -33.3542 75.9571
0 36.7769 -33.28 75.9769
0 36.7161 -33.1834 75.997
0 36.6641 -33.0994 76.0169
0 36.6406 -33.0405 76.0369
0 36.6265 -33.0052 76.057
0 36.618 -32.984 76.0769
0 36.5898 -32.9538 76.0969
0 36.5805 -32.9272 76.117
0 36.5362 -32.8677 76.1368
0 36.4866 -32.8145 76.1569
0 36.4412 -32.7566 76.1771
0 36.3677 -32.6869 76.1969
0 36.3004 -32.6276 76.217
0 36.2213 -32.5485 76.2369
0 36.1274 -32.4662 76.2569
0 36.0323 -32.3733 76.2769
0 35.9596 -32.2916 76.2971
0 35.8771 -32.1992 76.3169
0 35.8397 -32.099 76.337
0 35.8461 -31.9564 76.3569
0 35.8712 -31.7968 76.3771
0 35.9032 -31.6632 76.3969
0 35.95 -31.5643 76.4169
0 35.9625 -31.4789 76.4374
0 35.9776 -31.4191 76.457
0 35.9711 -31.3572 76.4769
0 35.9747 -31.3115 76.4969
0 35.9613 -31.258 76.5169
0 35.9376 -31.1998 76.537
0 35.9 -31.1474 76.5569
0 35.8851 -31.1074 76.5771
0 35.8838 -31.0749 76.5969
0 35.8673 -31.0293 76.6171
0 35.8574 -31.002 76.6369
0 35.8358 -30.9596 76.657
0 35.8305 -30.9256 76.6769
0 35.8192 -30.8706 76.6976
0 35.8201 -30.8292 76.7206
0 35.8283 -30.7958 76.7369
0 35.8408 -30.7674 76.7569
0 35.8403 -30.7158 76.7769
0 35.8009 -30.6413 76.7969
0 35.7768 -30.5537 76.8169
0 35.7232 -30.4575 76.837
0 35.6753 -30.3739 76.8569
0 35.6308 -30.2977 76.8769
0 35.6117 -30.2435 76.8969
0 35.608 -30.2026 76.9169
0 35.6133 -30.1697 76.9369
0 35.6242 -30.1415 76.9569
0 35.6307 -30.1246 76.977
0 35.6347 -30.1145 76.9969
0 35.6212 -30.0824 77.017
0 35.5974 -30.0372 77.0369
0 35.5439 -29.9665 77.057
0 35.4725 -29.8806 77.0769
0 35.3904 -29.7855 77.0969
0 35.3253 -29.7025 77.117
0 35.2469 -29.6092 77.1369
0 35.184 -29.5272 77.1569
0 35.1472 -29.4135 77.177
0 35.1782 -29.2148 77.1969
0 35.2146 -28.9924 77.2169
0 35.298 -28.7629 77.2371
0 35.3702 -28.4853 77.2569
0 35.4592 -28.1966 77.2769
0 35.5145 -27.8938 77.2969
0 35.525 -27.6296 77.3172
0 35.5119 -27.4166 77.3369
0 35.4643 -27.2449 77.3569
0 35.3961 -27.098 77.3771
0 35.3153 -26.9659 77.3969
0 35.2508 -26.8604 77.4171
0 35.1723 -26.7531 77.4369
0 35.1015 -26.6711 77.457
0 35.0667 -26.6134 77.4769
0 35.0297 -26.5525 77.4969
0 34.9914 -26.4897 77.5169
0 34.9523 -26.4258 77.5369
0 34.9408 -26.3421 77.5569
0 34.9346 -26.2268 77.5769
0 34.9274 -26.1293 77.5972
0 34.9231 -26.0709 77.6169
0 34.9282 -26.0272 77.6372
0 34.9313 -26.001 77.6569
0 34.917 -25.959 77.6771
0 34.9161 -25.9253 77.6969
0 34.8995 -25.8788 77.7172
0 34.8895 -25.8509 77.7369
0 34.8596 -25.8165 77.757
0 34.7941 -25.7605 77.7769
0 34.7385 -25.7006 77.7971
0 34.7171 -25.6193 77.8169
0 34.7288 -25.5229 77.8369
0 34.7807 -25.4069 77.8571
0 34.8202 -25.2634 77.8769
0 34.865 -25.1014 77.8969
0 34.8799 -24.9409 77.917
0 34.8486 -24.8005 77.9369
0 34.7897 -24.6722 77.9571
0 34.7304 -24.5774 77.9769
0 34.6785 -24.4943 77.9969
0 34.6312 -24.4181 78.017
0 34.6104 -24.3638 78.037
0 34.598 -24.3312 78.057
0 34.5666 -24.2939 78.0769
0 34.5314 -24.2452 78.0969
0 34.4941 -24.1897 78.1171
0 34.4476 -24.1387 78.1369
0 34.4275 -24.0995 78.1569
0 34.3914 -24.0582 78.1769
0 34.3774 -24.0249 78.1969
0 34.3768 -23.9964 78.2171
0 34.3764 -23.9792 78.2369
0 34.3839 -23.9604 78.257
0 34.3883 -23.9491 78.277
0 34.3747 -23.916 78.2969
0 34.3425 -23.8784 78.3169
0 34.335 -23.8103 78.3369
0 34.326 -23.6975 78.3569
0 34.3324 -23.5841 78.3769
0 34.3517 -23.4991 78.3974
0 34.3632 -23.4481 78.4169
0 34.3779 -23.409 78.4369
0 34.419 -23.3291 78.4569
0 34.4801 -23.1876 78.4769
0 34.5568 -23.0377 78.4969
0 34.6352 -22.8913 78.5169
0 34.6941 -22.7578 78.537
0 34.713 -22.6514 78.5571
0 34.7003 -22.5696 78.577
0 34.6521 -22.4764 78.5969
0 34.6068 -22.3941 78.6169
0 34.5632 -22.3184 78.6369
0 34.5206 -22.2467 78.6571
0 34.4992 -22.1664 78.6769
0 34.5109 -22.0701 78.6972
0 34.5631 -21.9532 78.717
0 34.6397 -21.8241 78.7369
0 34.7144 -21.6611 78.7571
0 34.7994 -21.4981 78.7771
0 34.8304 -21.3451 78.797
0 34.8082 -21.2089 78.817
0 34.7542 -21.0828 78.8369
0 34.6938 -20.9603 78.8569
0 34.6617 -20.8494 78.877
0 34.6465 -20.7455 78.8971
0 34.6452 -20.6747 78.9169
0 34.6444 -20.6322 78.9372
0 34.6516 -20.5982 78.9569
0 34.6638 -20.5694 78.9769
0 34.671 -20.552 78.997
0 34.6754 -20.5417 79.0171
0 34.6615 -20.509 79.0369
0 34.6532 -20.4894 79.0569
0 34.6239 -20.4597 79.077
0 34.5897 -20.4154 79.097
0 34.5449 -20.3709 79.117
0 34.5015 -20.3177 79.137
0 34.4589 -20.2594 79.1572
0 34.4333 -20.2245 79.177
0 34.418 -20.2035 79.197
0 34.4088 -20.1909 79.217
0 34.3867 -20.1569 79.237
0 34.3812 -20.1281 79.257
0 34.3856 -20.1023 79.2769
0 34.3883 -20.0869 79.297
0 34.3977 -20.0692 79.3171
0 34.379 -20.0406 79.3369
0 34.3434 -20.0055 79.357
0 34.3054 -19.958 79.3769
0 34.2417 -19.8852 79.397
0 34.1702 -19.7888 79.4171
0 34.1107 -19.7045 79.4369
0 34.0661 -19.6192 79.457
0 34.006 -19.5153 79.477
0 33.9534 -19.4266 79.497
0 33.8806 -19.3291 79.517
0 33.8281 -19.2359 79.537
0 33.7876 -19.1453 79.5572
0 33.7751 -19.045 79.5771
0 33.7922 -18.936 79.597
0 33.8232 -18.7927 79.617
0 33.8705 -18.6203 79.6371
0 33.895 -18.4876 79.657
0 33.9099 -18.3412 79.677
0 33.9228 -18.2158 79.697
0 33.9216 -18.1056 79.7169
0 33.9041 -18.0132 79.737
0 33.8768 -17.9313 79.7569
0 33.8604 -17.8821 79.777
0 33.8338 -17.8263 79.797
0 33.8179 -17.7927 79.817
0 33.8083 -17.7726 79.837
0 33.8104 -17.7522 79.857
0 33.8116 -17.7399 79.877
0 33.7955 -17.7061 79.897
0 33.7859 -17.6859 79.9172
0 33.7879 -17.6654 79.937
0 33.7891 -17.6531 79.957
0 33.7899 -17.6457 79.977
0 33.7903 -17.6412 79.997
0 33.7983 -17.6302 80.0173
0 33.8032 -17.6236 80.037
0 33.8061 -17.6197 80.057
0 33.8078 -17.6173 80.0773
0 33.7843 -17.5978 80.097
0 33.7779 -17.5778 80.1171
0 33.7741 -17.5658 80.137
0 33.7551 -17.5322 80.157
0 33.7268 -17.4857 80.1771
0 33.6685 -17.4134 80.1971
0 33.6166 -17.3437 80.217
0 33.5609 -17.2838 80.237
0 33.5028 -17.2299 80.257
0 33.4265 -17.1532 80.277
0 33.3469 -17.0545 80.297
0 33.2577 -16.9509 80.317
0 33.195 -16.8542 80.337
0 33.108 -16.7601 80.357
0 33.0389 -16.6774 80.377
0 32.948 -16.5918 80.397
0 32.8518 -16.4962 80.4171
0 32.7771 -16.4125 80.437
0 32.7323 -16.3623 80.4571
0 32.7132 -16.3238 80.477
0 32.7018 -16.3008 80.4972
0 32.7027 -16.2786 80.517
0 32.711 -16.257 80.537
0 32.7238 -16.2358 80.557
0 32.7315 -16.223 80.577
0 32.7361 -16.2153 80.5972
0 32.7545 -16.1942 80.6171
0 32.7733 -16.1732 80.6371
0 32.7924 -16.1524 80.657
0 32.8116 -16.1317 80.677
0 32.8309 -16.111 80.697
0 32.8426 -16.0986 80.717
0 32.8573 -16.0829 80.737
0 32.8662 -16.0735 80.757
0 32.8715 -16.0679 80.777
0 32.8747 -16.0645 80.797
0 32.8518 -16.0445 80.817
0 32.8459 -16.0242 80.837
0 32.8424 -16.0121 80.857
0 32.8155 -15.9868 80.877
0 32.7824 -15.9453 80.897
0 32.7378 -15.9025 80.917
0 32.694 -15.8505 80.937
0 32.6755 -15.8112 80.957
0 32.6397 -15.7695 80.977
0 32.6259 -15.7364 80.9971
0 32.5929 -15.6984 81.017
0 32.5809 -15.6675 81.037
0 32.5737 -15.6489 81.057
0 32.5693 -15.6378 81.077
0 32.5746 -15.6229 81.0971
0 32.5777 -15.614 81.117
0 32.5547 -15.5906 81.137
0 32.541 -15.5766 81.157
0 32.5405 -15.56 81.177
0 32.5403 -15.55 81.1971
0 32.5479 -15.5359 81.217
0 32.5525 -15.5274 81.2372
0 32.5552 -15.5223 81.257
0 32.5399 -15.4931 81.277
0 32.5306 -15.4755 81.2971
0 32.5251 -15.465 81.3171
0 32.5218 -15.4587 81.337
0 32.5276 -15.4467 81.357
0 32.5311 -15.4396 81.3771
0 32.5332 -15.4353 81.397
0 32.5422 -15.4245 81.4171
0 32.5477 -15.4181 81.4371
0 32.5509 -15.4142 81.457
0 32.511 -15.3677 81.4771
0 32.4701 -15.3137 81.4971
0 32.4533 -15.2731 81.5171
0 32.4432 -15.2487 81.5371
0 32.4202 -15.208 81.5571
0 32.3893 -15.1574 81.5771
0 32.3785 -15.1189 81.597
0 32.355 -15.0697 81.617
0 32.3409 -15.0402 81.637
0 32.3325 -15.0225 81.6573
0 32.3025 -14.9938 81.677
0 32.2597 -14.9586 81.697
0 32.1842 -14.9014 81.7171
0 32.072 -14.805 81.737
0 31.9299 -14.6932 81.7573
0 31.8026 -14.5821 81.7773
0 31.6762 -14.4795 81.797
0 31.5833 -14.3919 81.8171
0 31.5275 -14.3393 81.837
0 31.5018 -14.2996 81.8572
0 31.4864 -14.2757 81.8771
0 31.4772 -14.2615 81.8971
0 31.4794 -14.2447 81.9171
0 31.4808 -14.2347 81.9371
0 31.4816 -14.2287 81.9571
0 31.4821 -14.2251 81.977
0 31.4824 -14.2229 81.9971
0 31.4826 -14.2216 82.0171
0 31.4827 -14.2208 82.0374
0 31.4827 -14.2204 82.0571
0 31.4828 -14.2201 82.0772
1 31.4828 -14.2197 82.6772
1 31.4828 -14.2197 82.6973
1 31.4828 -14.2197 82.7171
1 31.4828 -14.2197 82.7372
1 31.4828 -14.2197 82.7572
1 31.4828 -14.2197 82.7772
1 31.4828 -14.2197 82.7972
1 31.4828 -14.2197 82.8171
1 31.4828 -14.2197 82.8372
1 31.4828 -14.2197 82.8571
1 31.4828 -14.2197 82.8771
1 31.4828 -14.2197 82.8971
1 31.4828 -14.2197 82.9172
1 31.4828 -14.2197 82.9371
1 31.5078 -14.2376 82.9571
1 31.5306 -14.2403 82.9771
1 31.5692 -14.2598 82.9972
1 31.6668 -14.2577 83.0172
1 31.8086 -14.2091 83.0371
1 32.0514 -14.1191 83.0572
1 32.33 -13.9864 83.0773
1 32.6475 -13.8549 83.0972
1 32.9674 -13.7361 83.1172
1 33.3347 -13.6319 83.1371
1 33.6926 -13.5219 83.1572
1 34.041 -13.379 83.1772
1 34.4009 -13.2432 83.1973
1 34.7508 -13.0854 83.2172
1 35.1198 -12.9332 83.2372
1 35.4966 -12.7551 83.2572
1 35.8782 -12.5617 83.2772
1 36.309 -12.3673 83.2972
1 36.7447 -12.1541 83.3172
1 37.1623 -11.9412 83.3372
1 37.5269 -11.7505 83.3572
1 37.8306 -11.5928 83.3771
1 38.1094 -11.4761 83.3971
1 38.2979 -11.3952 83.4171
1 38.4686 -11.376 83.4372
1 38.6038 -11.3749 83.4571
1 38.7346 -11.4121 83.4771
1 38.8671 -11.4341 83.4972
1 38.9927 -11.4556 83.5171
1 39.1141 -11.4766 83.5371
1 39.279 -11.5059 83.5572
1 39.4533 -11.5126 83.5772
1 39.65 -11.5334 83.5972
1 39.8928 -11.5735 83.6172
1 40.1879 -11.6444 83.6373
1 40.5109 -11.7045 83.6572
1 40.8214 -11.7771 83.6773
1 41.1423 -11.8174 83.6973
1 41.4481 -11.8489 83.7173
1 41.7742 -11.8566 83.7373
1 42.0832 -11.869 83.7572
1 42.3605 -11.8947 83.7772
1 42.6482 -11.9098 83.7974
1 42.9586 -11.9467 83.8172
1 43.2827 -11.9968 83.8375
1 43.6228 -12.0469 83.8571
1 43.9921 -12.1547 83.8774
1 44.2871 -12.2782 83.8971
1 44.5587 -12.4012 83.9174
1 44.8163 -12.5241 83.9372
1 45.0625 -12.6173 83.9573
1 45.2426 -12.6846 83.9773
1 45.3964 -12.7349 83.9972
1 45.5345 -12.7749 84.0171
1 45.6602 -12.7791 84.0371
1 45.7357 -12.7817 84.0572
1 45.8482 -12.7833 84.0771
1 45.9157 -12.7843 84.0973
1 46.002 -12.7948 84.1172
1 46.0966 -12.7816 84.1373
1 46.1749 -12.7638 84.1572
1 46.2434 -12.7434 84.1773
1 46.3059 -12.7214 84.1972
1 46.3863 -12.6887 84.2172
1 46.4561 -12.6593 84.2371
1 46.5194 -12.632 84.2572
1 46.5789 -12.6059 84.2771
1 46.6361 -12.5805 84.2971
1 46.6919 -12.5556 84.3174
1 46.7254 -12.5407 84.3372
1 46.7455 -12.5317 84.3573
1 46.7576 -12.5263 84.3772
1 46.7863 -12.5134 84.3973
1 46.8035 -12.5057 84.4171
1 46.8569 -12.4817 84.4371
1 46.8889 -12.4673 84.4572
1 46.9081 -12.4587 84.4771
1 46.9654 -12.4637 84.4972
1 47.0294 -12.4488 84.5172
1 47.0921 -12.4597 84.5371
1 47.1593 -12.4483 84.5572
1 47.2454 -12.4517 84.5771
1 47.3402 -12.4346 84.5972
1 47.4859 -12.4156 84.6174
1 47.6515 -12.4263 84.6371
1 47.8667 -12.4737 84.6571
1 48.1117 -12.5434 84.6772
1 48.3286 -12.6159 84.6971
1 48.5745 -12.7009 84.7171
1 48.8135 -12.7734 84.7372
1 49.0564 -12.8302 84.7573
1 49.3178 -12.9063 84.7772
1 49.566 -12.9738 84.7972
1 49.7822 -13.0161 84.8171
1 49.9767 -13.0138 84.8372
1 50.1607 -13.0144 84.8571
1 50.3384 -13.0167 84.8772
1 50.5445 -13.0322 84.8974
1 50.7595 -13.064 84.9172
1 50.9799 -13.1057 84.9373
1 51.2034 -13.1535 84.9572
1 51.437 -13.1967 84.9774
1 51.6923 -13.2661 84.9971
1 51.9608 -13.3514 85.0174
1 52.2451 -13.4381 85.0372
1 52.5307 -13.5341 85.0572
1 52.8014 -13.607 85.0771
1 53.0787 -13.6951 85.0972
1 53.3557 -13.7337 85.1172
1 53.6347 -13.7721 85.1372
1 53.891 -13.79 85.1572
1 54.1358 -13.825 85.1773
1 54.3737 -13.8703 85.1972
1 54.6095 -13.9514 85.2172
1 54.8284 -14.0248 85.2372
1 55.0072 -14.1106 85.2573
1 55.1919 -14.1871 85.2772
1 55.3582 -14.2665 85.2972
1 55.5272 -14.3475 85.3172
1 55.6841 -14.4297 85.3372
1 55.8554 -14.5044 85.3572
1 56.0253 -14.5533 85.3772
1 56.2479 -14.5914 85.3973
1 56.4486 -14.6185 85.4172
1 56.6225 -14.6394 85.4373
1 56.8194 -14.7068 85.4572
1 57.0301 -14.8021 85.4772
1 57.2489 -14.9144 85.4973
1 57.4807 -15.0288 85.5172
1 57.7203 -15.1447 85.5372
1 57.9862 -15.2535 85.5572
1 58.2226 -15.345 85.5772
1 58.4096 -15.4131 85.5972
1 58.5888 -15.4589 85.6173
1 58.7181 -15.4784 85.6372
1 58.8175 -15.482 85.6572
1 58.9223 -15.4974 85.6772
1 59.0287 -15.4905 85.6972
1 59.1226 -15.4704 85.7173
1 59.2458 -15.4636 85.7372
1 59.3634 -15.4436 85.7572
1 59.501 -15.437 85.7772
1 59.6805 -15.4227 85.7972
1 59.8786 -15.4411 85.8172
1 60.0879 -15.4792 85.8372
1 60.282 -15.5372 85.8572
1 60.497 -15.5913 85.8772
1 60.6696 -15.6082 85.8972
1 60.8402 -15.6244 85.9172
1 60.9644 -15.6263 85.9372
1 61.0608 -15.6198 85.9572
1 61.1186 -15.6158 85.9772
1 61.1766 -15.635 85.9972
1 61.2114 -15.6465 86.0172
1 61.2638 -15.667 86.0374
1 61.2952 -15.6792 86.0572
1 61.3141 -15.6866 86.0772
1 61.3487 -15.7125 86.0972
1 61.4365 -15.7343 86.1173
1 61.5192 -15.7317 86.1372
1 61.6358 -15.7364 86.1572
1 61.7728 -15.7456 86.1774
1 61.8768 -15.7435 86.1972
1 61.9926 -15.7482 86.2172
1 62.1085 -15.7944 86.2372
1 62.2246 -15.8654 86.2572
1 62.3174 -15.9297 86.2772
1 62.4278 -16.0037 86.2972
1 62.5172 -16.0698 86.3172
1 62.6255 -16.1449 86.3372
1 62.7136 -16.2117 86.3572
1 62.8128 -16.2952 86.3772
1 62.9174 -16.3595 86.3975
1 63.0102 -16.3827 86.4172
1 63.141 -16.3956 86.4373
1 63.2644 -16.4176 86.4572
1 63.4285 -16.4595 86.4774
1 63.572 -16.4991 86.4973
1 63.7343 -16.5512 86.5172
1 63.8767 -16.597 86.5372
1 64.0302 -16.6608 86.5572
1 64.1441 -16.6918 86.5775
1 64.2669 -16.7463 86.5979
1 64.3854 -16.7936 86.6172
1 64.4785 -16.8147 86.6372
1 64.5562 -16.82 86.6572
1 64.6247 -16.8159 86.6772
1 64.7107 -16.8281 86.6972
1 64.7842 -16.8282 86.7172
1 64.8502 -16.821 86.7372
1 64.9419 -16.7944 86.7572
1 65.0407 -16.7639 86.7774
1 65.1888 -16.7461 86.7972
1 65.3445 -16.7432 86.8173
1 65.5277 -16.7712 86.8372
1 65.6826 -16.803 86.8572
1 65.7755 -16.8221 86.8772
1 65.8625 -16.8478 86.8972
1 65.9377 -16.8852 86.9172
1 65.9828 -16.9077 86.9372
1 66.0328 -16.9433 86.9572
1 66.0857 -16.9867 86.9772
1 66.1405 -17.0349 86.9972
1 66.1733 -17.0638 87.0172
1 66.2159 -17.1032 87.0372
1 66.2644 -17.149 87.0572
1 66.3247 -17.1907 87.0772
1 66.3838 -17.2379 87.0973
1 66.4421 -17.2883 87.1172
1 66.4772 -17.3186 87.1373
1 66.5649 -17.3449 87.1572
1 66.6395 -17.3536 87.1774
1 66.7281 -17.3449 87.1973
1 66.8481 -17.3479 87.2172
1 66.9639 -17.3359 87.2372
1 67.0782 -17.3439 87.2572
1 67.1907 -17.335 87.2772
1 67.325 -17.3381 87.2972
1 67.4276 -17.3331 87.3172
1 67.5559 -17.3387 87.3372
1 67.6777 -17.3575 87.3572
1 67.7727 -17.362 87.3772
1 67.8737 -17.3512 87.3973
1 67.9571 -17.367 87.4163
1 68.0519 -17.392 87.4362
1 68.1537 -17.4226 87.4562
1 68.2814 -17.4498 87.4762
1 68.4029 -17.4819 87.4963
1 68.5425 -17.5101 87.5162
1 68.6566 -17.5125 87.5362
1 68.7918 -17.5231 87.5562
1 68.9404 -17.5677 87.5762
1 69.0516 -17.5878 87.5963
1 69.1631 -17.6158 87.6162
1 69.252 -17.626 87.6362
1 69.328 -17.6545 87.6562
1 69.3737 -17.6717 87.6763
1 69.4321 -17.6965 87.6964
1 69.4671 -17.7115 87.7163
1 69.5108 -17.7429 87.7363
1 69.5681 -17.7764 87.7562
1 69.6251 -17.8189 87.7763
1 69.6821 -17.867 87.7962
1 69.7616 -17.9408 87.8162
1 69.8403 -17.9997 87.8362
1 69.9328 -18.0801 87.8562
1 70.011 -18.1509 87.8762
1 70.0579 -18.1934 87.8962
1 70.1087 -18.2414 87.9163
1 70.1391 -18.2702 87.9362
1 70.1574 -18.2874 87.9564
1 70.1684 -18.2978 87.9762
1 70.197 -18.2975 87.9962
1 70.2581 -18.2844 88.0162
1 70.3168 -18.2701 88.0363
1 70.4043 -18.2409 88.0563
1 70.4789 -18.217 88.0762
1 70.5456 -18.1962 88.0962
1 70.6303 -18.1999 88.1165
1 70.7257 -18.2183 88.1363
1 70.8359 -18.2379 88.1563
1 70.9329 -18.2645 88.1763
1 71.0363 -18.3257 88.1963
1 71.1292 -18.3774 88.2163
1 71.1849 -18.4084 88.2362
1 71.241 -18.4496 88.2562
1 71.2746 -18.4744 88.2762
1 71.2947 -18.4892 88.2963
1 71.3068 -18.4981 88.3162
1 71.3141 -18.5035 88.3364
1 71.3184 -18.5067 88.3563
1 71.3211 -18.5086 88.3762
0 71.2663 -18.4526 88.9163
0 71.222 -18.4082 88.9363
0 71.1503 -18.3363 88.9563
0 71.0846 -18.2705 88.9763
0 71 -18.1858 88.9963
0 70.9349 -18.1046 89.0165
0 70.8731 -18.0333 89.0363
0 70.8217 -17.9601 89.0564
0 70.7456 -17.871 89.0763
0 70.6938 -17.7794 89.0964
0 70.6483 -17.6941 89.1163
0 70.6066 -17.6125 89.1363
0 70.5672 -17.5333 89.1562
0 70.5147 -17.425 89.1763
0 70.4543 -17.2994 89.1963
0 70.352 -17.1104 89.2164
0 70.2554 -16.8983 89.2363
0 70.133 -16.6119 89.2563
0 69.9951 -16.281 89.2763
0 69.8329 -15.8934 89.2963
0 69.6871 -15.487 89.3163
0 69.5509 -15.0698 89.3363
0 69.3972 -14.6237 89.3563
0 69.2162 -14.1753 89.3764
0 69.0417 -13.7484 89.3963
0 68.8543 -13.3493 89.4163
0 68.674 -12.997 89.4363
0 68.5127 -12.7028 89.4563
0 68.386 -12.4662 89.4763
0 68.295 -12.2942 89.4963
0 68.2486 -12.1837 89.5165
0 68.229 -12.1101 89.5363
0 68.2173 -12.0659 89.5563
0 68.2185 -12.0322 89.5763
0 68.2192 -12.0119 89.5963
0 68.2197 -11.9997 89.6163
0 68.2199 -11.9925 89.6363
0 68.2448 -11.96 90.0563
0 68.2597 -11.9468 90.0765
0 68.2687 -11.9389 90.0963
0 68.2741 -11.9342 90.1163
0 68.2856 -11.9241 90.1363
0 68.2925 -11.918 90.1565
0 68.2966 -11.9144 90.1763
0 68.3074 -11.905 90.1965
0 68.3138 -11.8994 90.2172
0 68.2944 -11.8732 90.2363
0 68.2596 -11.8348 90.2563
0 68.2469 -11.8045 90.2763
0 68.216 -11.7636 90.2963
0 68.151 -11.6935 90.3164
0 68.0887 -11.6287 90.3363
0 68.0047 -11.5444 90.3563
0 67.8927 -11.4184 90.3763
0 67.7637 -11.2674 90.3963
0 67.6327 -11.0942 90.4165
0 67.5157 -10.9376 90.4363
0 67.3601 -10.7457 90.4564
0 67.1813 -10.5326 90.4763
0 66.9884 -10.3068 90.4963
0 66.787 -10.0736 90.5163
0 66.5885 -9.82851 90.5363
0 66.407 -9.60635 90.5563
0 66.2357 -9.39795 90.5763
0 66.0786 -9.1905 90.5963
0 65.9217 -8.99098 90.6165
0 65.7968 -8.81147 90.6363
0 65.7065 -8.67387 90.6563
0 65.6286 -8.56875 90.6763
0 65.597 -8.46066 90.6965
0 65.614 -8.3126 90.7163
0 65.6742 -8.14009 90.7364
0 65.7464 -7.95336 90.7563
0 65.7952 -7.77319 90.7763
0 65.8285 -7.56655 90.7964
0 65.8161 -7.35212 90.8163
0 65.8 -7.15564 90.8365
0 65.7971 -6.99995 90.8563
0 65.7799 -6.87651 90.8763
0 65.7458 -6.77979 90.8964
0 65.7335 -6.71438 90.9164
0 65.7344 -6.66778 90.9364
0 65.7432 -6.63246 90.9565
0 65.7568 -6.60393 90.9763
0 65.7649 -6.58682 90.9964
0 65.7697 -6.57654 91.0163
0 65.7727 -6.57038 91.0365
0 65.7744 -6.56669 91.0565
0 65.7837 -6.55714 91.0763
0 65.7893 -6.55141 91.0963
0 65.7927 -6.54797 91.1164
0 65.7947 -6.54591 91.1364
0 65.8041 -6.53736 91.1563
0 65.786 -6.50955 91.1764
0 65.7513 -6.47018 91.1963
0 65.6911 -6.39391 91.2165
0 65.6394 -6.31815 91.2367
0 65.5772 -6.21275 91.2564
0 65.5004 -6.09688 91.2776
0 65.4388 -5.99739 91.2965
0 65.3944 -5.90045 91.3163
0 65.3603 -5.80507 91.3365
0 65.3243 -5.71791 91.3563
0 65.3109 -5.65836 91.3765
0 65.279 -5.59996 91.3963
0 65.268 -5.55767 91.4166
0 65.2697 -5.52505 91.4363
0 65.2634 -5.46836 91.4564
0 65.276 -5.41994 91.4763
0 65.2918 -5.3837 91.4966
0 65.3096 -5.35479 91.5164
0 65.3046 -5.30756 91.5365
0 65.2859 -5.24936 91.5563
0 65.259 -5.18457 91.5765
0 65.2578 -5.10063 91.5963
0 65.2465 -4.95166 91.6163
0 65.2209 -4.77077 91.6363
0 65.1642 -4.57881 91.6564
0 65.0889 -4.38021 91.6763
0 65.0279 -4.23114 91.6964
0 64.9672 -4.11899 91.7165
0 64.915 -4.02181 91.7363
0 64.892 -3.95633 91.7564
0 64.8864 -3.90989 91.7763
0 64.8672 -3.85215 91.7964
0 64.8557 -3.8175 91.8164
0 64.8248 -3.774 91.8363
0 64.7821 -3.72518 91.8564
0 64.7325 -3.67319 91.8763
0 64.6868 -3.61213 91.8963
0 64.6353 -3.5528 91.9164
0 64.6127 -3.51003 91.9363
0 64.5833 -3.45453 91.9564
0 64.5639 -3.39031 91.9765
0 64.5507 -3.32088 91.9964
0 64.5926 -3.19386 92.0178
0 64.6227 -3.04867 92.0364
0 64.6681 -2.8844 92.0564
0 64.6696 -2.73222 92.0763
0 64.6463 -2.61818 92.0964
0 64.6147 -2.4889 92.1164
0 64.5556 -2.35865 92.1364
0 64.4717 -2.23507 92.1564
0 64.4054 -2.13097 92.1764
0 64.3414 -2.0458 92.1964
0 64.2787 -1.97201 92.2165
0 64.2494 -1.92047 92.2364
0 64.2075 -1.86686 92.2566
0 64.1664 -1.80474 92.2764
0 64.1418 -1.76747 92.2964
0 64.1352 -1.73785 92.3164
0 64.1313 -1.72008 92.3366
0 64.1372 -1.70218 92.3563
0 64.1407 -1.69144 92.3764
0 64.1428 -1.68499 92.3964
0 64.1441 -1.68113 92.4164
1 64.2422 -1.59129 93.2564
1 64.2532 -1.58171 93.2764
1 64.2598 -1.57597 93.2964
1 64.272 -1.56537 93.3165
1 64.2794 -1.559 93.3364
1 64.2838 -1.55519 93.3564
1 64.2946 -1.54575 93.3764
1 64.3012 -1.54009 93.3964
1 64.3051 -1.5367 93.4164
1 64.3074 -1.53466 93.4364
1 64.3088 -1.53344 93.4566
1 64.3547 -1.51612 93.4764
1 64.4273 -1.4892 93.4966
1 64.5468 -1.44117 93.5164
1 64.686 -1.38773 93.5366
1 64.8681 -1.3158 93.5564
1 65.0759 -1.23294 93.5764
1 65.2683 -1.15895 93.5964
1 65.4515 -1.0904 93.6165
1 65.6292 -1.02521 93.6364
1 65.7893 -0.962863 93.6564
1 65.9631 -0.925229 93.6766
1 66.1368 -0.909752 93.6964
1 66.3187 -0.900395 93.7167
1 66.4973 -0.902037 93.7364
1 66.6966 -0.902518 93.7566
1 66.9165 -0.895187 93.7764
1 67.1179 -0.898336 93.7964
1 67.3633 -0.916003 93.8164
1 67.6267 -0.949849 93.8366
1 67.901 -0.993611 93.8564
1 68.19 -1.03626 93.8766
1 68.4782 -1.0549 93.8965
1 68.7983 -1.07541 93.9166
1 69.0598 -1.09614 93.9364
1 69.3184 -1.13317 93.9566
1 69.5897 -1.18001 93.9764
1 69.8529 -1.20223 93.9965
1 70.1112 -1.20981 94.0164
1 70.3667 -1.20876 94.0367
1 70.6133 -1.24069 94.0564
1 70.8868 -1.30883 94.0766
1 71.1681 -1.40614 94.0965
1 71.4623 -1.5139 94.1165
1 71.763 -1.5974 94.1365
1 72.0677 -1.66655 94.1565
1 72.3674 -1.76522 94.1764
1 72.6723 -1.8746 94.1966
1 72.9494 -2.00467 94.2165
1 73.1941 -2.11628 94.2364
1 73.4339 -2.21719 94.2566
1 73.6562 -2.31147 94.2764
1 73.868 -2.40186 94.2964
1 74.0506 -2.49681 94.3164
1 74.2386 -2.58776 94.3365
1 74.375 -2.66628 94.3564
1 74.5351 -2.74748 94.3765
1 74.6622 -2.78239 94.3965
1 74.8084 -2.84458 94.4165
1 74.9508 -2.89215 94.4364
1 75.1289 -2.95535 94.4564
1 75.3512 -3.02142 94.4764
1 75.5855 -3.08898 94.4965
1 75.8187 -3.16459 94.5164
1 76.0511 -3.24514 94.5365
1 76.2914 -3.32177 94.5564
1 76.5598 -3.4204 94.5765
1 76.8216 -3.50818 94.5964
1 77.0793 -3.58958 94.6165
1 77.3814 -3.71593 94.6364
1 77.672 -3.84459 94.6565
1 77.9703 -3.97538 94.6764
1 78.273 -4.10766 94.6965
1 78.5551 -4.21657 94.7164
1 78.879 -4.32306 94.7366
1 79.1738 -4.41684 94.7564
1 79.436 -4.47176 94.7766
1 79.6472 -4.48565 94.7966
1 79.8738 -4.49349 94.8165
1 80.072 -4.47247 94.8365
1 80.3074 -4.44605 94.8566
1 80.5029 -4.4421 94.8765
1 80.7059 -4.46969 94.8967
1 80.951 -4.54178 94.9165
1 81.2065 -4.60931 94.9365
1 81.46 -4.68091 94.9564
1 81.7433 -4.74256 94.9766
1 82.0131 -4.78019 94.9964
1 82.2979 -4.82848 95.0165
1 82.5374 -4.84008 95.0364
1 82.8038 -4.84237 95.0565
1 83.0553 -4.85164 95.0764
1 83.329 -4.85296 95.0965
1 83.6161 -4.8804 95.1164
1 83.9112 -4.95438 95.1365
1 84.2111 -5.02583 95.1565
1 84.5056 -5.1026 95.1765
1 84.8279 -5.17072 95.1965
1 85.1129 -5.22069 95.2166
1 85.3837 -5.28388 95.2365
1 85.6605 -5.35647 95.2566
1 85.9411 -5.43491 95.2764
1 86.2091 -5.51561 95.2965
1 86.4614 -5.57389 95.3165
1 86.6813 -5.65451 95.3365
1 86.8816 -5.74859 95.3565
1 87.0782 -5.87471 95.3765
1 87.2416 -6.00128 95.3966
1 87.3705 -6.09611 95.4165
1 87.4933 -6.20394 95.4364
1 87.5978 -6.28757 95.4565
1 87.6832 -6.36324 95.4766
1 87.8338 -6.44303 95.4964
1 88.0464 -6.52044 95.5165
1 88.3105 -6.62873 95.5367
1 88.6058 -6.72531 95.5565
1 88.9197 -6.81519 95.5765
1 89.1995 -6.88043 95.5966
1 89.4352 -6.96621 95.6165
1 89.6217 -7.06907 95.6365
1 89.7561 -7.1565 95.6565
1 89.8816 -7.2604 95.6765
1 90.0243 -7.39993 95.6965
1 90.1855 -7.55442 95.7165
1 90.3718 -7.7502 95.7366
1 90.573 -7.97083 95.7565
1 90.7831 -8.20647 95.7767
1 90.9983 -8.45119 95.7965
1 91.2166 -8.70143 95.8165
1 91.4587 -8.98097 95.8365
1 91.7149 -9.27821 95.8566
1 91.9655 -9.554 95.8765
1 92.1823 -9.79732 95.8965
1 92.3565 -9.99524 95.9165
1 92.4832 -10.14 95.9365
1 92.5813 -10.2528 95.9565
1 92.6401 -10.3205 95.9765
1 92.6754 -10.3611 95.9967
1 92.6966 -10.3854 96.0166
1 92.7093 -10.4001 96.0365
1 92.7169 -10.4088 96.0565
1 92.7215 -10.4141 96.0765
1 92.7325 -10.411 96.0967
1 92.7619 -10.4048 96.1165
1 92.7796 -10.401 96.1366
1 92.7902 -10.3988 96.1566
1 92.7965 -10.3974 96.1767
1 92.8224 -10.4226 96.1965
1 92.8462 -10.4315 96.2165
1 92.8908 -10.4567 96.2365
1 92.9395 -10.4978 96.2565
1 92.9771 -10.5163 96.2765
1 92.9996 -10.5275 96.2967
1 93.0131 -10.5341 96.3165
1 93.0212 -10.5381 96.3365
1 93.026 -10.5405 96.3567
1 93.0289 -10.542 96.3765
1 93.0307 -10.5428 96.3967
1 93.0317 -10.5434 96.4165
0 93.1428 -10.4628 96.8968
0 93.1565 -10.4526 96.9165
0 93.1509 -10.4144 96.9365
0 93.1337 -10.3594 96.9565
0 93.1096 -10.2942 96.9765
0 93.0976 -10.211 96.9965
0 93.0406 -10.0708 97.0165
0 92.9425 -9.86434 97.0365
0 92.8278 -9.61224 97.0565
0 92.7113 -9.32687 97.0766
0 92.5795 -8.98969 97.0965
0 92.4241 -8.58967 97.1166
0 92.2402 -8.12031 97.1365
0 92.0611 -7.63584 97.1566
0 91.8539 -7.12223 97.1765
0 91.6663 -6.64936 97.1966
0 91.4821 -6.20675 97.2165
0 91.351 -5.87208 97.2367
0 91.2886 -5.66015 97.2566
0 91.3053 -5.51691 97.2767
0 91.3924 -5.40969 97.2965
0 91.5217 -5.32418 97.3167
0 91.6457 -5.2311 97.3365
0 91.7206 -5.14384 97.3565
0 91.7286 -5.03338 97.3766
0 91.6451 -4.81908 97.3969
0 91.4982 -4.54813 97.4165
0 91.344 -4.2639 97.4365
0 91.1708 -3.93996 97.4565
0 91.0004 -3.62406 97.4767
0 90.8381 -3.35034 97.4966
0 90.6888 -3.09641 97.5166
0 90.5699 -2.88056 97.5365
0 90.4611 -2.69313 97.5565
0 90.3665 -2.51723 97.5765
0 90.2641 -2.35931 97.5965
0 90.1422 -2.18048 97.6165
0 90.0087 -1.98914 97.6365
0 89.868 -1.79031 97.6566
0 89.723 -1.58703 97.6768
0 89.5753 -1.3811 97.6965
0 89.4489 -1.19973 97.7166
0 89.3582 -1.05923 97.7367
0 89.266 -0.917141 97.7565
0 89.1876 -0.805768 97.7766
0 89.1258 -0.707283 97.7965
0 89.0656 -0.622079 97.8165
0 89.0147 -0.539301 97.8378
0 88.9611 -0.463527 97.8567
0 88.9059 -0.391961 97.8765
0 88.8117 -0.265187 97.8966
0 88.6942 -0.105316 97.9168
0 88.5625 0.0743838 97.9366
0 88.4072 0.297574 97.9567
0 88.2446 0.509621 97.9765
0 88.1007 0.68891 97.9966
0 87.9993 0.8281 98.0165
0 87.9384 0.911613 98.0366
0 87.9019 0.961722 98.0568
0 87.88 0.991787 98.0766
0 87.8669 1.00983 98.0966
0 87.859 1.02065 98.1166
0 87.8543 1.02714 98.1366
0 88.1271 1.1467 98.5966
0 88.1239 1.16936 98.6167
0 88.1301 1.18855 98.6366
0 88.1107 1.22613 98.6568
0 88.0607 1.30638 98.6766
0 88.0157 1.38617 98.6971
0 87.9271 1.51778 98.7166
0 87.8274 1.64882 98.7366
0 87.7059 1.81112 98.7566
0 87.5479 2.01815 98.7767
0 87.3995 2.23159 98.7966
0 87.2566 2.44884 98.8166
0 87.0854 2.68871 98.8366
0 86.8973 2.94209 98.8567
0 86.6987 3.20353 98.8766
0 86.4703 3.49563 98.8966
0 86.2554 3.78581 98.9166
0 86.0486 4.07476 98.9366
0 85.8701 4.33705 98.9566
0 85.732 4.55743 98.9766
0 85.6101 4.74703 98.9967
0 85.4897 4.91252 99.0166
0 85.4019 5.04329 99.0367
0 85.3574 5.12737 99.0566
0 85.3152 5.20929 99.0766
0 85.2743 5.2899 99.0966
0 85.258 5.34385 99.1166
0 85.2563 5.38179 99.1366
0 85.2553 5.40456 99.1566
0 85.2391 5.44966 99.1766
0 85.1902 5.53402 99.1972
0 85.1216 5.64192 99.2166
0 85.0493 5.76948 99.2366
0 84.9666 5.90328 99.2566
0 84.8777 6.0408 99.2768
0 84.7849 6.18053 99.2966
0 84.6899 6.32158 99.3166
0 84.6172 6.43758 99.3366
0 84.5498 6.53301 99.3566
0 84.4937 6.62162 99.3766
0 84.4124 6.72644 99.3969
0 84.3479 6.82067 99.4168
0 84.2697 6.93436 99.4368
0 84.199 7.02838 99.4566
0 84.1408 7.11612 99.4766
0 84.0581 7.22036 99.4967
0 83.9847 7.30868 99.5167
0 83.9167 7.38745 99.5366
0 83.8602 7.46604 99.5566
0 83.8105 7.5445 99.5766
0 83.7888 7.59711 99.5967
0 83.7519 7.65445 99.6166
0 83.7058 7.71462 99.6367
0 83.6782 7.75073 99.6566
0 83.6616 7.77239 99.6767
0 83.6517 7.78539 99.6966
0 83.6538 7.79871 99.7166
0 83.6551 7.80671 99.7366
0 83.6559 7.8115 99.7567
0 83.6564 7.81438 99.7766
0 83.6648 7.82162 99.7966
0 83.6698 7.82596 99.8169
0 83.657 7.85985 99.8367
0 83.6494 7.88018 99.8566
0 83.6448 7.89238 99.8767
0 83.6181 7.92547 99.8968
0 83.6102 7.95083 99.9167
0 83.5816 7.99181 99.9366
0 83.5485 8.04767 99.9567
0 83.5048 8.10695 99.9767
0 83.4306 8.19403 99.9967
0 83.3462 8.30329 100.017
0 83.2317 8.45156 100.037
0 83.0991 8.6232 100.057
0 82.9555 8.80883 100.077
0 82.8134 9.00833 100.097
0 82.6721 9.21611 100.117
0 82.5713 9.37196 100.137
0 82.5108 9.46547 100.157
0 82.4746 9.52157 100.177
0 82.4528 9.55523 100.197
0 82.4479 9.58091 100.217
0 82.4289 9.62748 100.237
0 82.4175 9.65543 100.257
0 82.4107 9.67219 100.277
0 82.4066 9.68225 100.297
0 82.4123 9.69375 100.317
0 82.4157 9.70065 100.337
0 82.4178 9.70479 100.357
0 82.3707 9.75865 100.377
0 82.3183 9.81665 100.397
0 82.2386 9.9028 100.417
0 82.1908 9.95448 100.437
0 82.1137 10.0368 100.457
0 82.0433 10.1119 100.477
0 82.0002 10.1895 100.497
0 82.0041 10.3139 100.517
0 82.0047 10.4538 100.537
0 81.9639 10.6272 100.557
0 81.9466 10.7694 100.577
0 81.8878 10.9061 100.597
0 81.8202 11.0505 100.617
0 81.7149 11.2195 100.637
0 81.6112 11.3778 100.657
0 81.5328 11.5039 100.677
0 81.4696 11.6107 100.697
0 81.4316 11.6748 100.717
0 81.417 11.7188 100.737
0 81.4082 11.7452 100.757
0 81.4029 11.7611 100.777
0 81.3998 11.7706 100.797
0 81.3735 11.8019 100.817
0 81.3578 11.8207 100.837
0 81.3321 11.8631 100.857
0 81.3167 11.8886 100.877
0 81.3075 11.9038 100.897
0 81.302 11.913 100.917
0 81.2986 11.9185 100.937
0 81.2804 11.9529 100.957
0 81.2695 11.9736 100.977
0 81.2467 12.0171 100.997
0 81.233 12.0432 101.017
0 81.2004 12.0845 101.037
0 81.1809 12.1093 101.057
0 81.1529 12.1552 101.077
0 81.0874 12.234 101.097
0 81.0317 12.3124 101.117
0 80.9495 12.4106 101.137
0 80.8514 12.5206 101.157
0 80.7517 12.6433 101.177
0 80.6756 12.748 101.197
0 80.6136 12.8419 101.217
0 80.5845 12.9037 101.237
0 80.5507 12.9719 101.257
0 80.5304 13.0128 101.277
0 80.4938 13.0629 101.297
0 80.4555 13.124 101.317
0 80.4161 13.1917 101.337
0 80.3761 13.2633 101.357
0 80.3112 13.3629 101.377
0 80.2477 13.4481 101.397
0 80.2178 13.5048 101.417
0 80.1753 13.5643 101.437
0 80.1475 13.6657 101.457
0 80.1203 13.8288 101.477
0 80.0606 14.049 101.497
0 79.9814 14.3033 101.517
0 79.868 14.538 101.537
0 79.7341 14.7608 101.557
0 79.6126 14.951 101.577
0 79.4984 15.1216 101.597
0 79.4051 15.2495 101.617
0 79.2997 15.3771 101.637
0 79.1951 15.5101 101.657
0 79.0662 15.6717 101.677
0 78.8978 15.8759 101.697
0 78.689 16.1365 101.717
0 78.4474 16.4252 101.737
0 78.2024 16.7419 101.757
0 77.9887 17.0134 101.777
0 77.8356 17.2016 101.797
0 77.7187 17.3399 101.817
0 77.6486 17.4228 101.837
0 77.6065 17.4726 101.857
1 77.6501 17.4737 102.277
1 77.6904 17.4327 102.297
1 77.7477 17.3884 102.317
1 77.8319 17.3111 102.337
1 77.9322 17.2141 102.357
1 78.0174 17.1304 102.377
1 78.1182 17.0295 102.397
1 78.2117 16.9491 102.417
1 78.3424 16.8246 102.437
1 78.4786 16.7045 102.457
1 78.6099 16.5815 102.477
1 78.7605 16.4975 102.497
1 78.9073 16.4345 102.517
1 79.0918 16.3608 102.537
1 79.2756 16.2731 102.557
1 79.4601 16.1437 102.577
1 79.6765 16.0023 102.597
1 79.959 15.8682 102.617
1 80.2329 15.7566 102.637
1 80.5416 15.6345 102.657
1 80.823 15.5244 102.677
1 81.0881 15.4214 102.697
1 81.3186 15.3482 102.717
1 81.6093 15.2538 102.737
1 81.9042 15.1338 102.757
1 82.2017 14.9984 102.777
1 82.5087 14.8589 102.797
1 82.8133 14.7113 102.817
1 83.1398 14.5656 102.837
1 83.408 14.4331 102.857
1 83.6484 14.3467 102.877
1 83.8648 14.2495 102.897
1 84.0426 14.172 102.917
1 84.1808 14.1376 102.937
1 84.3351 14.1045 102.957
1 84.4836 14.0706 102.977
1 84.6197 14.0638 102.997
1 84.7963 14.0537 103.017
1 85.0052 14.0468 103.037
1 85.2415 14.047 103.057
1 85.5106 14.0198 103.077
1 85.7991 13.9758 103.097
1 86.123 13.9281 103.117
1 86.4128 13.8597 103.137
1 86.7144 13.7576 103.157
1 87.0142 13.6626 103.177
1 87.2976 13.5707 103.197
1 87.5951 13.4539 103.217
1 87.8929 13.3168 103.237
1 88.1989 13.1725 103.257
1 88.4857 13.0504 103.277
1 88.7609 12.9414 103.297
1 89.0451 12.8082 103.317
1 89.2951 12.6863 103.337
1 89.5166 12.5657 103.357
1 89.7767 12.3977 103.377
1 90.0436 12.2657 103.397
1 90.3225 12.1179 103.417
1 90.5845 11.9875 103.437
1 90.8601 11.8732 103.457
1 91.1436 11.7682 103.477
1 91.4318 11.7014 103.497
1 91.7308 11.6298 103.517
1 92.0286 11.5171 103.537
1 92.3098 11.412 103.557
1 92.5967 11.2789 103.577
1 92.8713 11.1612 103.597
1 93.1384 11.0526 103.617
1 93.401 10.9492 103.637
1 93.708 10.8271 103.657
1 94.018 10.6882 103.677
1 94.3613 10.5493 103.697
1 94.6773 10.4322 103.717
1 95.0159 10.3008 103.737
1 95.3682 10.1606 103.757
1 95.7365 10.0524 103.777
1 96.1065 9.95811 103.797
1 96.5169 9.88687 103.817
1 96.9282 9.85658 103.837
1 97.3716 9.8604 103.857
1 97.8813 9.89388 103.877
1 98.3998 9.97727 103.897
1 98.9394 10.0898 103.917
1 99.3636 10.2287 103.937
1 99.6182 10.3731 103.957
1 99.7709 10.5201 103.977
1 99.8625 10.6307 103.997
1 99.9175 10.7143 104.017
1 99.9505 10.7914 104.037
1 99.9703 10.8367 104.057
1 99.9822 10.8494 104.077
1 99.9893 10.866 104.097
1 99.9936 10.8525 104.117
1 99.9962 10.8207 104.137
1 99.9977 10.7543 104.157
1 99.9986 10.6756 104.177
1 99.9992 10.6088 104.197
1 99.9995 10.5202 104.217
1 99.9997 10.4516 104.237
1 99.9998 10.3704 104.257
1 99.9999 10.253 104.277
1 99.9999 10.0763 104.297
1 100 9.90105 104.317
1 100 9.7217 104.337
1 100 9.51171 104.357
1 100 9.31563 104.377
1 100 9.06169 104.397
1 100 8.81351 104.417
1 100 8.53121 104.437
1 100 8.28939 104.457
1 100 8.06102 104.477
1 100 7.86611 104.497
1 100 7.72021 104.517
1 100 7.63267 104.537
1 100 7.55119 104.557
1 100 7.47789 104.577
1 100 7.40493 104.597
1 100 7.36115 104.617
1 100 7.30591 104.637
1 100 7.27276 104.657
1 100 7.22389 104.677
1 100 7.19801 104.697
1 100 7.15692 104.717
1 100 7.13227 104.737
1 100 7.09299 104.757
1 100 7.0404 104.777
1 100 7.01335 104.797
1 100 6.97257 104.817
1 100 6.89447 104.837
1 100 6.82299 104.857
1 100 6.75785 104.877
1 100 6.66501 104.897
1 100 6.52975 104.916
1 100 6.39806 104.936
1 100 6.23926 104.956
1 100 6.09427 104.976
1 100 5.93154 104.996
1 100 5.78393 105.016
1 100 5.64107 105.036
1 100 5.54196 105.056
1 100 5.46483 105.076
1 100 5.37556 105.096
1 100 5.30486 105.116
1 100 5.18636 105.136
1 100 5.06041 105.156
1 100 4.92994 105.176
1 100 4.79278 105.196
1 100 4.65487 105.216
1 100 4.48762 105.236
1 100 4.29879 105.256
1 100 4.09697 105.276
1 100 3.94635 105.296
1 100 3.85599 105.316
1 100 3.89031 105.336
1 100 4.05836 105.356
1 100 4.24761 105.376
1 100 4.42008 105.396
1 100 4.61189 105.416
1 100 4.75642 105.436
1 100 4.84313 105.456
1 100 4.89516 105.476
1 100 4.92638 105.496
1 100 4.94511 105.516
1 100 4.95635 105.536
1 100 4.99252 105.556
1 100 5.01422 105.576
1 100 5.02724 105.596
1 100 5.03506 105.616
1 100 5.03974 105.636
1 100 5.04256 105.656
1 100 5.04425 105.676
1 100 5.04526 105.696
1 100 5.04587 105.716
1 100 5.04623 105.736
1 100 5.04645 105.756
1 100 5.04658 105.778
1 100 5.04666 105.796
1 100 5.04671 105.816
1 100 5.04673 105.836
1 100 5.04675 105.856
0 100 5.0762 106.356
0 100 5.09386 106.376
0 100 5.10445 106.396
0 100 5.1108 106.416
0 100 5.11462 106.436
0 100 5.14632 106.456
0 100 5.16535 106.476
0 100 5.23558 106.496
0 100 5.33653 106.516
0 100 5.45587 106.536
0 100 5.61962 106.556
0 100 5.81399 106.576
0 100 6.0894 106.596
0 100 6.44664 106.616
0 100 6.79806 106.636
0 100 7.17124 106.656
0 100 7.52415 106.676
0 100 7.86095 106.696
0 100 8.18803 106.716
0 100 8.50538 106.736
0 100 8.79138 106.756
0 100 9.08782 106.776
0 100 9.39429 106.796
0 100 9.70289 106.816
0 100 9.98742 106.836
0 100 10.2575 106.856
0 100 10.5112 106.876
0 100 10.7589 106.896
0 100 11.0029 106.916
0 100 11.1862 106.936
0 100 11.3583 106.956
0 100 11.4654 106.976
0 100 11.5297 106.996
0 100 11.5682 107.016
0 100 11.5913 107.036
0 100 11.6052 107.056
0 100 11.6173 107.076
0 100 11.6538 107.096
0 100 11.7342 107.116
0 100 11.87 107.136
0 100 12.0138 107.156
0 100 12.1622 107.176
0 100 12.3464 107.196
0 100 12.6103 107.216
0 100 12.9512 107.236
0 100 13.3089 107.256
0 100 13.6767 107.276
0 100 14.0466 107.296
0 100 14.3886 107.316
0 100 14.6848 107.336
0 100 14.9535 107.356
0 100 15.2018 107.376
0 100 15.4126 107.396
0 100 15.5681 107.416
0 100 15.7194 107.436
0 100 15.9009 107.456
0 100 16.0679 107.476
0 100 16.2877 107.496
0 100 16.5392 107.516
0 100 16.8674 107.536
0 100 17.2166 107.556
0 100 17.5742 107.576
0 100 17.9369 107.596
0 100 18.2775 107.616
0 100 18.601 107.636
0 100 18.8814 107.656
0 100 19.1687 107.676
0 100 19.4311 107.696
0 100 19.6748 107.716
0 100 19.9398 107.736
0 100 20.1887 107.756
0 100 20.4281 107.776
0 100 20.6577 107.796
0 100 20.8527 107.816
0 100 21.0596 107.836
0 100 21.2123 107.857
0 100 21.3326 107.876
0 100 21.4373 107.896
0 100 21.5002 107.916
0 100 21.5418 107.936
0 100 21.5993 107.956
0 100 21.6338 107.976
0 100 21.6832 107.996
0 100 21.7699 108.016
0 100 21.8506 108.036
0 100 21.9315 108.056
0 100 22.0373 108.076
0 100 22.1332 108.096
0 100 22.2479 108.116
0 100 22.3778 108.136
0 100 22.5128 108.156
0 100 22.6833 108.176
0 100 22.8712 108.196
0 100 23.0449 108.216
0 100 23.267 108.236
0 100 23.522 108.256
0 100 23.8252 108.276
0 100 24.1003 108.296
0 99.9391 24.3546 108.316
0 99.8449 24.6002 108.336
0 99.7231 24.8367 108.356
0 99.5771 25.0637 108.376
0 99.424 25.2889 108.396
0 99.2666 25.513 108.416
0 99.099 25.7324 108.436
0 98.9327 25.9529 108.456
0 98.7351 26.1983 108.476
0 98.5508 26.4343 108.496
0 98.3742 26.6646 108.516
0 98.2192 26.8593 108.536
0 98.1415 26.984 108.556
0 98.0949 27.0589 108.576
0 98.0746 27.1078 108.596
0 98.07 27.1411 108.616
0 98.0673 27.161 108.636
0 98.0733 27.1769 108.656
0 98.0769 27.1865 108.676
0 98.0791 27.1922 108.696
0 98.0804 27.1957 108.716
0 98.0888 27.2016 108.736
0 98.0938 27.2052 108.756
0 98.0968 27.2074 108.776
0 98.0987 27.2087 108.797
0 98.0998 27.2094 108.816
0 98.1004 27.2099 108.836
0 98.1008 27.2102 108.856
0 98.101 27.2104 108.876
0 98.1012 27.2105 108.896
0 98.1013 27.2105 108.916
0 98.1013 27.2106 108.936
1 98.5127 26.6523 109.516
1 98.5447 26.6154 109.536
1 98.5883 26.5649 109.556
1 98.6389 26.5063 109.576
1 98.7426 26.3861 109.596
1 98.8781 26.229 109.616
1 99.0568 26.0212 109.636
1 99.2615 25.7828 109.656
1 99.5058 25.4977 109.676
1 99.7035 25.1557 109.696
1 99.8221 24.7223 109.716
1 99.8933 24.2051 109.736
1 99.936 23.6082 109.756
1 99.9616 22.9971 109.776
1 99.9769 22.3873 109.796
1 99.9862 21.8351 109.816
1 99.9917 21.3457 109.836
1 99.995 20.8884 109.856
1 99.997 20.445 109.876
1 99.9982 20.0628 109.896
1 99.9989 19.7462 109.916
1 99.9994 19.4981 109.937
1 99.9996 19.3201 109.956
1 99.9998 19.2134 109.976
1 99.9999 19.1493 109.996
1 99.9999 19.1109 110.016
1 99.9999 19.0878 110.036
1 100 19.0739 110.056
1 100 19.0656 110.076
1 100 19.0607 110.096
