0 -0.286832 -100 73.156
0 -0.287658 -100 73.1762
0 -0.288154 -100 73.1962
0 -0.288451 -100 73.2162
0 -0.28863 -100 73.2362
0 -0.288737 -100 73.2563
0 -0.288801 -100 73.2761
0 -0.306557 -100 73.2961
0 -0.334934 -100 73.3165
0 -0.369688 -100 73.3361
0 -0.39054 -100 73.3562
0 -0.403052 -100 73.3764
0 -0.410559 -100 73.3961
0 -0.415063 -100 73.4162
0 -0.417765 -100 73.4361
0 -0.419387 -100 73.4561
0 -0.42036 -100 73.4763
0 -0.420943 -100 73.4962
0 -0.421294 -100 73.5162
0 -0.421504 -100 73.5362
0 -0.42163 -100 73.5562
0 -0.421705 -100 73.5763
0 -0.439484 -100 73.5961
0 -0.450152 -100 73.6161
0 -0.456552 -100 73.6363
0 -0.460393 -100 73.6561
0 -0.462697 -100 73.6762
0 -0.481818 -100 73.6961
0 -0.506451 -100 73.7162
0 -0.55674 -100 73.7362
0 -0.622443 -100 73.7561
0 -0.697416 -100 73.7762
0 -0.760184 -100 73.7961
0 -0.815634 -100 73.8161
0 -0.844332 -100 73.8363
0 -0.86155 -100 73.8561
0 -0.885106 -100 73.8762
0 -0.89924 -100 73.8961
0 -0.90772 -100 73.9184
0 -0.912808 -100 73.9387
0 -0.911287 -100 73.9561
0 -0.92818 -100 73.9762
0 -0.969373 -100 73.9961
0 -1.05628 -100 74.0162
0 -1.17529 -100 74.0363
0 -1.34035 -100 74.0561
0 -1.52872 -100 74.0763
0 -1.70881 -100 74.0961
0 -1.8481 -100 74.1161
0 -2.01252 -100 74.1363
0 -2.14756 -100 74.1561
0 -2.26465 -100 74.1762
0 -2.36201 -100 74.1961
0 -2.42042 -100 74.2161
0 -2.47359 -100 74.2361
0 -2.52362 -100 74.2561
0 -2.58535 -100 74.2762
0 -2.64504 -100 74.2962
0 -2.69899 -100 74.3162
0 -2.75862 -100 74.3361
0 -2.83988 -100 74.3562
0 -2.9342 -100 74.3762
0 -3.05012 -100 74.3962
0 -3.15628 -100 74.4161
0 -3.24292 -100 74.4363
0 -3.34072 -100 74.4561
0 -3.47331 -100 74.4761
0 -3.57701 -100 74.4961
0 -3.6686 -99.9631 74.5161
0 -3.76166 -99.8768 74.5361
0 -3.83657 -99.793 74.5563
0 -3.92775 -99.7037 74.5762
0 -4.02873 -99.6112 74.5962
0 -4.13567 -99.5166 74.6162
0 -4.24625 -99.4209 74.6361
0 -4.3916 -99.3011 74.6562
0 -4.54394 -99.1824 74.6761
0 -4.73776 -99.0487 74.6964
0 -4.96122 -98.914 74.7162
0 -5.20266 -98.7786 74.7362
0 -5.43641 -98.6507 74.7562
0 -5.66122 -98.5195 74.7764
0 -5.86207 -98.394 74.7961
0 -6.01112 -98.2875 74.8162
0 -6.11484 -98.208 74.8369
0 -6.19584 -98.1525 74.8562
0 -6.28199 -98.1038 74.8762
0 -6.37126 -98.0591 74.897
0 -6.48124 -98.0091 74.9161
0 -6.60367 -97.9559 74.9363
0 -6.73364 -97.9009 74.956
0 -6.84932 -97.8525 74.976
0 -6.95644 -97.8081 74.9962
0 -7.03958 -97.7738 75.0161
0 -7.08947 -97.7532 75.0361
0 -7.1194 -97.7408 75.056
0 -7.13736 -97.7334 75.0761
0 -7.14813 -97.729 75.0961
0 -7.1546 -97.7263 75.116
0 -7.15848 -97.7247 75.1361
0 -7.17968 -97.7161 75.1561
0 -7.21128 -97.7032 75.1762
0 -7.26801 -97.6801 75.1961
0 -7.30204 -97.6663 75.216
0 -7.36026 -97.6427 75.2362
0 -7.43301 -97.6132 75.2562
0 -7.51449 -97.5802 75.2761
0 -7.60124 -97.5451 75.2961
0 -7.67222 -97.5164 75.316
0 -7.73376 -97.4916 75.3361
0 -7.77068 -97.4767 75.3561
0 -7.79283 -97.4677 75.376
0 -7.80612 -97.4624 75.3962
0 -7.81409 -97.4591 75.416
0 -7.85236 -97.4339 75.4361
0 -7.91324 -97.4036 75.4562
0 -8.02569 -97.3549 75.4761
0 -8.14574 -97.2948 75.4961
0 -8.2558 -97.2436 75.5161
0 -8.35548 -97.1896 75.5361
0 -8.43432 -97.1496 75.5561
0 -8.47722 -97.1176 75.576
0 -8.49856 -97.0903 75.5961
0 -8.50695 -97.0659 75.6161
0 -8.51199 -97.0513 75.636
0 -8.51502 -97.0425 75.6561
0 -8.51683 -97.0372 75.6761
0 -8.55601 -97.0189 75.6961
0 -8.61323 -96.9846 75.7162
0 -8.68131 -96.9409 75.7361
0 -8.71776 -96.9065 75.7561
0 -8.7499 -96.8622 75.7761
0 -8.76039 -96.8196 75.7961
0 -8.75786 -96.7779 75.8161
0 -8.76663 -96.7292 75.8361
0 -8.76307 -96.6839 75.8562
0 -8.75211 -96.6407 75.876
0 -8.7514 -96.583 75.8961
0 -8.75685 -96.5168 75.9161
0 -8.79986 -96.4221 75.9361
0 -8.88907 -96.3106 75.9561
0 -9.01054 -96.1971 75.9761
0 -9.17511 -96.0829 75.9964
0 -9.36569 -95.9682 76.0161
0 -9.64923 -95.8229 76.0361
0 -9.98026 -95.6434 76.0561
0 -10.3403 -95.4434 76.0763
0 -10.6793 -95.2463 76.0961
0 -10.9476 -95.0735 76.1161
0 -11.1735 -94.9153 76.1362
0 -11.2987 -94.7152 76.1561
0 -11.3521 -94.4541 76.1761
0 -11.3603 -94.1819 76.1962
0 -11.3547 -93.9125 76.2161
0 -11.3345 -93.6622 76.2362
0 -11.3323 -93.4429 76.2561
0 -11.3679 -93.2618 76.2761
0 -11.4396 -93.1136 76.2962
0 -11.5571 -92.9858 76.3161
0 -11.7462 -92.8635 76.3361
0 -11.9587 -92.7523 76.3561
0 -12.1016 -92.6696 76.3761
0 -12.1984 -92.5955 76.3961
0 -12.252 -92.5427 76.4161
0 -12.3195 -92.4874 76.4361
0 -12.3755 -92.4383 76.4563
0 -12.4686 -92.3861 76.4761
0 -12.5996 -92.3162 76.4961
0 -12.7889 -92.2121 76.5169
0 -13.0203 -92.0547 76.5368
0 -13.2816 -91.8738 76.5569
0 -13.5926 -91.6468 76.5761
0 -13.9699 -91.3689 76.5961
0 -14.3792 -91.0435 76.6161
0 -14.8086 -90.6896 76.6363
0 -15.2373 -90.308 76.6561
0 -15.6295 -89.7889 76.6761
0 -15.9743 -89.1014 76.6961
0 -16.2633 -88.1892 76.7163
0 -16.4683 -87.15 76.7361
0 -16.5974 -85.9795 76.7561
0 -16.6872 -84.7207 76.7761
0 -16.7436 -83.3502 76.7963
0 -16.7933 -81.9177 76.8161
0 -16.839 -80.4249 76.8361
0 -16.8843 -78.9111 76.8561
0 -16.9607 -77.3724 76.8761
0 -17.051 -75.8553 76.8961
0 -17.1596 -74.3482 76.9161
0 -17.2916 -72.8848 76.9361
0 -17.4356 -71.4025 76.9563
0 -17.5386 -69.9689 76.9761
0 -17.5886 -68.5032 76.9961
0 -17.5956 -67.0101 77.0161
0 -17.5863 -65.5153 77.0361
0 -17.582 -64.0276 77.0561
0 -17.6014 -62.6378 77.0761
0 -17.6166 -61.3056 77.0962
0 -17.6295 -60.1391 77.1161
0 -17.6521 -59.2085 77.1361
0 -17.6705 -58.5507 77.1561
0 -17.6601 -58.1156 77.1761
0 -17.6539 -57.8546 77.1961
0 -17.6501 -57.698 77.2161
0 -17.6479 -57.604 77.2361
0 -17.7002 -73.916 80.1362
0 -17.6954 -73.907 80.1563
0 -17.6925 -73.9016 80.1764
0 -17.6907 -73.8984 80.1963
0 -17.6897 -73.8964 80.2162
0 -17.6891 -73.8953 80.2365
0 -17.6887 -73.8946 80.2562
0 -17.6885 -73.8941 80.2763
0 -17.6835 -73.8849 80.2963
0 -17.6805 -73.8793 80.3163
0 -17.6787 -73.876 80.3362
0 -17.6776 -73.874 80.3562
0 -17.677 -73.8728 80.3763
0 -17.6766 -73.8721 80.3963
0 -17.6764 -73.8716 80.4163
0 -17.6762 -73.8714 80.4363
0 -17.6761 -73.8712 80.4564
0 -17.6761 -73.8711 80.4762
0 -17.6093 -73.7472 81.4562
0 -17.5972 -73.7249 81.4765
0 -17.5802 -73.6935 81.4963
0 -17.5651 -73.6658 81.5162
0 -17.5686 -73.6228 81.5363
0 -17.588 -73.5797 81.5563
0 -17.617 -73.5365 81.5763
0 -17.6295 -73.5016 81.5963
0 -17.6544 -73.4633 81.6162
0 -17.6596 -73.4225 81.6364
0 -17.6801 -73.3807 81.6563
0 -17.6875 -73.3466 81.6763
0 -17.6871 -73.3173 81.6968
0 -17.7091 -73.2913 81.7172
0 -17.7446 -73.2672 81.7364
0 -17.7881 -73.2444 81.7563
0 -17.8588 -73.2139 81.7763
0 -17.9234 -73.1871 81.797
0 -17.9797 -73.1538 81.8163
0 -18.0134 -73.1337 81.8365
0 -18.0216 -73.0789 81.8563
0 -18.0514 -73.0075 81.8763
0 -18.1043 -72.93 81.8962
0 -18.1534 -72.8661 81.9162
0 -18.178 -72.8188 81.9363
0 -18.2103 -72.7731 81.9563
0 -18.2471 -72.7283 81.9763
0 -18.2818 -72.6752 81.9962
0 -18.3424 -72.6176 82.0162
0 -18.3963 -72.5657 82.0364
0 -18.4511 -72.5261 82.0565
0 -18.4839 -72.5024 82.0763
0 -18.5484 -72.4714 82.0963
0 -18.6543 -72.4277 82.1163
0 -18.7402 -72.3931 82.1363
0 -18.8093 -72.355 82.1563
0 -18.8732 -72.3238 82.1763
0 -18.9516 -72.2795 82.1964
0 -19.021 -72.2445 82.2163
0 -19.0803 -72.2062 82.2363
0 -19.1559 -72.1576 82.2565
0 -19.2414 -72.1028 82.2763
0 -19.3504 -72.027 82.2963
0 -19.456 -71.956 82.3163
0 -19.5772 -71.8705 82.3363
0 -19.6628 -71.7929 82.3563
0 -19.7543 -71.7209 82.3763
0 -19.7996 -71.6597 82.3963
0 -19.8396 -71.5967 82.4163
0 -19.8538 -71.541 82.4363
0 -19.8801 -71.4904 82.4563
0 -19.9362 -71.4344 82.4763
0 -20.015 -71.3843 82.4963
0 -20.1253 -71.3204 82.5163
0 -20.2771 -71.24 82.5363
0 -20.4313 -71.1581 82.5565
0 -20.5495 -71.0702 82.5763
0 -20.6126 -70.8872 82.5963
0 -20.6328 -70.6426 82.6163
0 -20.6448 -70.3437 82.6363
0 -20.6491 -70.0426 82.6565
0 -20.6555 -69.7748 82.6763
0 -20.6883 -69.5443 82.6963
0 -20.721 -69.3793 82.7163
0 -20.7765 -69.2453 82.7363
0 -20.8507 -69.1391 82.7565
0 -20.8952 -69.0754 82.7763
0 -20.9448 -69.0289 82.7965
0 -20.9974 -68.9927 82.8163
0 -21.0748 -68.9544 82.8363
0 -21.1442 -68.9231 82.8563
0 -21.2087 -68.8961 82.8763
0 -21.2883 -68.8542 82.8965
0 -21.3591 -68.8208 82.9163
0 -21.4015 -68.8007 82.9363
0 -21.4499 -68.7805 82.9563
0 -21.4741 -68.7591 82.9763
0 -21.5115 -68.738 82.9964
0 -21.5339 -68.7253 83.0163
0 -21.5704 -68.7095 83.0365
0 -21.5873 -68.6908 83.0563
0 -21.5975 -68.6795 83.0763
0 -21.5988 -68.6636 83.0964
0 -21.6176 -68.6365 83.1163
0 -21.6191 -68.6018 83.1363
0 -21.6151 -68.5718 83.1565
0 -21.6357 -68.5456 83.1763
0 -21.6661 -68.5123 83.1964
0 -21.7303 -68.476 83.2163
0 -21.81 -68.4284 83.2363
0 -21.8989 -68.3743 83.2564
0 -21.9655 -68.3151 83.2763
0 -22.0236 -68.2622 83.2966
0 -22.0815 -68.2222 83.3163
0 -22.0827 -68.1049 83.3364
0 -22.0628 -67.9288 83.3564
0 -22.0184 -67.6727 83.3763
0 -21.9208 -67.3634 83.3965
0 -21.7982 -67.0574 83.4163
0 -21.7087 -66.7624 83.4363
0 -21.6542 -66.4875 83.4564
0 -21.6661 -66.2649 83.4765
0 -21.6866 -66.1041 83.4963
0 -21.7122 -65.9802 83.5164
0 -21.7225 -65.8964 83.5363
0 -21.7238 -65.8366 83.5563
0 -21.7478 -65.7924 83.5765
0 -21.7573 -65.7564 83.5963
0 -21.8094 -65.7181 83.6163
0 -21.8591 -65.6772 83.6364
0 -21.9304 -65.6266 83.6563
0 -21.9916 -65.5784 83.6766
0 -22.0649 -65.5138 83.6963
0 -22.1273 -65.4573 83.7163
0 -22.1781 -65.3961 83.7364
0 -22.2453 -65.3237 83.7563
0 -22.2806 -65.2709 83.7764
0 -22.3202 -65.2214 83.7963
0 -22.3623 -65.1739 83.8163
0 -22.4294 -65.1193 83.8364
0 -22.488 -65.0687 83.8563
0 -22.5883 -65.004 83.8763
0 -22.6854 -64.9297 83.8964
0 -22.799 -64.8318 83.9163
0 -22.9226 -64.7199 83.9363
0 -23.0621 -64.6184 83.9563
0 -23.2113 -64.5234 83.9763
0 -23.3713 -64.4416 83.9963
0 -23.5378 -64.3679 84.0163
0 -23.6847 -64.3073 84.0363
0 -23.8386 -64.2369 84.0563
0 -23.978 -64.1783 84.0763
0 -24.1038 -64.1173 84.0963
0 -24.2029 -64.0725 84.1163
0 -24.281 -64.028 84.1363
0 -24.3514 -63.9931 84.1564
0 -24.4172 -63.9641 84.1765
0 -24.4803 -63.9385 84.1963
0 -24.5503 -63.8929 84.2163
0 -24.5891 -63.7976 84.2368
0 -24.6226 -63.66 84.2563
0 -24.6766 -63.4888 84.2763
0 -24.6803 -63.2996 84.2964
0 -24.6454 -63.1219 84.3164
0 -24.5635 -62.9593 84.3363
0 -24.4838 -62.8337 84.3565
0 -24.409 -62.6984 84.3763
0 -24.376 -62.5632 84.3963
0 -24.3884 -62.4516 84.4163
0 -24.4146 -62.3667 84.4363
0 -24.4778 -62.2994 84.4565
0 -24.5345 -62.241 84.4763
0 -24.5924 -62.1979 84.4963
0 -24.6459 -62.154 84.5163
0 -24.7017 -62.1195 84.5364
0 -24.7353 -62.0988 84.5563
0 -24.7792 -62.0783 84.5763
0 -24.8055 -62.066 84.5963
0 -24.8402 -62.0406 84.6163
0 -24.8609 -62.0254 84.6372
0 -24.8922 -61.9983 84.6563
0 -24.9537 -61.956 84.6771
0 -25.0044 -61.9028 84.6966
0 -25.0587 -61.8628 84.7163
0 -25.134 -61.8128 84.7364
0 -25.198 -61.7648 84.7565
0 -25.2742 -61.7002 84.7774
0 -25.3388 -61.6435 84.7964
0 -25.3915 -61.5818 84.8163
0 -25.4371 -61.5171 84.8363
0 -25.4545 -61.4587 84.8564
0 -25.4599 -61.4139 84.8763
0 -25.4582 -61.3773 84.8964
0 -25.4571 -61.3553 84.9163
0 -25.4565 -61.3421 84.9364
0 -25.48 -61.326 84.9565
0 -25.4892 -61.3067 84.9771
0 -25.4946 -61.295 84.9965
0 -25.5218 -61.2799 85.0163
0 -25.5382 -61.2709 85.0364
0 -25.543 -61.2557 85.0565
0 -25.5698 -61.2384 85.0764
0 -25.6048 -61.2102 85.0963
0 -25.6497 -61.1852 85.1164
0 -25.7006 -61.162 85.1363
0 -25.7551 -61.1401 85.1564
0 -25.8357 -61.1107 85.1764
0 -25.8841 -61.0931 85.1964
0 -25.937 -61.0745 85.2164
0 -25.9688 -61.0633 85.2364
0 -25.9879 -61.0566 85.2564
0 -25.9993 -61.0526 85.2764
0 -26.0062 -61.0501 85.2966
0 -26.0103 -61.0487 85.3163
0 -26.0128 -61.0478 85.3372
0 -26.0382 -61.0392 85.3565
0 -26.0535 -61.0341 85.3764
0 -26.0866 -61.0229 85.3965
0 -26.1305 -61.0082 85.4163
0 -26.1808 -60.9913 85.4364
0 -26.2589 -60.9651 85.4565
0 -26.3058 -60.9494 85.4764
0 -26.334 -60.9399 85.4964
0 -26.3508 -60.9343 85.5165
0 -26.361 -60.9309 85.5364
0 -26.367 -60.9288 85.5566
0 -26.3657 -60.9178 85.5764
0 -26.3649 -60.9112 85.5964
0 -26.3595 -60.8974 85.6165
0 -26.3562 -60.8891 85.6364
0 -26.3543 -60.8842 85.6564
0 -26.3531 -60.8812 85.6765
0 -26.3714 -60.8616 85.6964
0 -26.4014 -60.832 85.7165
0 -26.4625 -60.7884 85.7364
0 -26.5373 -60.7266 85.7564
0 -26.6443 -60.6459 85.7769
0 -26.7467 -60.5618 85.7964
0 -26.8896 -60.4501 85.8237
0 -27.0136 -60.3475 85.8365
0 -27.1263 -60.2504 85.8564
0 -27.2322 -60.1567 85.8764
0 -27.3391 -60.0747 85.8965
0 -27.4466 -59.9999 85.9164
0 -27.5495 -59.9195 85.9365
0 -27.6496 -59.8358 85.9564
0 -27.7482 -59.7502 85.9764
0 -27.8458 -59.6634 85.9964
0 -27.9671 -59.5681 86.0164
0 -28.0734 -59.4658 86.0364
0 -28.2194 -59.3435 86.0566
0 -28.3699 -59.2269 86.0764
0 -28.5079 -59.099 86.0964
0 -28.572 -58.8951 86.1167
0 -28.6162 -58.6374 86.1364
0 -28.6075 -58.2978 86.1564
0 -28.563 -57.9415 86.1764
0 -28.4917 -57.5649 86.1964
0 -28.4297 -57.2106 86.2166
0 -28.3954 -56.9224 86.2364
0 -28.4433 -56.7155 86.2566
0 -28.5161 -56.5655 86.2764
0 -28.6039 -56.4496 86.2964
0 -28.7006 -56.3542 86.3165
0 -28.7731 -56.2691 86.3364
0 -28.8362 -56.2002 86.3564
0 -28.8986 -56.1509 86.3764
0 -28.9802 -56.0955 86.3964
0 -29.0487 -56.0444 86.4164
0 -29.1391 -55.9979 86.4365
0 -29.1883 -55.96 86.4564
0 -29.2424 -55.9294 86.4764
0 -29.2699 -55.9011 86.4964
0 -29.2863 -55.8841 86.5164
0 -29.2962 -55.8739 86.5365
0 -29.297 -55.8579 86.5564
0 -29.2975 -55.8483 86.5764
0 -29.2928 -55.8326 86.5964
0 -29.2899 -55.8232 86.6164
0 -29.3129 -55.8096 86.6364
0 -29.3307 -55.7685 86.6564
0 -29.3482 -55.6495 86.6764
0 -29.3408 -55.4917 86.6964
0 -29.3174 -55.2674 86.7164
0 -29.2751 -55.0263 86.7366
0 -29.2371 -54.7901 86.7564
0 -29.1975 -54.5899 86.7767
0 -29.1778 -54.4367 86.7964
0 -29.166 -54.3447 86.8164
0 -29.1837 -54.2815 86.8366
0 -29.1943 -54.2436 86.8564
0 -29.2007 -54.2208 86.8764
0 -29.1994 -54.1971 86.8966
0 -29.1986 -54.1829 86.9164
0 -29.193 -54.1644 86.9364
0 -29.1896 -54.1533 86.9566
0 -29.1825 -54.1366 86.9764
0 -29.1782 -54.1266 86.9964
0 -29.1756 -54.1206 87.0166
0 -29.1741 -54.117 87.0364
0 -29.168 -54.1049 87.0564
0 -29.1644 -54.0976 87.0764
0 -29.1571 -54.0832 87.0964
0 -29.1723 -54.0566 87.1164
0 -29.1815 -54.0406 87.1364
0 -29.187 -54.031 87.1564
0 -29.21 -54.0073 87.1764
0 -29.2238 -53.993 87.1964
0 -29.2269 -53.9745 87.2164
0 -29.2536 -53.9553 87.2365
0 -29.2645 -53.9339 87.2564
0 -29.2907 -53.903 87.2764
0 -29.3065 -53.8845 87.2964
0 -29.3356 -53.8554 87.3164
0 -29.3728 -53.8199 87.3366
0 -29.4148 -53.7807 87.3564
0 -29.4349 -53.7472 87.3764
0 -29.4418 -53.7171 87.3964
0 -29.4408 -53.6892 87.4156
0 -29.465 -53.6644 87.4361
0 -29.468 -53.6008 87.4555
0 -29.5079 -53.4979 87.4757
0 -29.5399 -53.3695 87.4956
0 -29.5882 -53.251 87.5156
0 -29.6317 -53.1519 87.5356
0 -29.6776 -53.0745 87.5557
0 -29.7249 -53.01 87.5755
0 -29.7783 -52.9633 87.5956
0 -29.8301 -52.9173 87.6157
0 -29.8861 -52.8817 87.6356
0 -29.9645 -52.8344 87.6557
0 -30.0314 -52.788 87.6755
0 -30.1164 -52.7343 87.6957
0 -30.1872 -52.6841 87.7158
0 -30.2694 -52.6181 87.7355
0 -30.3636 -52.5526 87.7555
0 -30.44 -52.4953 87.7759
0 -30.5359 -52.4451 87.7955
0 -30.6134 -52.3971 87.8157
0 -30.6798 -52.3504 87.8357
0 -30.7646 -52.2965 87.8555
0 -30.8103 -52.2542 87.8756
0 -30.8577 -52.2109 87.8958
0 -30.8809 -52.175 87.9156
0 -30.9199 -52.1455 87.9357
0 -30.9633 -52.11 87.9555
0 -31.0144 -52.0807 87.9756
0 -31.0451 -52.0632 87.9958
0 -31.0635 -52.0527 88.0155
0 -31.0745 -52.0463 88.0358
0 -31.0812 -52.0426 88.0556
0 -31.1051 -52.0224 88.0756
0 -31.1446 -52.0024 88.0955
0 -31.2133 -51.9647 88.1156
0 -31.2746 -51.9242 88.1357
0 -31.3313 -51.8821 88.1555
0 -31.4105 -51.8311 88.1756
0 -31.4874 -51.7591 88.1958
0 -31.5317 -51.6429 88.2155
0 -31.5909 -51.4688 88.2357
0 -31.6435 -51.2441 88.2557
0 -31.6616 -50.9867 88.2756
0 -31.6895 -50.7118 88.2958
0 -31.7244 -50.4557 88.3156
0 -31.7591 -50.2445 88.3361
0 -31.8001 -50.0997 88.3555
0 -31.8448 -49.9948 88.3756
0 -31.8717 -49.9319 88.3956
0 -31.8878 -49.8942 88.4155
0 -31.8974 -49.8715 88.4356
0 -31.9032 -49.8579 88.4555
0 -31.9321 -49.8419 88.4755
0 -31.9747 -49.8244 88.4956
0 -32.0257 -49.8061 88.5155
0 -32.107 -49.7794 88.5356
0 -32.1812 -49.7556 88.5557
0 -32.2765 -49.7257 88.5757
0 -32.3539 -49.6898 88.5957
0 -32.4258 -49.6604 88.6156
0 -32.5094 -49.6068 88.6357
0 -32.6052 -49.5489 88.6557
0 -32.6777 -49.486 88.6758
0 -32.7213 -49.4482 88.6956
0 -32.7474 -49.4256 88.7158
0 -32.763 -49.412 88.7356
0 -32.725 -49.3561 88.7557
0 -32.6704 -49.2907 88.7756
0 -32.6315 -49.2119 88.7956
0 -32.6081 -49.1646 88.8156
0 -32.6196 -49.1284 88.8356
0 -32.6264 -49.1067 88.8556
0 -32.6253 -49.0834 88.8757
0 -32.6195 -49.0592 88.8956
0 -32.616 -49.0447 88.9156
0 -32.6341 -49.0179 88.9358
0 -32.6705 -48.9941 88.9556
0 -32.7381 -48.954 88.9756
0 -32.7989 -48.9119 88.9956
0 -32.861 -48.8789 89.0157
0 -32.944 -48.8333 89.0357
0 -33.0345 -48.77 89.0557
0 -33.155 -48.6883 89.0756
0 -33.268 -48.6034 89.0958
0 -33.3817 -48.5268 89.1156
0 -33.4959 -48.4551 89.1358
0 -33.5901 -48.4045 89.1556
0 -33.6669 -48.3562 89.1757
0 -33.7335 -48.3092 89.1957
0 -33.7682 -48.2709 89.2156
0 -33.8146 -48.2401 89.2357
0 -33.8373 -48.2115 89.2556
0 -33.8713 -48.1764 89.2757
0 -33.9634 -48.1221 89.2956
0 -34.0647 -48.064 89.3156
0 -34.1717 -48.0036 89.3357
0 -34.2768 -47.9316 89.3556
0 -34.386 -47.863 89.3757
0 -34.4978 -47.7964 89.3959
0 -34.5905 -47.7488 89.4156
0 -34.6667 -47.7024 89.4358
0 -34.7329 -47.6568 89.4557
0 -34.7984 -47.6218 89.4758
0 -34.8891 -47.5856 89.4956
0 -34.9693 -47.5564 89.5157
0 -35.069 -47.5238 89.5356
0 -35.2061 -47.4816 89.5557
0 -35.3347 -47.431 89.5758
0 -35.4067 -47.3904 89.5956
0 -35.4757 -47.3585 89.6157
0 -35.5119 -47.3292 89.6356
0 -35.5336 -47.3115 89.6556
0 -35.5414 -47.2907 89.6759
0 -35.5719 -47.2707 89.6959
0 -35.5902 -47.2587 89.7157
0 -35.6012 -47.2515 89.7356
0 -35.6078 -47.2472 89.7557
0 -35.6065 -47.2343 89.7757
0 -35.6316 -47.2191 89.7958
0 -35.6466 -47.21 89.8156
0 -35.6763 -47.1868 89.8357
0 -35.7405 -47.1476 89.8558
0 -35.7997 -47.1064 89.8757
0 -35.8559 -47.0639 89.8956
0 -35.936 -47.0133 89.9158
0 -36.0307 -46.9578 89.9357
0 -36.0713 -46.8635 89.9557
0 -36.0629 -46.6992 89.976
0 -36.025 -46.4929 89.9957
0 -35.9535 -46.2448 90.0157
0 -35.8828 -45.9986 90.0356
0 -35.8392 -45.776 90.0556
0 -35.8018 -45.5916 90.0757
0 -35.8001 -45.463 90.0956
0 -35.7991 -45.3858 90.1157
0 -35.8245 -45.332 90.1357
0 -35.8397 -45.2997 90.1556
0 -35.8489 -45.2803 90.1757
0 -35.8544 -45.2687 90.1956
0 -35.8576 -45.2617 90.2156
0 -35.8596 -45.2575 90.2358
0 -35.8556 -45.2446 90.2556
0 -35.8531 -45.2368 90.2766
0 -35.8516 -45.2322 90.2977
1 -35.8909 -45.2317 91.1356
1 -35.8905 -45.2309 91.1556
1 -35.8903 -45.2304 91.1756
1 -35.8901 -45.2301 91.1958
1 -35.89 -45.2299 91.2156
1 -35.89 -45.2298 91.2359
1 -35.8899 -45.2298 91.2556
1 -35.8899 -45.2297 91.2757
1 -35.8846 -45.2193 91.2959
1 -35.8815 -45.2131 91.3156
1 -35.8796 -45.2093 91.3357
1 -35.8785 -45.2071 91.3556
1 -35.8778 -45.2057 91.3757
1 -35.8774 -45.2049 91.3958
1 -35.8771 -45.2044 91.4156
1 -35.877 -45.2041 91.4357
1 -35.8769 -45.204 91.4557
1 -35.8768 -45.2038 91.4757
1 -35.8768 -45.2038 91.4957
1 -35.8768 -45.2037 91.5157
1 -35.8768 -45.2037 91.5357
1 -35.8768 -45.2037 91.556
1 -35.8767 -45.2037 91.5757
1 -35.8507 -45.2112 91.5959
1 -35.8351 -45.2157 91.6156
1 -35.8258 -45.2185 91.6357
1 -35.7942 -45.2276 91.6558
1 -35.7232 -45.2482 91.6757
1 -35.6287 -45.2757 91.6957
1 -35.52 -45.3074 91.7157
1 -35.377 -45.3493 91.7357
1 -35.2081 -45.387 91.756
1 -35.003 -45.4402 91.7759
1 -34.7505 -45.5108 91.7957
1 -34.4697 -45.5918 91.8157
1 -34.172 -45.6794 91.8358
1 -33.8385 -45.779 91.8558
1 -33.4838 -45.8861 91.8758
1 -33.1422 -45.99 91.8959
1 -32.8344 -46.0842 91.9157
1 -32.5726 -46.1648 91.9359
1 -32.3385 -46.2372 91.9557
1 -32.1466 -46.2967 91.9757
1 -32.0059 -46.3405 91.9959
1 -31.8958 -46.3748 92.0157
1 -31.7784 -46.4116 92.0357
1 -31.6824 -46.4417 92.0559
1 -31.5735 -46.476 92.0757
1 -31.4664 -46.4886 92.0957
1 -31.351 -46.5124 92.1156
1 -31.2305 -46.543 92.1358
1 -31.107 -46.5776 92.1559
1 -30.9562 -46.623 92.1757
1 -30.789 -46.6749 92.1957
1 -30.612 -46.7307 92.2158
1 -30.4548 -46.7807 92.2357
1 -30.3094 -46.8272 92.2559
1 -30.1966 -46.8634 92.2757
1 -30.078 -46.9018 92.2957
1 -29.9813 -46.9331 92.316
1 -29.8978 -46.9602 92.3357
1 -29.7967 -46.9931 92.3557
1 -29.6597 -47.0379 92.3758
1 -29.5265 -47.0815 92.3958
1 -29.3957 -47.1244 92.4159
1 -29.241 -47.1754 92.4356
1 -29.0719 -47.2313 92.4556
1 -28.9196 -47.2817 92.4756
1 -28.7775 -47.3289 92.4956
1 -28.6415 -47.3742 92.5159
1 -28.5091 -47.4183 92.5356
1 -28.4044 -47.4533 92.5556
1 -28.2908 -47.4914 92.5756
1 -28.1973 -47.5227 92.5956
1 -28.1159 -47.5501 92.6158
1 -28.0164 -47.5836 92.6356
1 -27.9061 -47.6208 92.6556
1 -27.7387 -47.6775 92.6756
1 -27.5624 -47.7374 92.6957
1 -27.3556 -47.808 92.7156
1 -27.181 -47.8676 92.7356
1 -27.0006 -47.9295 92.7557
1 -26.8419 -47.984 92.7756
1 -26.7215 -48.0254 92.7956
1 -26.6241 -48.059 92.8156
1 -26.5404 -48.0879 92.8356
1 -26.4398 -48.1228 92.8558
1 -26.3292 -48.1612 92.8756
1 -26.2124 -48.2018 92.8956
1 -26.0418 -48.2614 92.9157
1 -25.864 -48.3236 92.9356
1 -25.6569 -48.3964 92.9556
1 -25.4574 -48.4667 92.9756
1 -25.2375 -48.5445 92.9957
1 -25.0303 -48.618 93.0156
1 -24.881 -48.6711 93.0356
1 -24.7414 -48.7209 93.0557
1 -24.6576 -48.7507 93.0756
1 -24.5823 -48.7776 93.0956
1 -24.5371 -48.7937 93.1157
1 -24.51 -48.8034 93.1356
1 -24.4687 -48.8182 93.1556
1 -24.419 -48.8361 93.1758
1 -24.3641 -48.8558 93.1956
1 -24.2812 -48.8856 93.2156
1 -24.1815 -48.9216 93.2356
1 -24.023 -48.9149 93.2557
1 -23.8217 -48.8427 93.2757
1 -23.5945 -48.7314 93.2961
1 -23.2941 -48.5753 93.3156
1 -22.9744 -48.3836 93.3356
1 -22.6594 -48.1861 93.3556
1 -22.3633 -48.0005 93.3756
1 -22.0865 -47.8622 93.3956
1 -21.8954 -47.7886 93.4156
1 -21.7059 -47.7725 93.4356
1 -21.5423 -47.7816 93.4556
1 -21.3944 -47.8059 93.4757
1 -21.2558 -47.8393 93.4956
1 -21.1228 -47.8782 93.5157
1 -20.9684 -47.9299 93.5356
1 -20.8011 -47.9894 93.5556
1 -20.6262 -48.0535 93.5759
1 -20.4467 -48.1206 93.5957
1 -20.2646 -48.1894 93.6158
1 -20.081 -48.2594 93.6357
1 -19.8964 -48.3302 93.6558
1 -19.7114 -48.4015 93.6756
1 -19.5261 -48.4731 93.6956
1 -19.3408 -48.5451 93.7157
1 -19.1802 -48.6076 93.7356
1 -19.0097 -48.6742 93.7556
1 -18.858 -48.7335 93.7756
1 -18.7177 -48.7886 93.7957
1 -18.5595 -48.8509 93.8156
1 -18.4153 -48.9077 93.8358
1 -18.2795 -48.9614 93.8557
1 -18.1488 -49.0132 93.8757
1 -18.0457 -49.054 93.8956
1 -17.9347 -49.0982 93.9157
1 -17.8435 -49.1345 93.9357
1 -17.7396 -49.1759 93.9556
1 -17.6526 -49.2106 93.9756
1 -17.5513 -49.2511 93.9957
1 -17.4414 -49.2952 94.0157
1 -17.3019 -49.3513 94.0356
1 -17.1445 -49.4146 94.0556
1 -16.9766 -49.4824 94.0756
1 -16.7779 -49.5629 94.0956
1 -16.5608 -49.6511 94.1158
1 -16.3572 -49.7341 94.1356
1 -16.1618 -49.8139 94.1558
1 -15.9957 -49.8819 94.1756
1 -15.8228 -49.9529 94.1956
1 -15.646 -50.0258 94.2159
1 -15.4911 -50.0897 94.2356
1 -15.3251 -50.1584 94.2557
1 -15.1526 -50.23 94.2757
1 -14.976 -50.3034 94.2957
1 -14.8215 -50.3679 94.3156
1 -14.656 -50.4371 94.3357
1 -14.5081 -50.4991 94.3557
1 -14.3466 -50.567 94.3756
1 -14.2012 -50.6282 94.3956
1 -14.0897 -50.6752 94.4157
1 -13.9501 -50.7342 94.4359
1 -13.818 -50.7901 94.4556
1 -13.7145 -50.834 94.4757
1 -13.604 -50.881 94.4958
1 -13.4893 -50.9298 94.5156
1 -13.3722 -50.9797 94.5357
1 -13.2295 -51.0408 94.5556
1 -13.0955 -51.0981 94.5757
1 -12.9669 -51.1533 94.5957
1 -12.8415 -51.2072 94.6157
1 -12.7181 -51.2604 94.6357
1 -12.6199 -51.3027 94.6558
1 -12.5128 -51.3489 94.6757
1 -12.3747 -51.3442 94.6957
1 -12.1771 -51.3051 94.7157
1 -11.968 -51.2351 94.7357
1 -11.7277 -51.1572 94.7558
1 -11.4206 -51.0961 94.7757
1 -11.0901 -51.0594 94.7958
1 -10.7455 -51.0378 94.8157
1 -10.4094 -51.0396 94.8357
1 -10.0544 -51.0664 94.8558
1 -9.70495 -51.1225 94.8758
1 -9.38287 -51.1856 94.8957
1 -9.0702 -51.2778 94.9157
1 -8.78717 -51.3768 94.9357
1 -8.52202 -51.4798 94.9557
1 -8.29149 -51.5746 94.9757
1 -8.08178 -51.6643 94.9957
1 -7.86086 -51.7622 95.0157
1 -7.6808 -51.8429 95.0357
1 -7.54901 -51.9023 95.0559
1 -7.4462 -51.9491 95.0757
1 -7.33704 -51.9992 95.0957
1 -7.22411 -52.0513 95.1157
1 -7.10893 -52.1048 95.1359
1 -6.99242 -52.159 95.1557
1 -6.87515 -52.2137 95.1757
1 -6.75744 -52.2688 95.1957
1 -6.61584 -52.3351 95.2157
1 -6.45995 -52.4084 95.2357
1 -6.27873 -52.4722 95.2557
1 -6.04869 -52.503 95.2757
1 -5.77923 -52.4759 95.2957
1 -5.486 -52.4143 95.3157
1 -5.13793 -52.33 95.3357
1 -4.77376 -52.2461 95.3557
1 -4.41023 -52.2011 95.3757
1 -4.04711 -52.1798 95.3957
1 -3.68429 -52.1729 95.4157
1 -3.35568 -52.2015 95.4357
1 -3.06468 -52.265 95.4557
1 -2.81978 -52.3379 95.4757
1 -2.60258 -52.4164 95.4957
1 -2.44886 -52.4752 95.5157
1 -2.30983 -52.5337 95.5357
1 -2.10522 -52.5641 95.5557
1 -1.82718 -52.5515 95.5758
1 -1.51127 -52.4886 95.5957
1 -1.15538 -52.3828 95.6157
1 -0.758148 -52.2387 95.6357
1 -0.393513 -52.0862 95.6557
1 -0.00161916 -51.9529 95.6757
1 0.389533 -51.8444 95.6958
1 0.722529 -51.7648 95.7157
1 1.0034 -51.7155 95.7357
1 1.21849 -51.7101 95.7557
1 1.39407 -51.7311 95.7757
1 1.54594 -51.7679 95.7957
1 1.68355 -51.8142 95.8157
1 1.81257 -51.8662 95.8358
1 1.95964 -51.9339 95.8557
1 2.11748 -52.011 95.8757
1 2.30489 -52.106 95.896
1 2.4868 -52.1996 95.9159
1 2.68849 -52.3047 95.9357
1 2.87884 -52.4045 95.9557
1 3.1085 -52.5258 95.9757
1 3.36158 -52.66 95.9957
1 3.60556 -52.7899 96.0157
1 3.86697 -52.9295 96.0357
1 4.11572 -53.0629 96.0559
1 4.35677 -53.1925 96.0757
1 4.5702 -53.3075 96.0957
1 4.74409 -53.4014 96.1157
1 4.91712 -53.4951 96.1357
1 5.04383 -53.5638 96.1558
1 5.16561 -53.6299 96.1759
1 5.26155 -53.6821 96.1957
1 5.34198 -53.7259 96.2157
1 5.39024 -53.7521 96.2357
1 5.44205 -53.7804 96.2558
1 5.49599 -53.8099 96.2758
1 5.55119 -53.84 96.2958
1 5.62999 -53.8831 96.3157
1 5.74573 -53.9466 96.3357
1 5.86079 -54.0097 96.3558
1 5.9982 -54.0853 96.3757
1 6.17172 -54.1809 96.3957
1 6.36681 -54.2887 96.4158
1 6.644 -54.3548 96.4357
1 6.98245 -54.3593 96.4557
1 7.36984 -54.2902 96.4757
1 7.82172 -54.1534 96.4963
1 8.31792 -54.0018 96.5176
1 8.77101 -53.8898 96.5362
1 9.18592 -53.8387 96.5564
1 9.52023 -53.8351 96.5764
1 9.78861 -53.8721 96.5963
1 10.0174 -53.9334 96.6163
1 10.2223 -54.0093 96.6363
1 10.4129 -54.094 96.6561
1 10.6174 -54.1972 96.6758
1 10.8075 -54.2985 96.6958
1 10.9891 -54.3986 96.7162
1 11.1878 -54.5112 96.7362
1 11.3968 -54.6315 96.7557
1 11.6119 -54.7563 96.7762
1 11.8304 -54.8841 96.7961
1 12.051 -55.0136 96.8159
1 12.2504 -55.1311 96.8359
1 12.4673 -55.1933 96.8559
1 12.7521 -55.2128 96.8761
1 13.0332 -55.1803 96.896
1 13.3743 -55.1322 96.9161
1 13.7117 -55.073 96.9359
1 14.0515 -55.0325 96.956
1 14.3483 -54.9763 96.9758
1 14.6193 -54.9109 96.9958
1 14.835 -54.8378 97.016
1 15.0176 -54.7601 97.0362
1 15.1803 -54.6798 97.0561
1 15.3311 -54.5979 97.0759
1 15.497 -54.5287 97.0958
1 15.6677 -54.4425 97.1158
1 15.8634 -54.3598 97.1358
1 16.0965 -54.2931 97.1557
1 16.3298 -54.2225 97.1758
1 16.6033 -54.1524 97.1958
1 16.8611 -54.0801 97.2158
1 17.1094 -54.0067 97.2358
1 17.3121 -53.9297 97.2558
1 17.4916 -53.8755 97.2758
1 17.6352 -53.8212 97.2959
1 17.7614 -53.7915 97.3158
1 17.8729 -53.752 97.3358
1 17.9936 -53.6956 97.3558
1 18.1421 -53.6431 97.3759
1 18.285 -53.5791 97.3958
1 18.4468 -53.5222 97.4157
1 18.6199 -53.4697 97.4357
1 18.8041 -53.4448 97.4559
1 18.9728 -53.4224 97.4761
1 19.1723 -53.4049 97.4958
1 19.3945 -53.4154 97.5158
1 19.6482 -53.4322 97.5358
1 19.8807 -53.4493 97.5559
1 20.1627 -53.4845 97.5761
1 20.4341 -53.5273 97.5958
1 20.7213 -53.5889 97.6159
1 21.0178 -53.6621 97.636
1 21.3199 -53.7424 97.6559
1 21.629 -53.8519 97.6759
1 21.9203 -53.9647 97.6959
1 22.1608 -54.0756 97.7159
1 22.3489 -54.171 97.7358
1 22.4618 -54.2282 97.7591
1 22.5295 -54.2625 97.7759
1 22.5701 -54.2831 97.7959
1 22.5945 -54.2955 97.8159
1 22.6091 -54.3029 97.8359
1 22.6398 -54.3218 97.8558
1 22.6763 -54.3228 97.8758
1 22.7963 -54.3213 97.896
1 22.9263 -54.3144 97.9158
1 23.1206 -54.2982 97.936
1 23.3098 -54.2476 97.9558
1 23.5542 -54.1706 97.9759
1 23.8099 -54.0636 97.9959
1 24.0727 -53.9388 98.0158
1 24.3033 -53.8236 98.0359
1 24.5 -53.7491 98.0559
1 24.7052 -53.7051 98.0758
1 24.9555 -53.6841 98.0959
1 25.2295 -53.7107 98.1159
1 25.5141 -53.7412 98.136
1 25.7833 -53.7595 98.1559
1 26.0799 -53.7509 98.1759
1 26.3495 -53.6967 98.196
1 26.6031 -53.6152 98.2159
1 26.8358 -53.5187 98.2359
1 27.0561 -53.4131 98.2559
1 27.2321 -53.3216 98.2758
1 27.393 -53.2376 98.2958
1 27.5552 -53.1742 98.3158
1 27.6893 -53.1168 98.3359
1 27.8138 -53.0543 98.3559
1 27.9798 -52.9855 98.3759
1 28.149 -52.8979 98.3959
1 28.3235 -52.8237 98.4159
1 28.4651 -52.7601 98.4358
1 28.6345 -52.6996 98.4558
1 28.7917 -52.6346 98.4758
1 28.9188 -52.5686 98.496
1 29.0392 -52.5011 98.5159
1 29.1187 -52.4519 98.5359
1 29.1848 -52.4128 98.556
1 29.2617 -52.3703 98.5759
1 29.3335 -52.3265 98.5958
1 29.4137 -52.2812 98.6158
1 29.499 -52.2351 98.6359
1 29.6131 -52.1701 98.656
1 29.7516 -52.0852 98.6761
1 29.8906 -52.0059 98.696
1 30.0299 -51.93 98.7159
1 30.1694 -51.8563 98.736
1 30.2904 -51.7933 98.7558
1 30.4003 -51.7367 98.7759
1 30.4849 -51.6934 98.796
1 30.5833 -51.6646 98.816
1 30.7013 -51.6442 98.8359
1 30.8126 -51.6381 98.8558
1 30.9197 -51.6406 98.8759
1 30.984 -51.6421 98.8959
1 31.0443 -51.6585 98.9158
1 31.1022 -51.6838 98.936
1 31.1369 -51.6991 98.956
1 31.1867 -51.7149 98.9758
1 31.2382 -51.7399 98.996
1 31.3125 -51.786 99.0158
1 31.4292 -51.8515 99.0359
1 31.5426 -51.9219 99.0559
1 31.6322 -51.9797 99.0758
1 31.7293 -52.0456 99.0959
1 31.8091 -52.1007 99.1158
1 31.8571 -52.1337 99.136
1 31.8858 -52.1535 99.1559
1 31.903 -52.1654 99.1758
1 31.9134 -52.1726 99.1959
1 31.9196 -52.1769 99.216
1 31.9233 -52.1794 99.2359
1 31.9256 -52.181 99.2558
1 31.9269 -52.1819 99.2759
1 31.9277 -52.1825 99.296
1 31.9282 -52.1828 99.3159
1 31.9285 -52.183 99.3359
1 31.9287 -52.1831 99.3559
0 31.995 -51.9953 101.316
0 31.9687 -51.9454 101.336
0 31.9384 -51.8912 101.356
0 31.9275 -51.8499 101.376
0 31.8776 -51.794 101.396
0 31.8332 -51.7361 101.416
0 31.7416 -51.6545 101.436
0 31.6793 -51.5726 101.456
0 31.6057 -51.4836 101.476
0 31.5254 -51.3903 101.496
0 31.4337 -51.3031 101.516
0 31.3641 -51.2264 101.536
0 31.2789 -51.1493 101.556
0 31.2132 -51.0787 101.576
0 31.1374 -50.9965 101.596
0 31.0337 -50.8917 101.616
0 30.9133 -50.7734 101.636
0 30.7828 -50.647 101.656
0 30.6533 -50.507 101.676
0 30.5171 -50.3676 101.696
0 30.3769 -50.2286 101.716
0 30.2634 -50.0966 101.736
0 30.1438 -49.9532 101.756
0 29.9987 -49.7876 101.776
0 29.86 -49.6241 101.796
0 29.6811 -49.4309 101.816
0 29.5 -49.2353 101.836
0 29.3323 -49.0627 101.856
0 29.1797 -48.8951 101.876
0 29.0584 -48.746 101.896
0 28.9778 -48.6234 101.916
0 28.8996 -48.5013 101.936
0 28.852 -48.3862 101.956
0 28.7936 -48.2686 101.976
0 28.7135 -48.1253 101.996
0 28.6355 -47.9907 102.016
0 28.5586 -47.8615 102.036
0 28.4602 -47.7199 102.056
0 28.3933 -47.6019 102.076
0 28.323 -47.4827 102.096
0 28.2657 -47.3868 102.116
0 28.2457 -47.3119 102.136
0 28.2187 -47.2427 102.156
0 28.2096 -47.1925 102.176
0 28.2042 -47.1623 102.196
0 28.2009 -47.1443 102.216
0 28.199 -47.1334 102.236
0 28.205 -47.1182 102.256
0 28.2086 -47.1091 102.276
0 28.2107 -47.1036 102.296
0 28.2192 -47.0916 102.316
0 28.2243 -47.0844 102.336
0 28.2274 -47.0801 102.356
0 28.2292 -47.0775 102.376
0 28.2375 -47.0673 102.396
0 28.2425 -47.0611 102.416
0 28.2455 -47.0575 102.436
0 28.3394 -46.8596 102.936
0 28.3015 -46.8119 102.956
0 28.2413 -46.7435 102.976
0 28.1677 -46.6627 102.996
0 28.1084 -46.59 103.016
0 28.0353 -46.5066 103.036
0 27.9539 -46.4168 103.056
0 27.8603 -46.3317 103.076
0 27.789 -46.2565 103.096
0 27.7013 -46.1803 103.116
0 27.6111 -46.0948 103.136
0 27.5121 -46.0124 103.156
0 27.4222 -45.9146 103.176
0 27.3305 -45.8161 103.196
0 27.2378 -45.7174 103.216
0 27.1668 -45.6339 103.236
0 27.0864 -45.5441 103.256
0 26.9778 -45.435 103.276
0 26.8748 -45.3298 103.296
0 26.7823 -45.2183 103.316
0 26.6888 -45.1118 103.336
0 26.6019 -44.9995 103.356
0 26.4964 -44.8682 103.376
0 26.3498 -44.7188 103.396
0 26.1784 -44.5586 103.416
0 26.0148 -44.4074 103.436
0 25.8557 -44.2616 103.456
0 25.7065 -44.1103 103.476
0 25.5858 -43.9712 103.496
0 25.4523 -43.8328 103.516
0 25.3411 -43.7014 103.536
0 25.2359 -43.5829 103.556
0 25.1344 -43.4723 103.576
0 25.035 -43.3664 103.596
0 24.9669 -43.27 103.616
0 24.9104 -43.188 103.636
0 24.8608 -43.1146 103.656
0 24.8083 -43.0552 103.676
0 24.7382 -42.98 103.696
0 24.6804 -42.9108 103.716
0 24.6072 -42.8297 103.736
0 24.5475 -42.7569 103.756
0 24.4731 -42.6737 103.776
0 24.4127 -42.5997 103.796
0 24.3607 -42.5311 103.816
0 24.2908 -42.4505 103.836
0 24.2332 -42.378 103.856
0 24.1598 -42.295 103.876
0 24.1 -42.2211 103.896
0 24.0325 -42.1286 103.916
0 23.9762 -42.0489 103.936
0 23.9266 -41.9771 103.956
0 23.8881 -41.9011 103.976
0 23.8492 -41.8315 103.996
0 23.8101 -41.7656 104.016
0 23.7707 -41.702 104.036
0 23.7542 -41.6552 104.056
0 23.7444 -41.627 104.076
0 23.7456 -41.6015 104.096
0 23.7464 -41.5862 104.116
0 23.7309 -41.5529 104.136
0 23.7289 -41.5243 104.156
0 23.6887 -41.4676 104.176
0 23.6257 -41.3942 104.196
0 23.5417 -41.3193 104.216
0 23.4523 -41.235 104.236
0 23.3669 -41.1362 104.256
0 23.2765 -41.0376 104.276
0 23.1904 -40.9303 104.296
0 23.1156 -40.8505 104.316
0 23.0547 -40.7786 104.336
0 22.9719 -40.7048 104.356
0 22.899 -40.6451 104.376
0 22.7929 -40.5546 104.396
0 22.6829 -40.4696 104.416
0 22.5776 -40.3793 104.436
0 22.4823 -40.277 104.456
0 22.3787 -40.185 104.476
0 22.2539 -40.0752 104.496
0 22.1325 -39.9788 104.516
0 22.0202 -39.8816 104.536
0 21.9134 -39.784 104.556
0 21.8027 -39.6949 104.576
0 21.6968 -39.6022 104.596
0 21.6099 -39.5313 104.616
0 21.5182 -39.4495 104.636
0 21.4399 -39.3852 104.656
0 21.4 -39.3378 104.676
0 21.3527 -39.2942 104.696
0 21.3081 -39.244 104.716
0 21.2885 -39.2051 104.736
0 21.2767 -39.1818 104.756
0 21.2696 -39.1678 104.776
0 21.2654 -39.1594 104.796
0 21.27 -39.1456 104.816
0 21.2728 -39.1373 104.836
0 21.2744 -39.1324 104.856
0 21.2754 -39.1294 104.876
0 21.2598 -39.1036 104.895
0 21.2575 -39.0794 104.915
0 21.2562 -39.0649 104.935
0 21.2554 -39.0562 104.955
0 21.2315 -39.0357 104.975
0 21.2433 -39.0031 104.995
0 21.2722 -38.9366 105.015
0 21.2807 -38.8432 105.035
0 21.3004 -38.7489 105.055
0 21.315 -38.6567 105.075
0 21.3221 -38.5391 105.095
0 21.3247 -38.4062 105.115
0 21.3437 -38.2525 105.135
0 21.3343 -38.1094 105.155
0 21.308 -37.9726 105.175
0 21.2786 -37.8307 105.195
0 21.2637 -37.7099 105.215
0 21.2646 -37.5928 105.235
0 21.3297 -37.4792 105.255
0 21.4069 -37.388 105.275
0 21.4987 -37.3014 105.295
0 21.592 -37.2265 105.315
0 21.6672 -37.1701 105.335
0 21.7314 -37.1248 105.355
0 21.7699 -37.0976 105.375
0 21.7767 -37.057 105.395
0 21.7572 -37.0173 105.415
0 21.682 -36.9383 105.435
0 21.5898 -36.8602 105.455
0 21.4945 -36.7737 105.475
0 21.4044 -36.6733 105.495
0 21.3104 -36.5734 105.515
0 21.2139 -36.4739 105.535
0 21.1467 -36.381 105.555
0 21.09 -36.3011 105.575
0 21.0394 -36.2289 105.595
0 20.9854 -36.1702 105.615
0 20.9531 -36.135 105.635
0 20.9171 -36.0896 105.655
0 20.8956 -36.0624 105.675
0 20.8899 -36.0372 105.695
0 20.8864 -36.0221 105.715
0 20.8844 -36.013 105.735
0 20.8831 -36.0075 105.755
0 20.8779 -35.9773 105.775
0 20.8537 -35.9078 105.795
0 20.8301 -35.8122 105.815
0 20.8378 -35.7072 105.835
0 20.8478 -35.5723 105.856
0 20.8519 -35.4283 105.875
0 20.8332 -35.2906 105.895
0 20.8439 -35.1603 105.915
0 20.8292 -35.0307 105.935
0 20.8231 -34.9169 105.955
0 20.822 -34.8125 105.975
0 20.781 -34.7102 105.995
0 20.7326 -34.6334 106.015
0 20.6869 -34.5629 106.035
0 20.6118 -34.4899 106.055
0 20.5501 -34.4217 106.075
0 20.4893 -34.3654 106.095
0 20.405 -34.3009 106.115
0 20.3378 -34.2379 106.135
0 20.2929 -34.1729 106.155
0 20.307 -34.0743 106.175
0 20.3301 -33.9762 106.195
0 20.3419 -33.854 106.215
0 20.4334 -33.7247 106.235
0 20.527 -33.6237 106.255
0 20.641 -33.528 106.275
0 20.7314 -33.4227 106.295
0 20.7571 -33.3169 106.315
0 20.7559 -33.2289 106.335
0 20.7312 -33.1606 106.355
0 20.6924 -33.1042 106.375
0 20.6284 -33.0304 106.395
0 20.5733 -32.9615 106.415
0 20.5235 -32.8957 106.435
0 20.5008 -32.8471 106.455
0 20.4465 -32.778 106.475
0 20.3899 -32.7211 106.495
0 20.3319 -32.6715 106.515
0 20.2491 -32.6109 106.535
0 20.1826 -32.5501 106.555
0 20.1018 -32.4736 106.575
0 20.0365 -32.4033 106.595
0 19.9806 -32.3365 106.615
0 19.9301 -32.272 106.635
0 19.8517 -32.2025 106.657
0 19.7878 -32.1363 106.675
0 19.7494 -32.0966 106.695
0 19.7096 -32.0482 106.715
0 19.6857 -32.0192 106.735
0 19.6472 -31.9865 106.755
0 19.6313 -31.9577 106.775
0 19.6218 -31.9404 106.796
0 19.592 -31.9147 106.815
0 19.5572 -31.8747 106.835
0 19.5364 -31.8508 106.855
0 19.507 -31.8119 106.875
0 19.4893 -31.7886 106.895
0 19.4787 -31.7746 106.915
0 19.4482 -31.7509 106.935
0 19.4299 -31.7366 106.955
0 19.4262 -31.719 106.975
0 19.424 -31.7084 106.995
0 19.4226 -31.702 107.015
0 19.3977 -31.6828 107.035
0 19.4311 -31.6019 107.056
0 19.4441 -31.4621 107.075
0 19.5004 -31.3088 107.095
0 19.544 -31.1501 107.115
0 19.5848 -31.0157 107.135
0 19.6482 -30.9112 107.155
0 19.662 -30.8331 107.175
0 19.6533 -30.7615 107.195
0 19.6481 -30.7186 107.215
0 19.6523 -30.6837 107.235
0 19.6305 -30.6473 107.255
0 19.5932 -30.61 107.275
0 19.5539 -30.5631 107.295
0 19.5375 -30.5257 107.315
0 19.535 -30.4941 107.335
0 19.5407 -30.4659 107.355
0 19.5199 -30.4336 107.375
0 19.5074 -30.4142 107.395
0 19.4829 -30.378 107.415
0 19.4682 -30.3562 107.435
0 19.4424 -30.3186 107.455
0 19.3856 -30.256 107.475
0 19.3345 -30.1938 107.495
0 19.2553 -30.1257 107.515
0 19.1736 -30.0357 107.535
0 19.076 -29.9508 107.555
0 18.976 -29.86 107.575
0 18.8673 -29.7747 107.595
0 18.785 -29.699 107.615
0 18.6624 -29.6075 107.635
0 18.523 -29.4973 107.655
0 18.3977 -29.3913 107.676
0 18.3127 -29.294 107.695
0 18.2444 -29.211 107.715
0 18.1863 -29.1367 107.735
0 18.1514 -29.0922 107.755
0 18.1305 -29.0654 107.775
0 18.118 -29.0494 107.795
0 18.1104 -29.0397 107.815
0 18.1132 -29.0248 107.835
0 18.1148 -29.0158 107.855
0 18.1158 -29.0104 107.875
0 18.1164 -29.0072 107.895
0 18.1167 -29.0052 107.915
0 18.1242 -28.9949 107.935
0 18.1287 -28.9887 107.955
0 18.1386 -28.9758 107.975
0 18.1446 -28.968 107.995
0 18.1481 -28.9634 108.015
0 18.1503 -28.9606 108.035
1 18.2079 -28.8878 108.955
1 18.2079 -28.8878 108.975
1 18.2079 -28.8877 108.995
1 18.2079 -28.8877 109.016
1 18.2079 -28.8877 109.036
1 18.2079 -28.8877 109.055
1 18.2079 -28.8877 109.075
1 18.2079 -28.8877 109.096
1 18.2079 -28.8877 109.115
1 18.2079 -28.8877 109.135
1 18.2079 -28.8877 109.155
1 18.2079 -28.8877 109.175
1 18.2079 -28.8877 109.195
1 18.2079 -28.8877 109.215
1 18.2079 -28.8877 109.235
1 18.2079 -28.8877 109.255
1 18.2079 -28.8877 109.275
1 18.2079 -28.8877 109.295
1 18.2079 -28.8877 109.315
1 18.2079 -28.8877 109.335
1 18.2324 -28.9031 109.355
1 18.2715 -28.9277 109.375
1 18.3438 -28.9732 109.395
1 18.4116 -29.016 109.415
1 18.5279 -29.0511 109.435
1 18.7 -29.0389 109.456
1 18.9252 -28.9864 109.475
1 19.1775 -28.8823 109.495
1 19.4658 -28.7356 109.515
1 19.7759 -28.5638 109.535
1 20.1041 -28.4047 109.555
1 20.4188 -28.2381 109.575
1 20.7501 -28.0829 109.595
1 21.0473 -27.9309 109.615
1 21.3242 -27.7811 109.635
1 21.5298 -27.6678 109.655
1 21.7367 -27.5806 109.675
1 21.9124 -27.5231 109.695
1 22.0665 -27.5204 109.715
1 22.1788 -27.5071 109.735
1 22.2902 -27.5034 109.755
1 22.3966 -27.4779 109.775
1 22.4604 -27.4627 109.795
1 22.5185 -27.4419 109.815
1 22.6172 -27.4222 109.835
1 22.7161 -27.3873 109.858
1 22.8512 -27.3773 109.875
1 22.9962 -27.3643 109.895
1 23.1517 -27.3769 109.915
1 23.3134 -27.4051 109.935
1 23.4986 -27.4312 109.955
1 23.6979 -27.4561 109.975
1 23.8814 -27.4644 109.995
1 24.0798 -27.4788 110.015
1 24.2627 -27.4809 110.035
1 24.4165 -27.487 110.055
1 24.5287 -27.4793 110.075
1 24.6718 -27.4864 110.095
1 24.8017 -27.4956 110.115
1 24.9039 -27.5173 110.135
1 25.0136 -27.5627 110.155
1 25.111 -27.5969 110.175
1 25.2179 -27.6499 110.195
1 25.3061 -27.6979 110.215
1 25.3833 -27.743 110.235
1 25.4296 -27.77 110.255
1 25.4573 -27.7863 110.275
1 25.5137 -27.7736 110.295
1 25.5874 -27.7435 110.315
1 25.6514 -27.7143 110.335
1 25.7339 -27.7018 110.355
1 25.8307 -27.6627 110.375
1 25.9328 -27.6443 110.395
1 26.0182 -27.6497 110.415
1 26.101 -27.6599 110.435
1 26.1582 -27.6567 110.455
1 26.2241 -27.6619 110.475
1 26.2637 -27.665 110.495
1 26.3115 -27.6832 110.515
1 26.3885 -27.7269 110.535
1 26.4587 -27.7696 110.557
1 26.5491 -27.828 110.575
1 26.659 -27.8866 110.596
1 26.773 -27.9547 110.615
1 26.9534 -28.0227 110.635
1 27.1496 -28.0745 110.655
1 27.3113 -28.111 110.675
1 27.4962 -28.144 110.695
1 27.6991 -28.2025 110.715
1 27.9127 -28.2763 110.735
1 28.1327 -28.3596 110.755
1 28.3365 -28.4594 110.775
1 28.5505 -28.5584 110.795
1 28.7342 -28.6419 110.815
1 28.9122 -28.7146 110.835
1 29.1066 -28.77 110.855
1 29.2671 -28.8092 110.875
1 29.4311 -28.8555 110.895
1 29.5533 -28.9 110.915
1 29.6982 -28.977 110.935
1 29.8565 -29.0736 110.955
1 30.0228 -29.1819 110.975
1 30.1939 -29.2974 110.995
1 30.3441 -29.4004 111.015
1 30.5053 -29.5128 111.035
1 30.6495 -29.614 111.055
1 30.7598 -29.6916 111.075
1 30.8733 -29.7719 111.095
1 30.9887 -29.8539 111.115
1 31.1017 -29.9094 111.135
1 31.253 -29.928 111.155
1 31.3839 -29.918 111.175
1 31.5224 -29.8804 111.195
1 31.6892 -29.8433 111.215
1 31.8493 -29.7896 111.235
1 32.0056 -29.7261 111.255
1 32.163 -29.6842 111.275
1 32.3489 -29.6359 111.295
1 32.5242 -29.6032 111.315
1 32.7168 -29.5972 111.335
1 32.8962 -29.5901 111.355
1 33.071 -29.6098 111.375
1 33.2633 -29.6355 111.395
1 33.5097 -29.6719 111.415
1 33.7449 -29.7078 111.435
1 33.9934 -29.7334 111.455
1 34.2265 -29.7357 111.475
1 34.4738 -29.7414 111.495
1 34.686 -29.7421 111.515
1 34.8771 -29.7398 111.535
1 35.0355 -29.7458 111.555
1 35.1708 -29.7294 111.575
1 35.2755 -29.7369 111.595
1 35.3853 -29.7763 111.615
1 35.498 -29.8348 111.635
1 35.6126 -29.9047 111.655
1 35.7483 -29.9717 111.675
1 35.8701 -29.992 111.695
1 36.0147 -29.9929 111.715
1 36.1652 -29.9912 111.735
1 36.3472 -29.9691 111.755
1 36.5405 -29.9439 111.775
1 36.7172 -29.8994 111.795
1 36.9073 -29.8611 111.815
1 37.0619 -29.8186 111.835
1 37.2186 -29.7913 111.855
1 37.3967 -29.7635 111.875
1 37.5909 -29.7629 111.895
1 37.7511 -29.7706 111.915
1 37.8908 -29.7833 111.935
1 38.0385 -29.7894 111.955
1 38.1475 -29.7836 111.975
1 38.2768 -29.7786 111.995
1 38.4183 -29.7744 112.015
1 38.5875 -29.7611 112.035
1 38.7297 -29.7341 112.055
1 38.876 -29.6896 112.075
1 39.0045 -29.6439 112.095
1 39.166 -29.6062 112.115
1 39.3473 -29.5732 112.135
1 39.5715 -29.5521 112.155
1 39.8137 -29.5474 112.175
1 40.0668 -29.5527 112.195
1 40.3467 -29.555 112.215
1 40.6252 -29.5921 112.235
1 40.8795 -29.6322 112.255
1 41.0962 -29.6561 112.275
1 41.2903 -29.6704 112.295
1 41.4271 -29.6698 112.315
1 41.5093 -29.6695 112.335
1 41.5586 -29.6693 112.355
1 41.5881 -29.6692 112.375
1 41.6059 -29.6691 112.395
1 41.6165 -29.6691 112.415
1 41.6229 -29.6691 112.435
1 41.6908 -29.6691 112.455
1 41.7598 -29.6508 112.475
1 41.8422 -29.6218 112.495
1 41.912 -29.5954 112.515
1 41.9745 -29.5705 112.535
1 42.0324 -29.5466 112.555
1 42.0876 -29.5232 112.575
1 42.1413 -29.5002 112.595
1 42.1939 -29.4774 112.615
1 42.2666 -29.4458 112.635
1 42.3511 -29.409 112.655
1 42.4429 -29.369 112.675
1 42.5596 -29.3183 112.695
1 42.6912 -29.2612 112.715
1 42.8523 -29.1916 112.735
1 43.0107 -29.1234 112.755
1 43.188 -29.0474 112.775
1 43.3562 -28.9755 112.795
1 43.4983 -28.915 112.815
1 43.6247 -28.8612 112.835
1 43.7212 -28.8203 112.855
1 43.8203 -28.7784 112.875
1 43.9004 -28.7446 112.895
1 43.9691 -28.7156 112.915
1 44.0309 -28.6896 112.935
1 44.0887 -28.6654 112.955
1 44.1439 -28.6422 112.975
1 44.1771 -28.6283 112.995
1 44.2176 -28.6114 113.015
1 44.242 -28.6012 113.035
1 44.2566 -28.5951 113.055
1 44.286 -28.5828 113.075
1 44.3036 -28.5755 113.095
1 44.3142 -28.571 113.115
1 44.3412 -28.5598 113.135
1 44.378 -28.5445 113.155
1 44.4493 -28.5087 113.175
1 44.5413 -28.4607 113.195
1 44.6743 -28.3875 113.215
1 44.7954 -28.3265 113.235
1 44.9381 -28.255 113.255
1 45.0651 -28.1951 113.275
1 45.162 -28.1507 113.295
1 45.2409 -28.1157 113.315
1 45.2882 -28.0946 113.335
1 45.3166 -28.082 113.355
1 45.3336 -28.0744 113.375
1 45.3438 -28.0698 113.396
1 45.3707 -28.0587 113.415
1 45.4075 -28.0435 113.435
1 45.4582 -28.0166 113.455
1 45.5173 -27.9825 113.475
1 45.5735 -27.9537 113.495
1 45.6279 -27.9279 113.515
1 45.6813 -27.9041 113.535
1 45.7341 -27.8814 113.555
1 45.7865 -27.8594 113.575
1 45.8387 -27.8379 113.595
1 45.9116 -27.8082 113.615
1 45.9968 -27.7738 113.635
1 46.0895 -27.7364 113.655
1 46.1867 -27.6975 113.675
1 46.3074 -27.6492 113.695
1 46.4214 -27.6038 113.715
1 46.5314 -27.5601 113.735
1 46.6391 -27.5174 113.755
1 46.7661 -27.4673 113.775
1 46.8919 -27.4113 113.795
1 47.0091 -27.3614 113.815
1 47.1003 -27.3234 113.835
1 47.1758 -27.2924 113.855
1 47.2211 -27.2738 113.875
1 47.2483 -27.2627 113.895
1 47.2855 -27.2479 113.915
1 47.3078 -27.239 113.935
1 47.3212 -27.2337 113.955
1 47.3372 -27.2209 113.975
1 47.3467 -27.2132 113.995
1 47.3525 -27.2086 114.015
1 47.3559 -27.2059 114.035
1 47.358 -27.2042 114.056
1 47.3593 -27.2032 114.075
1 47.36 -27.2026 114.095
1 47.3604 -27.2023 114.115
1 47.3607 -27.202 114.135
1 47.3817 -27.1938 114.155
1 47.4152 -27.1808 114.175
1 47.4562 -27.1648 114.195
1 47.5225 -27.1392 114.215
1 47.5831 -27.1157 114.235
1 47.6613 -27.0855 114.255
1 47.7291 -27.0594 114.276
1 47.7906 -27.0357 114.295
1 47.8485 -27.0134 114.315
1 47.912 -26.9825 114.335
1 47.9502 -26.9639 114.355
1 47.9939 -26.9447 114.375
1 48.0491 -26.9156 114.395
1 48.1471 -26.9012 114.415
1 48.2348 -26.8749 114.435
1 48.3545 -26.8891 114.455
1 48.4703 -26.9087 114.475
1 48.5628 -26.9394 114.495
1 48.6703 -26.9594 114.515
1 48.7788 -26.9824 114.535
1 48.8858 -26.9805 114.555
1 48.9709 -26.9715 114.575
1 49.0429 -26.9583 114.595
1 49.115 -26.9329 114.615
1 49.2023 -26.9289 114.635
1 49.2626 -26.9168 114.655
1 49.3428 -26.9209 114.675
1 49.435 -26.9346 114.695
1 49.5112 -26.9351 114.715
1 49.6089 -26.937 114.735
1 49.7325 -26.9418 114.756
1 49.8796 -26.9388 114.776
1 50.0328 -26.9407 114.795
1 50.1667 -26.9265 114.815
1 50.2681 -26.9103 114.835
1 50.3709 -26.8852 114.855
1 50.4555 -26.8894 114.876
1 50.5354 -26.8746 114.895
1 50.5832 -26.8658 114.915
1 50.612 -26.8605 114.935
1 50.6292 -26.8573 114.955
1 50.6606 -26.8477 114.975
1 50.6794 -26.842 114.995
1 50.7347 -26.8502 115.015
1 50.8179 -26.8303 115.035
1 50.8889 -26.8107 115.056
1 50.9815 -26.7742 115.075
1 51.0792 -26.7372 115.096
1 51.1799 -26.6999 115.115
1 51.2824 -26.6624 115.135
1 51.3861 -26.625 115.155
1 51.4693 -26.595 115.175
1 51.5614 -26.5621 115.195
1 51.6477 -26.552 115.215
1 51.6994 -26.546 115.235
1 51.7534 -26.5617 115.256
1 51.8298 -26.5831 115.275
1 51.8757 -26.5959 115.295
1 51.9552 -26.6059 115.315
1 52.047 -26.6239 115.335
1 52.1231 -26.6273 115.355
1 52.1898 -26.6219 115.375
1 52.2528 -26.6381 115.395
1 52.3216 -26.6576 115.415
1 52.4068 -26.6814 115.435
1 52.4808 -26.7151 115.455
1 52.5481 -26.7548 115.476
1 52.6096 -26.7713 115.495
1 52.6774 -26.791 115.515
1 52.7181 -26.8029 115.535
1 52.7654 -26.8295 115.555
1 52.7938 -26.8454 115.575
1 52.8319 -26.8477 115.595
1 52.8857 -26.8589 115.615
1 52.918 -26.8657 115.635
1 52.9813 -26.8819 115.655
1 53.0484 -26.8747 115.675
1 53.1116 -26.89 115.695
1 53.1706 -26.8918 115.716
1 53.206 -26.8929 115.735
1 53.2272 -26.8936 115.756
1 53.2399 -26.894 115.775
1 53.2476 -26.8942 115.795
1 53.2522 -26.8944 115.815
1 53.2549 -26.8945 115.835
1 53.2566 -26.8945 115.855
1 53.2576 -26.8945 115.875
0 52.9996 -26.3966 116.755
0 52.9421 -26.3026 116.776
0 52.8779 -26.1879 116.796
0 52.8015 -26.0705 116.816
0 52.7178 -25.9515 116.835
0 52.6378 -25.8219 116.856
0 52.5518 -25.6955 116.875
0 52.4162 -25.532 116.895
0 52.2899 -25.3467 116.916
0 52.1841 -25.1774 116.936
0 52.0675 -24.9981 116.956
0 51.9443 -24.813 116.975
0 51.8322 -24.6533 116.995
0 51.7348 -24.4994 117.015
0 51.6673 -24.3412 117.035
0 51.5966 -24.1883 117.055
0 51.5702 -24.0774 117.076
0 51.5393 -23.9819 117.096
0 51.5208 -23.9246 117.115
0 51.5096 -23.8902 117.136
0 51.5029 -23.8695 117.156
0 51.5767 -23.7399 117.815
0 51.5915 -23.7225 117.836
0 51.6084 -23.7026 117.855
0 51.6266 -23.6812 117.876
0 51.6376 -23.6684 117.895
0 51.5977 -23.6216 117.916
0 51.5274 -23.5543 117.935
0 51.4468 -23.4654 117.955
0 51.3368 -23.3439 117.976
0 51.1937 -23.1739 117.995
0 51.0541 -22.9944 118.016
0 50.9165 -22.8092 118.035
0 50.78 -22.6205 118.055
0 50.6126 -22.4198 118.076
0 50.4735 -22.2508 118.095
0 50.3358 -22.072 118.115
0 50.2144 -21.9162 118.135
0 50.0792 -21.7548 118.155
0 49.9358 -21.5901 118.176
0 49.7953 -21.4138 118.195
0 49.672 -21.2596 118.215
0 49.5355 -21.0993 118.235
0 49.3673 -20.9158 118.255
0 49.2273 -20.7573 118.276
0 49.1042 -20.6139 118.295
0 48.9755 -20.4505 118.315
0 48.8827 -20.3235 118.335
0 48.7797 -20.2085 118.355
0 48.7179 -20.1395 118.376
0 48.6652 -20.0692 118.395
0 48.6099 -20.0076 118.415
0 48.5768 -19.9706 118.435
0 48.5569 -19.9485 118.455
0 48.5449 -19.9352 118.476
0 48.5458 -19.9176 118.495
0 48.5463 -19.9071 118.515
0 48.5471 -19.8913 119.036
0 48.5471 -19.8913 119.055
0 48.5471 -19.8913 119.075
0 48.5471 -19.8913 119.095
0 48.5471 -19.8913 119.115
0 48.5551 -19.8818 119.136
0 48.5599 -19.876 119.155
0 48.5709 -19.8631 119.175
0 48.5774 -19.8553 119.195
0 48.5657 -19.8217 119.215
0 48.535 -19.7821 119.236
0 48.4772 -19.7101 119.255
0 48.4112 -19.609 119.275
0 48.3322 -19.5 119.296
0 48.2691 -19.4057 119.315
0 48.2155 -19.3202 119.335
0 48.1676 -19.24 119.355
0 48.1231 -19.163 119.375
0 48.0807 -19.0879 119.396
0 48.0158 -18.9945 119.415
0 47.961 -18.9096 119.435
0 47.8806 -18.8199 119.455
0 47.7689 -18.6985 119.475
0 47.6542 -18.5869 119.495
0 47.5457 -18.4717 119.516
0 47.4409 -18.3544 119.535
0 47.3383 -18.2358 119.556
0 47.2211 -18.0876 119.576
0 47.1109 -17.9505 119.595
0 46.981 -17.8007 119.615
0 46.8632 -17.6627 119.635
0 46.7526 -17.5317 119.656
0 46.6463 -17.405 119.675
0 46.5665 -17.3001 119.695
0 46.4946 -17.2179 119.716
0 46.4275 -17.1493 119.735
0 46.3872 -17.1082 119.755
0 46.363 -17.0835 119.775
0 46.3485 -17.0687 119.795
0 46.3398 -17.0598 119.816
0 46.3346 -17.0545 119.835
0 46.3315 -17.0513 119.855
0 46.3296 -17.0493 119.875
0 46.3285 -17.0482 119.895
0 46.3278 -17.0475 119.916
1 46.4468 -17.1428 120.676
1 46.4468 -17.1428 120.695
1 46.4682 -17.1341 120.716
1 46.5023 -17.1202 120.736
1 46.5442 -17.1032 120.755
1 46.612 -17.0756 120.776
1 46.6954 -17.0418 120.796
1 46.7669 -17.0129 120.815
1 46.8525 -16.9783 120.836
1 46.992 -16.9512 120.856
1 47.1425 -16.9372 120.876
1 47.2996 -16.9311 120.896
1 47.4606 -16.9299 120.916
1 47.624 -16.9316 120.936
1 47.7674 -16.9437 120.956
1 47.9202 -16.9535 120.976
1 48.0333 -16.951 120.995
1 48.168 -16.9522 121.015
1 48.2917 -16.9362 121.035
1 48.4112 -16.9378 121.056
1 48.5283 -16.9499 121.076
1 48.6679 -16.9879 121.096
1 48.8184 -17.0138 121.115
1 48.9859 -17.0505 121.136
1 49.1533 -17.0757 121.156
1 49.3285 -17.0843 121.176
1 49.5005 -17.0928 121.195
1 49.6785 -17.0915 121.216
1 49.8841 -17.1043 121.235
1 50.08 -17.0779 121.256
1 50.2725 -17.0561 121.275
1 50.4606 -17.0091 121.295
1 50.6565 -16.9654 121.316
1 50.8625 -16.935 121.335
1 51.0373 -16.8911 121.355
1 51.2544 -16.8807 121.376
1 51.4515 -16.8785 121.396
1 51.6604 -16.9012 121.416
1 51.8764 -16.939 121.436
1 52.0966 -16.986 121.456
1 52.2977 -17.0464 121.475
1 52.4852 -17.087 121.496
1 52.643 -17.1237 121.516
1 52.8046 -17.1503 121.536
1 52.9312 -17.149 121.556
1 53.0606 -17.1509 121.576
1 53.1619 -17.1721 121.596
1 53.2761 -17.1877 121.616
1 53.3898 -17.2095 121.636
1 53.5249 -17.2274 121.656
1 53.6512 -17.2506 121.676
1 53.802 -17.2599 121.696
1 53.9675 -17.2609 121.716
1 54.1635 -17.2495 121.735
1 54.3479 -17.2478 121.756
1 54.5236 -17.2243 121.776
1 54.6723 -17.1953 121.796
1 54.8068 -17.1907 121.816
1 54.9308 -17.1731 121.836
1 55.0586 -17.1658 121.856
1 55.157 -17.1541 121.876
1 55.2676 -17.1226 121.896
1 55.3556 -17.0964 121.916
1 55.4519 -17.0659 121.936
1 55.5612 -17.0233 121.956
1 55.6784 -16.9735 121.976
1 55.7921 -16.929 121.996
1 55.9038 -16.8878 122.016
1 56.0361 -16.8412 122.036
1 56.1671 -16.7892 122.056
1 56.2892 -16.7436 122.076
1 56.406 -16.7018 122.096
1 56.4978 -16.6696 122.116
1 56.6282 -16.6468 122.136
1 56.7282 -16.626 122.156
1 56.81 -16.6063 122.176
1 56.8826 -16.6151 122.196
1 57.0031 -16.6446 122.216
1 57.1207 -16.6758 122.236
1 57.2584 -16.701 122.256
1 57.3862 -16.7297 122.276
1 57.5147 -16.7231 122.296
1 57.6589 -16.7258 122.316
1 57.7672 -16.7205 122.336
1 57.901 -16.7516 122.356
1 58.0046 -16.7909 122.376
1 58.1137 -16.8558 122.395
1 58.2494 -16.9568 122.415
1 58.3624 -17.0285 122.435
1 58.4771 -17.1129 122.455
1 58.5692 -17.1843 122.475
1 58.6697 -17.241 122.495
1 58.7735 -17.2612 122.515
1 58.8577 -17.2665 122.535
1 58.9518 -17.256 122.555
1 59.0535 -17.2637 122.575
1 59.1581 -17.2547 122.595
1 59.2661 -17.2633 122.615
1 59.3527 -17.2617 122.635
1 59.4498 -17.2748 122.655
1 59.5081 -17.2826 122.675
1 59.5731 -17.271 122.695
1 59.6355 -17.2848 122.715
1 59.6729 -17.2931 122.735
1 59.7187 -17.3189 122.755
1 59.7461 -17.3344 122.775
1 59.7859 -17.3646 122.795
1 59.8098 -17.3827 122.815
1 59.8459 -17.3868 122.835
1 59.9128 -17.4034 122.855
1 60.0063 -17.418 122.875
1 60.1089 -17.4685 122.895
1 60.1938 -17.5197 122.915
1 60.2913 -17.5923 122.935
1 60.3962 -17.6776 122.955
1 60.5057 -17.7707 122.975
1 60.5946 -17.8475 122.995
1 60.6794 -17.9049 123.015
1 60.7534 -17.9604 123.035
1 60.8211 -18.0146 123.055
1 60.8849 -18.0681 123.075
1 60.9463 -18.1212 123.095
1 61.0064 -18.174 123.115
1 61.0656 -18.2267 123.135
1 61.1243 -18.2793 123.155
1 61.2577 -18.3303 123.175
1 61.3827 -18.3754 123.195
1 61.5245 -18.4104 123.215
1 61.6533 -18.4185 123.235
1 61.7743 -18.4104 123.255
1 61.8905 -18.3926 123.275
1 62.0053 -18.3966 123.295
1 62.1274 -18.4042 123.315
1 62.2237 -18.4299 123.335
1 62.3347 -18.4506 123.355
1 62.4013 -18.463 123.375
1 62.485 -18.4577 123.395
1 62.5435 -18.445 123.415
1 62.6005 -18.4311 123.435
1 62.6565 -18.4164 123.455
1 62.7203 -18.3917 123.475
1 62.7887 -18.3611 123.495
1 62.8517 -18.3364 123.515
1 62.9113 -18.3153 123.535
1 62.969 -18.2963 123.555
1 63.0486 -18.2998 123.575
1 63.1046 -18.2925 123.595
1 63.1382 -18.288 123.615
1 63.1815 -18.3066 123.635
1 63.2157 -18.3083 123.655
1 63.2362 -18.3093 123.675
1 63.2716 -18.3312 123.696
1 63.3159 -18.3656 123.715
1 63.3737 -18.398 123.735
1 63.4315 -18.4387 123.755
1 63.4892 -18.4845 123.775
1 63.5759 -18.49 123.795
1 63.6509 -18.5146 123.815
1 63.6959 -18.5293 123.835
1 63.7459 -18.5595 123.855
1 63.7989 -18.5989 123.875
1 63.862 -18.6345 123.895
1 63.9229 -18.6772 123.915
1 64.0114 -18.681 123.935
1 64.0865 -18.6771 123.955
1 64.1764 -18.6899 123.975
1 64.2523 -18.6914 123.995
1 64.2978 -18.6923 124.015
1 64.347 -18.6867 124.035
1 64.3766 -18.6833 124.055
1 64.4474 -18.6872 124.075
1 64.5119 -18.6833 124.095
1 64.5955 -18.6963 124.115
1 64.6675 -18.698 124.135
1 64.7639 -18.705 124.155
1 64.8749 -18.7152 124.175
1 64.9947 -18.7273 124.195
1 65.1426 -18.7622 124.215
1 65.2854 -18.8168 124.235
1 65.4023 -18.8618 124.255
1 65.5265 -18.9226 124.275
1 65.6468 -19.0021 124.295
1 65.7729 -19.0838 124.315
1 65.9171 -19.1975 124.335
1 66.0575 -19.2997 124.355
1 66.2102 -19.4259 124.375
1 66.3701 -19.5665 124.395
1 66.5343 -19.7158 124.415
1 66.6782 -19.8488 124.435
1 66.8101 -19.9719 124.455
1 66.9428 -20.08 124.475
1 67.0452 -20.1666 124.495
1 67.1293 -20.2402 124.515
1 67.1798 -20.2844 124.535
1 67.2184 -20.3019 124.555
1 67.2415 -20.3124 124.575
1 67.2637 -20.3096 124.595
1 67.277 -20.3079 124.615
1 67.285 -20.3069 124.635
1 67.2898 -20.3063 124.655
1 67.2927 -20.306 124.675
1 67.2944 -20.3058 124.695
1 67.2954 -20.3056 124.715
1 67.296 -20.3055 124.735
1 67.2964 -20.3055 124.755
1 67.2966 -20.3055 124.775
0 66.6055 -18.3611 125.815
0 66.5197 -18.1853 125.835
0 66.4473 -18.0096 125.855
0 66.3662 -17.8517 125.875
0 66.2883 -17.6956 125.895
0 66.2039 -17.5496 125.915
0 66.1385 -17.4313 125.935
0 66.0616 -17.3079 125.955
0 65.9861 -17.1726 125.975
0 65.9113 -17.0301 125.995
0 65.8451 -16.8746 126.015
0 65.7612 -16.6894 126.035
0 65.6433 -16.4647 126.055
0 65.5049 -16.2162 126.075
0 65.3542 -15.9536 126.095
0 65.1876 -15.6913 126.115
0 65.0263 -15.4598 126.135
0 64.8764 -15.238 126.155
0 64.7482 -15.0526 126.175
0 64.6098 -14.8672 126.195
0 64.4884 -14.7037 126.215
0 64.369 -14.5621 126.235
0 64.2274 -14.412 126.255
0 64.0958 -14.2785 126.275
0 63.9783 -14.1461 126.295
0 63.8694 -14.0145 126.315
0 63.7188 -13.8399 126.335
0 63.5512 -13.6306 126.355
0 63.3817 -13.3918 126.375
0 63.2025 -13.1442 126.395
0 63.0563 -12.9434 126.415
0 62.9685 -12.8229 126.435
0 62.927 -12.407 127.355
0 62.91 -12.387 127.375
0 62.8763 -12.3533 127.395
0 62.8325 -12.3114 127.415
0 62.8062 -12.2863 127.435
0 62.7669 -12.2495 127.455
0 62.728 -12.197 127.475
0 62.6811 -12.1438 127.495
0 62.6377 -12.0814 127.515
0 62.588 -12.0223 127.535
0 62.5429 -11.9564 127.555
0 62.4769 -11.8647 127.575
0 62.3746 -11.7359 127.595
0 62.2743 -11.6065 127.615
0 62.1987 -11.4984 127.635
0 62.1142 -11.3815 127.655
0 62.0399 -11.2897 127.675
0 61.9798 -11.2041 127.695
0 61.9438 -11.1528 127.715
0 61.9068 -11.0916 127.735
0 61.8608 -11.0332 127.755
0 61.8096 -10.9766 127.775
0 61.7076 -10.8778 127.795
0 61.631 -10.7881 127.815
0 61.5458 -10.6822 127.835
0 61.4554 -10.5667 127.855
0 61.3618 -10.4453 127.875
0 61.2508 -10.2901 127.895
0 61.1613 -10.1272 127.915
0 61.0525 -9.94714 127.935
0 60.9166 -9.72631 127.955
0 60.7963 -9.49383 127.975
0 60.6854 -9.25444 127.995
0 60.6196 -9.0629 128.015
0 60.5645 -8.91763 128.035
0 60.5314 -8.83048 128.055
0 60.5115 -8.77818 128.075
0 60.4996 -8.7468 128.095
0 60.4925 -8.72798 128.115
0 60.4882 -8.71668 128.135
1 60.4818 -8.69974 129.235
1 60.4818 -8.69974 129.255
1 60.4818 -8.69974 129.275
1 60.4818 -8.69974 129.295
1 60.4818 -8.69974 129.315
1 60.4818 -8.69974 129.335
1 60.4818 -8.69974 129.355
1 60.4818 -8.69974 129.375
1 60.5057 -8.72132 129.395
1 60.5201 -8.73427 129.415
1 60.5526 -8.76364 129.435
1 60.5961 -8.80285 129.455
1 60.6905 -8.83298 129.475
1 60.8138 -8.82862 129.495
1 60.9544 -8.80368 129.515
1 61.1277 -8.75911 129.535
1 61.3206 -8.70295 129.555
1 61.5254 -8.64001 129.575
1 61.7374 -8.5732 129.595
1 61.9759 -8.49706 129.615
1 62.2083 -8.42275 129.635
1 62.4369 -8.34971 129.655
1 62.6634 -8.27763 129.675
1 62.8663 -8.21332 129.695
1 63.0774 -8.1468 129.715
1 63.2794 -8.07706 129.735
1 63.4453 -8.02138 129.755
1 63.612 -7.96732 129.775
1 63.7567 -7.92116 129.795
1 63.8884 -7.8798 129.815
1 64.0121 -7.84136 129.835
1 64.1395 -7.79566 129.855
1 64.2831 -7.74795 129.875
1 64.4224 -7.69678 129.895
1 64.5605 -7.67235 129.915
1 64.6882 -7.64428 129.935
1 64.7873 -7.62076 129.955
1 64.8789 -7.61966 129.975
1 64.9801 -7.63443 129.995
1 65.0646 -7.66541 130.015
1 65.2077 -7.71497 130.035
1 65.3623 -7.75364 130.055
1 65.5544 -7.77025 130.075
1 65.7384 -7.78934 130.095
1 65.9636 -7.82573 130.115
1 66.1674 -7.85689 130.135
1 66.3429 -7.85365 130.155
1 66.5169 -7.86117 130.175
1 66.6437 -7.85928 130.195
1 66.7743 -7.86501 130.215
1 66.9297 -7.86899 130.235
1 67.0454 -7.86504 130.255
1 67.1456 -7.84727 130.275
1 67.2283 -7.83029 130.295
1 67.3323 -7.8271 130.315
1 67.4173 -7.81889 130.335
1 67.4766 -7.80492 130.355
1 67.5667 -7.8036 130.375
1 67.6657 -7.79026 130.395
1 67.7477 -7.77601 130.415
1 67.8194 -7.76121 130.435
1 67.9074 -7.73989 130.455
1 67.9911 -7.71182 130.475
1 68.0638 -7.68878 130.495
1 68.13 -7.66877 130.515
1 68.2147 -7.64442 130.535
1 68.2881 -7.62367 130.555
1 68.3631 -7.59599 130.575
1 68.4531 -7.56712 130.595
1 68.5522 -7.53761 130.615
1 68.6426 -7.5047 130.635
1 68.7194 -7.47889 130.655
1 68.8189 -7.44217 130.675
1 68.9321 -7.39895 130.695
1 69.031 -7.35788 130.715
1 69.1354 -7.32121 130.735
1 69.2527 -7.30672 130.755
1 69.3456 -7.29204 130.775
1 69.4559 -7.29081 130.795
1 69.5683 -7.30676 130.815
1 69.7139 -7.34665 130.835
1 69.8474 -7.38736 130.855
1 69.9737 -7.42858 130.875
1 70.104 -7.46108 130.895
1 70.2283 -7.49744 130.915
1 70.3029 -7.51925 130.935
1 70.3477 -7.53234 130.955
1 70.3746 -7.5402 130.975
1 70.4142 -7.56765 130.995
1 70.438 -7.58412 131.015
1 70.4523 -7.59401 131.035
1 70.4609 -7.59993 131.055
1 70.466 -7.60349 131.075
1 70.4926 -7.62837 131.095
1 70.5086 -7.6433 131.115
1 70.5962 -7.6829 131.135
1 70.6949 -7.72362 131.155
1 70.8002 -7.76505 131.175
1 70.886 -7.78411 131.195
1 71.0062 -7.80683 131.215
1 71.1009 -7.81472 131.235
1 71.2039 -7.83655 131.255
1 71.3126 -7.89534 131.275
1 71.4239 -7.94778 131.295
1 71.5376 -8.02497 131.315
1 71.6518 -8.0885 131.335
1 71.7438 -8.14951 131.355
1 71.8224 -8.20901 131.375
1 71.893 -8.26761 131.395
1 71.9588 -8.32568 131.415
1 71.9982 -8.36052 131.435
1 72.0219 -8.38143 131.455
1 72.0361 -8.39397 131.475
1 72.0446 -8.40149 131.495
1 72.0497 -8.40601 131.515
1 72.0762 -8.43163 131.535
1 72.1155 -8.46993 131.555
1 72.185 -8.51021 131.575
1 72.2735 -8.58027 131.595
1 72.4042 -8.65368 131.615
1 72.5294 -8.74368 131.635
1 72.6511 -8.84365 131.655
1 72.8166 -8.96712 131.675
1 72.9392 -9.06422 131.695
1 73.0587 -9.14 131.715
1 73.1762 -9.20302 131.735
1 73.3009 -9.24952 131.755
1 73.4223 -9.32356 131.775
1 73.5641 -9.40872 131.795
1 73.6724 -9.48291 131.815
1 73.829 -9.56282 131.835
1 73.9694 -9.65703 131.855
1 74.154 -9.76881 131.875
1 74.3426 -9.89661 131.895
1 74.5188 -10.0022 131.915
1 74.6874 -10.0945 131.935
1 74.8201 -10.1644 131.955
1 74.9311 -10.2209 131.975
1 75.0208 -10.2781 131.995
1 75.1208 -10.3589 132.015
1 75.2038 -10.4307 132.035
1 75.285 -10.4884 132.055
1 75.3568 -10.5464 132.075
1 75.4685 -10.6225 132.095
1 75.6042 -10.7095 132.115
1 75.7621 -10.7659 132.135
1 75.9024 -10.8179 132.155
1 76.0547 -10.8621 132.175
1 76.2146 -10.9302 132.195
1 76.3645 -10.9808 132.215
1 76.5229 -11.0528 132.235
1 76.6492 -11.1109 132.255
1 76.7705 -11.1641 132.275
1 76.9281 -11.1922 132.295
1 77.0994 -11.2424 132.315
1 77.3163 -11.3616 132.335
1 77.5233 -11.4953 132.355
1 77.7159 -11.6463 132.375
1 77.8771 -11.784 132.395
1 77.9966 -11.8903 132.415
1 78.0911 -11.9776 132.435
1 78.1704 -12.0251 132.455
1 78.2405 -12.0486 132.475
1 78.3136 -12.0492 132.496
1 78.4561 -12.0215 132.516
1 78.5726 -11.9915 132.549
1 78.6735 -11.9601 132.556
1 78.8102 -11.9182 132.575
1 78.9769 -11.8616 132.595
1 79.1615 -11.7963 132.615
1 79.3569 -11.7258 132.635
1 79.5505 -11.6608 132.655
1 79.7656 -11.5944 132.675
1 80.0022 -11.5474 132.695
1 80.2432 -11.5207 132.715
1 80.4726 -11.5025 132.735
1 80.7178 -11.4849 132.755
1 80.9186 -11.4854 132.776
1 81.0929 -11.4967 132.795
1 81.2512 -11.5146 132.815
1 81.3688 -11.5494 132.835
1 81.4704 -11.5859 132.855
1 81.5934 -11.6393 132.875
1 81.7208 -11.7112 132.895
1 81.8734 -11.8184 132.915
1 82.0722 -11.9055 132.935
1 82.2678 -11.9647 132.955
1 82.4842 -12.0028 132.975
1 82.7212 -12.0488 132.995
1 82.9765 -12.1117 133.015
1 83.2285 -12.1811 133.035
1 83.4925 -12.2871 133.055
1 83.7271 -12.3583 133.075
1 83.9808 -12.437 133.095
1 84.2317 -12.5164 133.115
1 84.4497 -12.6087 133.135
1 84.6707 -12.7046 133.155
1 84.8711 -12.7784 133.175
1 85.0679 -12.8023 133.195
1 85.2764 -12.829 133.215
1 85.4777 -12.8533 133.235
1 85.689 -12.8805 133.255
1 85.9063 -12.9096 133.275
1 86.1268 -12.9685 133.295
1 86.304 -13.0245 133.315
1 86.4777 -13.1035 133.335
1 86.6491 -13.1963 133.355
1 86.7969 -13.2729 133.375
1 86.9078 -13.3434 133.395
1 86.9744 -13.3858 133.415
1 87.0143 -13.4112 133.435
1 87.0383 -13.4264 133.455
1 87.0526 -13.4356 133.475
1 87.0613 -13.4411 133.495
1 87.0664 -13.4444 133.515
1 87.0695 -13.4463 133.536
1 87.0936 -13.4722 133.555
1 87.1308 -13.4839 133.576
1 87.1759 -13.4872 133.595
1 87.2251 -13.5138 133.615
1 87.3218 -13.5754 133.635
1 87.4247 -13.6334 133.655
1 87.5535 -13.7139 133.675
1 87.6757 -13.7832 133.695
1 87.8244 -13.8625 133.715
1 87.9579 -13.9596 133.735
1 88.0821 -14.0673 133.755
1 88.2009 -14.1815 133.775
1 88.3163 -14.2996 133.795
1 88.4076 -14.3952 133.815
1 88.5285 -14.527 133.835
1 88.6451 -14.6557 133.855
1 88.7591 -14.7826 133.875
1 88.8495 -14.8835 133.895
1 88.9264 -14.9405 133.915
1 88.9953 -14.9712 133.935
1 89.0366 -14.9896 133.955
1 89.0834 -15.0255 133.975
1 89.1335 -15.0719 133.995
1 89.2082 -15.1211 134.015
1 89.2833 -15.1675 134.035
1 89.3512 -15.1918 134.055
1 89.4365 -15.2278 134.075
1 89.5097 -15.2743 134.095
1 89.5755 -15.3271 134.115
1 89.6588 -15.4086 134.135
1 89.7307 -15.4824 134.155
1 89.7823 -15.5187 134.175
1 89.8351 -15.5654 134.195
1 89.8971 -15.6104 134.215
1 89.9343 -15.6374 134.235
1 89.9566 -15.6536 134.255
1 89.97 -15.6634 134.275
1 90 -15.6941 134.296
1 90.0482 -15.7296 134.315
1 90.1209 -15.8008 134.335
1 90.1863 -15.8685 134.355
1 90.2693 -15.9591 134.375
1 90.3409 -16.0384 134.395
1 90.4057 -16.111 134.415
1 90.4747 -16.1716 134.435
1 90.538 -16.233 134.455
1 90.5977 -16.2949 134.475
1 90.642 -16.3242 134.495
1 90.6903 -16.3667 134.515
1 90.7629 -16.4423 134.535
1 90.8726 -16.5344 134.555
1 90.9913 -16.6036 134.575
1 91.1069 -16.6668 134.595
1 91.1989 -16.7015 134.615
1 91.2986 -16.744 134.635
1 91.3583 -16.7696 134.655
1 91.3942 -16.7849 134.675
1 91.4374 -16.8192 134.695
1 91.4851 -16.8649 134.715
1 91.5438 -16.9096 134.735
1 91.6007 -16.9615 134.755
1 91.6348 -16.9927 134.775
1 91.6553 -17.0114 134.795
1 91.6676 -17.0226 134.815
1 91.675 -17.0293 134.835
1 91.6794 -17.0334 134.855
1 91.6905 -17.0281 134.875
1 91.7188 -17.05 134.895
1 91.7658 -17.0805 134.915
1 91.8158 -17.124 134.935
1 91.8541 -17.1424 134.955
1 91.8988 -17.1785 134.975
1 91.9256 -17.2002 134.995
1 91.9416 -17.2132 135.015
1 91.9597 -17.2134 135.035
1 91.9922 -17.2386 135.055
1 92.0117 -17.2537 135.075
1 92.045 -17.288 135.095
1 92.065 -17.3085 135.115
1 92.107 -17.3383 135.135
1 92.1539 -17.3814 135.155
1 92.182 -17.4073 135.175
1 92.2072 -17.4151 135.195
1 92.244 -17.445 135.215
1 92.2961 -17.4806 135.235
1 92.3273 -17.5019 135.255
1 92.4119 -17.5618 135.275
1 92.5069 -17.6198 135.295
1 92.6082 -17.6767 135.315
1 92.7215 -17.7252 135.335
1 92.8564 -17.7733 135.355
1 92.9815 -17.8243 135.376
1 93.0793 -17.8518 135.395
1 93.1379 -17.8683 135.415
1 93.1946 -17.9034 135.435
1 93.2371 -17.917 135.455
1 93.2709 -17.9175 135.476
1 93.3211 -17.9355 135.495
1 93.3513 -17.9464 135.515
1 93.3909 -17.9782 135.535
1 93.4445 -18.015 135.555
1 93.5197 -18.0878 135.575
1 93.6388 -18.1716 135.595
1 93.7855 -18.2336 135.615
1 93.9843 -18.3125 135.635
1 94.1788 -18.3717 135.655
1 94.3836 -18.4522 135.675
1 94.5816 -18.5126 135.695
1 94.8111 -18.5912 135.715
1 95.0026 -18.6251 135.735
1 95.1699 -18.6606 135.755
1 95.344 -18.7227 135.775
1 95.4912 -18.8111 135.795
1 95.6008 -18.8896 135.815
1 95.7545 -18.9824 135.835
1 95.8907 -19.0608 135.855
1 95.9951 -19.1052 135.875
1 96.123 -19.1803 135.895
1 96.252 -19.2408 135.915
1 96.3294 -19.2771 135.935
1 96.4198 -19.3219 135.955
1 96.5263 -19.3643 135.975
1 96.6327 -19.441 135.995
1 96.7828 -19.5615 136.015
1 96.9379 -19.6825 136.035
1 97.0733 -19.8065 136.055
1 97.2068 -19.8967 136.075
1 97.308 -19.9766 136.095
1 97.411 -20.0759 136.115
1 97.4939 -20.1613 136.135
1 97.5648 -20.2383 136.155
1 97.6511 -20.3077 136.175
1 97.7255 -20.3467 136.195
1 97.7913 -20.396 136.215
1 97.8534 -20.423 136.235
1 97.9117 -20.465 136.255
1 97.9467 -20.4902 136.275
1 97.9677 -20.5053 136.295
1 97.9803 -20.5144 136.315
1 97.9879 -20.5198 136.335
1 98.0135 -20.5488 136.355
1 98.0583 -20.5847 136.375
1 98.1063 -20.6321 136.395
1 98.1561 -20.6863 136.415
1 98.2071 -20.7446 136.435
1 98.2377 -20.7796 136.455
1 98.256 -20.8006 136.475
1 98.2754 -20.8059 136.495
1 98.287 -20.8091 136.516
1 98.294 -20.811 136.535
1 98.2982 -20.8122 136.555
1 98.3007 -20.8129 136.575
1 98.3022 -20.8133 136.595
0 98.1887 -19.829 137.475
0 98.1489 -19.6813 137.495
0 98.1289 -19.5456 137.515
0 98.1124 -19.4241 137.535
0 98.1064 -19.3041 137.555
0 98.056 -19.1403 137.575
0 98.0212 -19.002 137.595
0 98.0041 -18.872 137.615
0 97.9848 -18.7143 137.635
0 97.9558 -18.5468 137.655
0 97.8783 -18.3215 137.675
0 97.7846 -18.0945 137.695
0 97.6681 -17.8336 137.715
0 97.5378 -17.5523 137.736
0 97.4204 -17.2848 137.755
0 97.306 -16.9859 137.775
0 97.2146 -16.6942 137.795
0 97.1155 -16.381 137.815
0 97.0248 -16.0878 137.835
0 96.9225 -15.8202 137.855
0 96.7832 -15.5486 137.875
0 96.6649 -15.3268 137.895
0 96.559 -15.1348 137.915
0 96.4822 -14.9868 137.935
0 96.4145 -14.872 137.955
0 96.3739 -14.8031 137.975
0 96.3363 -14.7289 137.995
0 96.3137 -14.6844 138.015
0 96.2951 -14.6181 138.035
0 96.2922 -14.5716 138.055
0 96.2905 -14.5437 138.075
0 96.2978 -14.5202 138.095
0 96.3021 -14.5061 138.115
0 96.3048 -14.4977 138.136
0 96.3146 -14.4859 138.155
0 96.3205 -14.4788 138.175
0 96.3241 -14.4745 138.195
0 96.3262 -14.472 138.215
0 96.3142 -14.4376 138.235
0 96.2936 -14.3843 138.255
0 96.2463 -14.2934 138.275
0 96.2045 -14.2061 138.295
0 96.1744 -14.1142 138.315
0 96.1429 -14.0263 138.335
0 96.1024 -13.9475 138.355
0 96.043 -13.8414 138.375
0 95.9722 -13.7188 138.395
0 95.9029 -13.5798 138.415
0 95.8644 -13.4503 138.435
0 95.8061 -13.3138 138.455
0 95.7224 -13.1403 138.475
0 95.6069 -12.958 138.495
0 95.5022 -12.7898 138.515
0 95.4041 -12.6301 138.535
0 95.3015 -12.4821 138.555
0 95.2264 -12.3606 138.575
0 95.1677 -12.255 138.596
0 95.1408 -12.185 138.615
0 95.1111 -12.1102 138.635
0 95.0797 -12.0326 138.655
0 95.0389 -11.96 138.675
0 94.9926 -11.8904 138.695
0 94.9293 -11.7899 138.715
0 94.8557 -11.6708 138.735
0 94.7677 -11.5473 138.755
0 94.6793 -11.4144 138.775
0 94.5687 -11.2499 138.795
0 94.4665 -11.0925 138.815
0 94.3696 -10.9393 138.835
0 94.2976 -10.8147 138.855
0 94.2627 -10.7333 138.875
0 94.25 -10.6777 138.895
0 94.2424 -10.6444 138.915
0 94.2159 -10.5984 138.935
0 94.2082 -10.5641 138.955
0 94.2036 -10.5435 138.975
0 94.2091 -10.5245 138.995
0 94.2124 -10.5131 139.015
0 94.2006 -10.4736 139.035
0 94.1797 -10.4172 139.055
0 94.1534 -10.3507 139.075
0 94.1101 -10.2455 139.095
0 94.0785 -10.1431 139.115
0 94.0457 -10.049 139.135
0 94.0123 -9.95991 139.155
0 93.9562 -9.84776 139.175
0 93.9088 -9.74783 139.195
0 93.8582 -9.66183 139.215
0 93.814 -9.57759 139.236
0 93.7653 -9.50101 139.255
0 93.714 -9.42902 139.275
0 93.661 -9.3598 139.295
0 93.5932 -9.25961 139.315
0 93.5303 -9.17347 139.335
0 93.4787 -9.08915 139.355
0 93.4116 -8.97992 139.375
0 93.3795 -8.90778 139.395
0 93.3242 -8.80586 139.415
0 93.2687 -8.71869 139.435
0 93.2215 -8.63377 139.455
0 93.1792 -8.55021 139.475
0 93.1398 -8.46747 139.495
0 93.0939 -8.39181 139.515
0 93.0441 -8.32041 139.535
0 93.0225 -8.27098 139.555
0 92.9872 -8.2153 139.575
0 92.9438 -8.1559 139.595
0 92.926 -8.11366 139.615
0 92.9153 -8.08832 139.635
0 92.9172 -8.06653 139.655
0 92.896 -8.02745 139.675
0 92.8833 -8.004 139.695
0 92.8757 -7.98993 139.715
0 92.8711 -7.98149 139.735
0 92.8683 -7.97642 139.755
0 92.8749 -7.96681 139.775
0 92.8789 -7.96104 139.795
0 92.8813 -7.95758 139.815
0 92.8604 -7.92949 139.835
0 92.8479 -7.91264 139.855
0 92.8404 -7.90252 139.874
0 92.8136 -7.87045 139.894
0 92.7975 -7.8512 139.914
0 92.7656 -7.81365 139.934
0 92.7464 -7.79112 139.954
0 92.7349 -7.7776 139.974
0 92.7057 -7.7435 139.994
0 92.6741 -7.69044 140.014
0 92.6328 -7.63262 140.034
0 92.5857 -7.57194 140.054
0 92.5127 -7.48357 140.074
0 92.4465 -7.40457 140.094
0 92.4069 -7.35717 140.114
0 92.3607 -7.30277 140.134
0 92.333 -7.27013 140.154
0 92.3022 -7.21795 140.174
0 92.2838 -7.18665 140.194
0 92.2503 -7.1419 140.214
0 92.2302 -7.11506 140.234
0 92.204 -7.06637 140.254
0 92.1659 -7.01119 140.274
0 92.1289 -6.94551 140.294
0 92.0618 -6.8542 140.314
0 92.0074 -6.76683 140.334
0 91.9381 -6.6559 140.354
0 91.8598 -6.53083 140.374
0 91.7762 -6.39729 140.394
0 91.72 -6.27799 140.414
0 91.672 -6.17387 140.434
0 91.6289 -6.07885 140.454
0 91.5971 -5.98272 140.474
0 91.5862 -5.91847 140.494
0 91.5571 -5.85396 140.514
0 91.5254 -5.78274 140.534
0 91.4613 -5.68811 140.554
0 91.4311 -5.62476 140.574
0 91.3986 -5.55424 140.594
0 91.3648 -5.47942 140.614
0 91.3076 -5.37608 140.634
0 91.2816 -5.30753 140.654
0 91.2516 -5.23391 140.674
0 91.2418 -5.18321 140.694
0 91.2133 -5.12683 140.714
0 91.1963 -5.093 140.734
0 91.1943 -5.06618 140.754
0 91.2013 -5.04357 140.777
0 91.2055 -5.03001 140.794
0 91.1854 -4.99591 140.814
0 91.159 -4.94298 140.834
0 91.0979 -4.85932 140.854
0 91.016 -4.75724 140.874
0 90.9524 -4.66353 140.894
0 90.8998 -4.57484 140.914
0 90.8765 -4.51511 140.934
0 90.8708 -4.47277 140.954
0 90.8755 -4.44088 140.974
0 90.8784 -4.42174 140.994
0 90.8801 -4.41026 141.014
0 90.8811 -4.40337 141.034
0 90.8818 -4.39924 141.055
0 90.8821 -4.39676 141.074
0 90.8823 -4.39527 141.094
0 90.8598 -4.36842 141.114
0 90.8463 -4.35232 141.134
0 90.8155 -4.3167 141.154
0 90.7517 -4.24346 141.174
0 90.6907 -4.17358 141.194
0 90.6314 -4.10572 141.215
0 90.5504 -4.01317 141.234
0 90.4791 -3.93173 141.254
0 90.4135 -3.85697 141.274
0 90.3597 -3.77966 141.294
0 90.3274 -3.73328 141.314
0 90.3163 -3.69892 141.334
0 90.2868 -3.6524 141.354
0 90.2464 -3.59858 141.374
0 90.1766 -3.51451 141.394
0 90.0663 -3.38644 141.414
0 89.9546 -3.25786 141.434
0 89.8583 -3.11585 141.454
0 89.8088 -3.02408 141.474
0 89.7727 -2.93006 141.494
0 89.7364 -2.84124 141.514
0 89.6918 -2.76207 141.534
0 89.6503 -2.68217 141.554
0 89.6419 -2.62119 141.574
0 89.6533 -2.57162 141.594
0 89.6455 -2.5095 141.614
0 89.649 -2.46576 141.634
0 89.6594 -2.43306 141.654
0 89.6738 -2.40699 141.674
0 89.6824 -2.39135 141.694
0 89.6647 -2.35606 141.714
0 89.6312 -2.30898 141.734
0 89.6194 -2.27429 141.754
0 89.5893 -2.22757 141.774
0 89.5484 -2.17364 141.794
0 89.5092 -2.10895 141.814
0 89.4627 -2.04424 141.834
0 89.4201 -1.97307 141.854
0 89.3487 -1.87861 141.874
0 89.2682 -1.76372 141.894
0 89.1969 -1.66892 141.914
0 89.1081 -1.56032 141.934
0 89.0319 -1.4693 141.954
0 88.9402 -1.363 141.974
0 88.8621 -1.27339 141.994
0 88.7775 -1.16146 142.014
0 88.7119 -1.06198 142.034
0 88.6576 -0.96998 142.054
0 88.6021 -0.888952 142.074
0 88.5457 -0.814516 142.094
0 88.4657 -0.718233 142.114
0 88.3946 -0.634662 142.134
0 88.3289 -0.558722 142.154
0 88.2745 -0.480846 142.174
0 88.2039 -0.376023 142.194
0 88.1466 -0.280828 142.214
0 88.0742 -0.165631 142.234
0 88.0158 -0.0642235 142.254
0 87.9345 0.048175 142.274
0 87.8625 0.141383 142.295
0 87.7961 0.22307 142.314
0 87.7099 0.32359 142.337
0 87.62 0.44193 142.355
0 87.5428 0.538674 142.374
0 87.4815 0.628998 142.394
0 87.4214 0.708926 142.414
0 87.3622 0.782611 142.435
0 87.3116 0.859094 142.454
0 87.258 0.930705 142.474
0 87.234 0.980216 142.494
0 87.2196 1.00992 142.514
0 87.211 1.02775 142.534
0 87.2058 1.03844 142.555
0 87.2027 1.04486 142.574
0 87.1776 1.07443 142.594
0 87.1625 1.09217 142.614
0 87.1302 1.12853 142.634
0 87.0957 1.18261 142.655
0 87.0517 1.24077 142.674
0 86.9787 1.32706 142.694
0 86.9198 1.4111 142.714
0 86.8378 1.51289 142.734
0 86.7735 1.60622 142.754
0 86.7198 1.69446 142.774
0 86.649 1.80531 142.794
0 86.5832 1.8975 142.815
0 86.5519 1.95937 142.834
0 86.5098 2.02216 142.854
0 86.4845 2.05984 142.875
0 86.4693 2.08245 142.894
0 86.4368 2.12168 142.915
0 86.4173 2.14522 142.934
0 86.4056 2.15934 142.954
0 86.4068 2.17437 142.974
0 86.4075 2.18338 142.994
0 86.4079 2.18879 143.015
0 86.4082 2.19204 143.034
0 86.4084 2.19399 143.054
0 86.4084 2.19515 143.074
0 86.3933 2.22807 143.094
0 86.3924 2.25435 143.114
0 86.3685 2.2958 143.134
0 86.3542 2.32066 143.154
0 86.3456 2.33558 143.174
0 86.317 2.3702 143.194
0 86.2998 2.39098 143.214
0 86.2661 2.4291 143.234
0 86.2072 2.50984 143.254
0 86.1485 2.58393 143.274
0 86.0745 2.68623 143.294
0 85.9832 2.79887 143.314
0 85.8814 2.91771 143.334
0 85.805 3.0212 143.354
0 85.7439 3.11547 143.375
0 85.6919 3.20421 143.394
0 85.6137 3.30868 143.414
0 85.5514 3.40353 143.434
0 85.4987 3.4926 143.454
0 85.4599 3.58473 143.475
0 85.4295 3.67867 143.494
0 85.4041 3.77367 143.514
0 85.3971 3.83715 143.534
0 85.401 3.88171 143.554
0 85.3798 3.93408 143.574
0 85.3671 3.96551 143.594
0 85.3595 3.98436 143.614
0 85.3549 3.99567 143.634
0 85.3522 4.00246 143.654
0 85.3269 4.03216 143.674
0 85.2882 4.0756 143.694
0 85.2413 4.12727 143.714
0 85.1978 4.19038 143.734
0 85.1563 4.26033 143.754
0 85.116 4.33439 143.774
0 85.0681 4.40443 143.795
0 85.0394 4.44646 143.814
0 85.0304 4.47814 143.834
0 85.0177 4.53568 143.855
0 85.0111 4.61511 143.875
0 84.9998 4.7012 143.894
0 84.9621 4.8169 143.915
0 84.9003 4.94395 143.935
0 84.8395 5.04581 143.954
0 84.8031 5.10692 143.974
0 84.7575 5.1692 143.995
0 84.7301 5.20658 144.014
0 84.7137 5.229 144.034
0 84.6802 5.26806 144.054
0 84.6363 5.3171 144.074
0 84.5944 5.37853 144.095
0 84.5693 5.41538 144.114
0 84.5305 5.46309 144.135
0 84.4835 5.51731 144.154
0 84.4315 5.57543 144.175
0 84.3528 5.66145 144.194
0 84.29 5.74505 144.214
0 84.2048 5.84634 144.234
0 84.1142 5.96465 144.254
0 84.0442 6.06761 144.275
0 83.9784 6.15493 144.294
0 83.8913 6.2584 144.315
0 83.7913 6.37152 144.334
0 83.6596 6.51592 144.354
0 83.509 6.67903 144.374
0 83.355 6.8598 144.394
0 83.1908 7.04463 144.415
0 83.0285 7.23837 144.434
0 82.8674 7.4374 144.454
0 82.715 7.64611 144.474
0 82.5438 7.88598 144.494
0 82.3935 8.12559 144.515
0 82.2233 8.3839 144.534
0 82.0729 8.58963 144.554
0 81.9585 8.73844 144.575
0 81.8416 8.87843 144.594
0 81.7714 8.96243 144.614
0 81.7052 9.03817 144.634
0 81.6412 9.10896 144.654
0 81.5545 9.20209 144.675
0 81.4541 9.3086 144.694
0 81.3454 9.42311 144.714
0 81.2075 9.56768 144.735
0 81.0519 9.73021 144.754
0 80.894 9.91009 144.775
0 80.7506 10.0685 144.794
0 80.6159 10.214 144.814
0 80.5107 10.3265 144.835
0 80.4315 10.4258 144.854
0 80.384 10.4854 144.874
0 80.3555 10.5212 144.894
0 80.314 10.5678 144.914
0 80.2891 10.5958 144.934
0 80.2498 10.6378 144.954
0 80.2019 10.6882 144.976
0 80.1488 10.7436 144.994
0 80.0925 10.8021 145.014
0 80.0099 10.8874 145.034
0 79.9604 10.9387 145.054
0 79.9063 10.9946 145.074
0 79.8738 11.0281 145.094
0 79.8299 11.0734 145.114
0 79.7792 11.1257 145.134
0 79.7487 11.1571 145.154
0 79.7304 11.1759 145.174
0 79.7195 11.1872 145.194
0 79.6884 11.2191 145.214
0 79.6781 11.245 145.235
0 79.6718 11.2605 145.254
0 79.6763 11.2764 145.274
0 79.679 11.286 145.294
0 79.6806 11.2918 145.314
0 79.6897 11.3019 145.334
0 79.7034 11.3146 145.354
0 79.7199 11.3289 145.375
0 79.7379 11.3441 145.394
0 79.7488 11.3532 145.414
0 79.7064 11.409 145.434
0 79.6076 11.5179 145.454
0 79.4993 11.6335 145.474
0 79.3936 11.7597 145.494
0 79.3138 11.8672 145.514
0 79.266 11.9317 145.534
0 79.2373 11.9704 145.554
0 79.2201 11.9937 145.574
0 79.2097 12.0076 145.594
0 79.2035 12.016 145.614
0 79.1998 12.021 145.634
0 79.1731 12.0491 145.654
0 79.157 12.066 145.674
0 79.1474 12.0761 145.694
0 79.1171 12.1073 145.714
0 79.0744 12.1511 145.734
0 79.0242 12.2024 145.754
0 78.945 12.2834 145.774
0 78.8811 12.3637 145.794
0 78.7936 12.4621 145.814
0 78.7165 12.5461 145.834
0 78.6703 12.5966 145.854
0 78.6179 12.6519 145.874
0 78.5619 12.7101 145.894
0 78.5283 12.745 145.914
0 78.4917 12.7977 145.934
0 78.4698 12.8293 145.954
0 78.4648 12.855 145.974
0 78.4618 12.8704 145.994
0 78.4601 12.8796 146.014
0 78.459 12.8852 146.034
0 78.4583 12.8885 146.054
0 78.4662 12.8972 146.074
0 78.4709 12.9024 146.094
0 78.4737 12.9055 146.114
0 78.4754 12.9074 146.134
0 78.4764 12.9085 146.154
0 78.477 12.9092 146.174
0 78.4774 12.9096 146.194
