0 -0.589575 -100 57.3973
0 -0.583733 -100 57.4172
0 -0.580227 -100 57.4374
0 -0.578124 -100 57.4572
0 -0.572285 -100 57.4773
0 -0.568781 -100 57.4972
0 -0.566679 -100 57.5172
0 -0.596361 -100 57.5373
0 -0.649712 -100 57.5572
0 -0.694931 -100 57.5773
0 -0.735278 -100 57.5972
0 -0.785938 -100 57.6172
0 -0.838246 -100 57.6375
0 -0.882422 -100 57.6572
0 -0.930895 -100 57.6772
0 -0.973263 -100 57.6974
0 -1.01197 -100 57.7172
0 -1.0352 -100 57.7373
0 -1.04456 -100 57.7572
0 -1.06805 -100 57.7772
0 -1.07757 -100 57.7972
0 -1.07412 -100 57.8174
0 -1.05831 -100 57.8372
0 -1.05754 -100 57.8573
0 -1.11497 -100 57.8772
0 -1.22538 -100 57.8972
0 -1.39031 -100 57.9174
0 -1.60166 -100 57.9372
0 -1.82766 -100 57.9572
0 -2.00383 -100 57.9774
0 -2.16829 -100 57.9972
0 -2.38029 -100 58.0172
0 -2.59385 -100 58.0372
0 -2.79038 -100 58.0572
0 -2.95406 -100 58.0772
0 -3.11645 -100 58.0974
0 -3.24158 -100 58.1172
0 -3.38567 -99.9769 58.1372
0 -3.56429 -99.8849 58.1572
0 -3.74542 -99.7593 58.1773
0 -3.9143 -99.6292 58.1972
0 -4.07596 -99.4965 58.2172
0 -4.21486 -99.3699 58.2373
0 -4.34472 -99.2548 58.2572
0 -4.42306 -99.1466 58.2774
0 -4.475 -99.0503 58.2972
0 -4.51112 -98.9613 58.3172
0 -4.54229 -98.8844 58.3372
0 -4.57503 -98.8225 58.3572
0 -4.63185 -98.7698 58.3772
0 -4.68454 -98.7303 58.3973
0 -4.73476 -98.6987 58.4172
0 -4.80211 -98.6641 58.4372
0 -4.89839 -98.6199 58.4575
0 -5.02622 -98.5543 58.4772
0 -5.17757 -98.4837 58.4974
0 -5.31994 -98.4101 58.5172
0 -5.48017 -98.3348 58.5372
0 -5.66997 -98.2508 58.5574
0 -5.87314 -98.1537 58.5772
0 -6.07553 -98.0329 58.5972
0 -6.31978 -97.8903 58.618
0 -6.54723 -97.7423 58.6374
0 -6.75032 -97.6066 58.6572
0 -6.95784 -97.4707 58.6774
0 -7.14921 -97.3423 58.6972
0 -7.33101 -97.2185 58.7172
0 -7.50272 -97.0894 58.7373
0 -7.68753 -96.9494 58.7577
0 -7.84224 -96.8182 58.7775
0 -8.00248 -96.6928 58.7972
0 -8.14704 -96.5784 58.8172
0 -8.26756 -96.4863 58.8372
0 -8.38839 -96.392 58.8671
0 -8.4756 -96.3197 58.8774
0 -8.56179 -96.2529 58.8972
0 -8.64298 -96.1814 58.9172
0 -8.73004 -96.1231 58.9374
0 -8.82066 -96.0729 58.9573
0 -8.90901 -96.0194 58.9773
0 -8.9768 -95.9715 58.9973
0 -9.07073 -95.9118 59.0172
0 -9.16114 -95.8526 59.0372
0 -9.24947 -95.7937 59.0574
0 -9.36026 -95.7355 59.0773
0 -9.50387 -95.6701 59.0973
0 -9.66725 -95.6005 59.1172
0 -9.83819 -95.5203 59.1373
0 -10.0331 -95.4261 59.1572
0 -10.2382 -95.3154 59.1772
0 -10.4691 -95.1874 59.1975
0 -10.696 -95.0565 59.2172
0 -10.9253 -94.9321 59.2374
0 -11.156 -94.8118 59.2572
0 -11.3877 -94.6938 59.2772
0 -11.5768 -94.5841 59.2974
0 -11.7359 -94.4711 59.3172
0 -11.8575 -94.3636 59.3374
0 -11.9677 -94.2353 59.3572
0 -12.095 -94.0954 59.3772
0 -12.2326 -93.9485 59.3972
0 -12.3657 -93.8214 59.4172
0 -12.4719 -93.7054 59.4372
0 -12.5707 -93.6126 59.4572
0 -12.6257 -93.5487 59.4772
0 -12.6543 -93.5021 59.4972
0 -12.6715 -93.4741 59.5173
0 -12.6818 -93.4573 59.5373
0 -12.6837 -93.439 59.5573
0 -12.6848 -93.428 59.5772
0 -12.6767 -93.4049 59.5972
0 -12.6632 -93.3746 59.6173
0 -12.6508 -93.3482 59.6375
0 -12.6389 -93.3241 59.6572
0 -12.6472 -93.2939 59.6772
0 -12.683 -93.2443 59.6973
0 -12.7552 -93.1756 59.7173
0 -12.8206 -93.0864 59.7373
0 -12.8623 -92.9925 59.7574
0 -12.8742 -92.9115 59.7773
0 -12.8968 -92.8472 59.7974
0 -12.9457 -92.7853 59.8173
0 -13.0303 -92.7174 59.8372
0 -13.112 -92.6452 59.858
0 -13.212 -92.5629 59.8773
0 -13.3031 -92.482 59.8973
0 -13.3845 -92.3938 59.9173
0 -13.4602 -92.3012 59.9373
0 -13.5368 -92.2141 59.9574
0 -13.594 -92.138 59.9772
0 -13.6439 -92.0766 59.9973
0 -13.6895 -92.024 60.0173
0 -13.7124 -91.9842 60.0372
0 -13.7619 -91.9371 60.0573
0 -13.8715 -91.8787 60.0772
0 -14.0131 -91.8055 60.0973
0 -14.1294 -91.7301 60.1173
0 -14.2106 -91.6609 60.1372
0 -14.275 -91.6036 60.1573
0 -14.3136 -91.5693 60.1773
0 -14.3569 -91.5412 60.1973
0 -14.423 -91.5093 60.2173
0 -14.4985 -91.467 60.2372
0 -14.5955 -91.4027 60.2573
0 -14.6895 -91.3409 60.2775
0 -14.7618 -91.2881 60.2973
0 -14.8411 -91.2333 60.3173
0 -14.9448 -91.1697 60.3373
0 -15.1079 -91.0943 60.3573
0 -15.3184 -90.988 60.3774
0 -15.5575 -90.8631 60.3973
0 -15.7938 -90.7346 60.4173
0 -16.0402 -90.5799 60.4374
0 -16.3134 -90.4022 60.4572
0 -16.6072 -90.2191 60.4773
0 -16.8975 -90.0486 60.4975
0 -17.1903 -89.894 60.5173
0 -17.4684 -89.7649 60.5373
0 -17.7337 -89.6427 60.5573
0 -17.9545 -89.5476 60.5772
0 -18.1487 -89.4689 60.5974
0 -18.3228 -89.3915 60.6173
0 -18.4435 -89.3295 60.6373
0 -18.5117 -89.2838 60.6575
0 -18.5527 -89.2564 60.6773
0 -18.573 -89.2315 60.6973
0 -18.5809 -89.2081 60.7173
0 -18.6063 -89.1869 60.7373
0 -18.6173 -89.1657 60.7573
0 -18.6445 -89.1457 60.7773
0 -18.6814 -89.1266 60.7973
0 -18.72 -89.0994 60.8173
0 -18.7638 -89.0759 60.8373
0 -18.8106 -89.0546 60.8573
0 -18.8758 -89.0189 60.8775
0 -18.952 -88.9747 60.8973
0 -19.0555 -88.9181 60.9173
0 -19.192 -88.8385 60.9373
0 -19.3317 -88.7608 60.9573
0 -19.4778 -88.6927 60.9773
0 -19.582 -88.6362 60.9973
0 -19.6652 -88.5951 61.0173
0 -19.7152 -88.5705 61.0374
0 -19.7451 -88.5557 61.0574
0 -19.7631 -88.5468 61.0775
0 -19.7739 -88.5415 61.0975
0 -19.7762 -88.5298 61.1173
0 -19.7775 -88.5228 61.1373
0 -19.7783 -88.5186 61.1573
0 -19.7788 -88.5161 61.1773
0 -19.7791 -88.5146 61.1973
0 -19.7793 -88.5137 61.2173
0 -19.7794 -88.5131 61.2373
0 -19.7794 -88.5128 61.2575
0 -19.7795 -88.5126 61.2773
0 -19.7795 -88.5125 61.2973
0 -19.7795 -88.5124 61.3175
0 -19.8003 -88.5052 61.3373
0 -19.8127 -88.5009 61.3573
0 -19.8202 -88.4983 61.3776
0 -19.8247 -88.4968 61.3973
0 -19.8274 -88.4959 61.4173
0 -19.829 -88.4953 61.4373
0 -19.83 -88.495 61.4573
0 -19.8306 -88.4948 61.4773
0 -19.8309 -88.4946 61.4973
0 -19.8311 -88.4946 61.5173
0 -19.8312 -88.4945 61.5375
0 -19.8313 -88.4945 61.5573
0 -19.8314 -88.4945 61.5773
0 -19.8314 -88.4945 61.5973
0 -19.8522 -88.4873 61.6173
0 -19.8646 -88.483 61.6374
0 -19.8552 -88.4465 61.6573
0 -19.7974 -88.3513 61.6773
0 -19.6369 -88.1347 61.6973
0 -19.4811 -87.8316 61.7173
0 -19.3652 -87.453 61.7373
0 -19.2267 -87.0343 61.7573
0 -19.088 -86.6023 61.7775
0 -18.9848 -86.2018 61.7973
0 -18.8956 -85.8388 61.8173
0 -18.8371 -85.5267 61.8376
0 -18.7971 -85.2451 61.8576
0 -18.7681 -84.9816 61.8775
0 -18.6895 -84.7323 61.8973
0 -18.5811 -84.4915 61.9176
0 -18.4057 -84.2403 61.9373
0 -18.2081 -84.0031 61.9574
0 -17.9971 -83.7744 61.9774
0 -17.7822 -83.5595 61.9974
0 -17.5649 -83.3531 62.0174
0 -17.3644 -83.1721 62.0374
0 -17.2233 -83.0215 62.0573
0 -17.153 -82.8927 62.0773
0 -17.1275 -82.7986 62.0973
0 -17.1122 -82.7422 62.1176
0 -17.1409 -82.6839 62.1373
0 -17.1916 -82.6154 62.1573
0 -17.2342 -82.5486 62.1773
0 -17.2932 -82.4751 62.1973
0 -17.3485 -82.3708 62.2173
0 -17.3499 -82.2459 62.2373
0 -17.3097 -82.091 62.2573
0 -17.249 -81.9275 62.2774
0 -17.211 -81.7774 62.2975
0 -17.1653 -81.6435 62.3173
0 -17.1287 -81.5456 62.3374
0 -17.1021 -81.4781 62.3573
0 -17.0861 -81.4376 62.3773
0 -17.0766 -81.4133 62.3974
0 -17.0708 -81.3987 62.4173
0 -17.0582 -81.3724 62.4373
0 -17.0414 -81.3392 62.4573
0 -17.0175 -81.2931 62.4773
0 -16.9801 -81.2218 62.4974
0 -16.9108 -81.1207 62.5173
0 -16.7324 -80.9221 62.5373
0 -16.4859 -80.5758 62.5576
0 -16.2236 -80.089 62.5773
0 -15.9292 -79.4732 62.5973
0 -15.5683 -78.7726 62.6175
0 -15.1517 -78.061 62.6378
0 -14.7932 -77.4221 62.6573
0 -14.4774 -76.911 62.6773
0 -14.2655 -76.5447 62.6973
0 -14.1139 -76.2791 62.7173
0 -13.9984 -76.074 62.7373
0 -13.9143 -75.9236 62.7573
0 -13.854 -75.8151 62.7775
0 -13.8179 -75.75 62.7973
0 -13.7913 -75.7018 62.8174
0 -13.7704 -75.6638 62.8373
0 -13.7431 -75.6138 62.8574
0 -13.7119 -75.5565 62.8775
0 -13.6783 -75.495 62.8976
0 -13.6484 -75.44 62.9173
0 -13.6205 -75.3889 62.9373
0 -13.5938 -75.3402 62.9574
0 -13.568 -75.2929 62.9777
0 -13.5425 -75.2466 62.9973
0 -13.5174 -75.2008 63.0174
0 -13.4874 -75.1464 63.0374
0 -13.4545 -75.0868 63.0573
0 -13.4416 -75.0154 63.0774
0 -13.4458 -74.946 63.0974
0 -13.4821 -74.8688 63.1176
0 -13.5326 -74.7782 63.1374
0 -13.5748 -74.6972 63.1574
0 -13.629 -74.6042 63.1774
0 -13.6953 -74.5131 63.1975
0 -13.7689 -74.423 63.2174
0 -13.847 -74.3335 63.2375
0 -13.9058 -74.2533 63.2573
0 -13.9311 -74.1873 63.2774
0 -13.9533 -74.1123 63.2974
0 -13.9566 -74.0495 63.3174
0 -13.9706 -73.9853 63.3374
0 -13.969 -73.929 63.3573
0 -13.958 -73.8776 63.3773
0 -13.9414 -73.829 63.3973
0 -13.9434 -73.7734 63.4175
0 -13.9296 -73.7136 63.4374
0 -13.9503 -73.6336 63.4574
0 -13.9867 -73.5327 63.4774
0 -14.0645 -73.428 63.4974
0 -14.1674 -73.321 63.5175
0 -14.3073 -73.2039 63.5374
0 -14.4697 -73.0808 63.5575
0 -14.6405 -72.9453 63.5802
0 -14.7995 -72.8199 63.5974
0 -14.9735 -72.6919 63.6176
0 -15.1739 -72.5448 63.6374
0 -15.3681 -72.395 63.6574
0 -15.5586 -72.2437 63.6773
0 -15.7248 -72.1002 63.6974
0 -15.8814 -71.9702 63.7175
0 -15.9801 -71.8315 63.7374
0 -15.9841 -71.6364 63.7574
0 -15.9462 -71.4201 63.7774
0 -15.8607 -71.1998 63.7974
0 -15.7387 -70.9426 63.8174
0 -15.5823 -70.6759 63.8374
0 -15.4352 -70.429 63.8574
0 -15.3289 -70.2285 63.8774
0 -15.2674 -70.0774 63.8974
0 -15.2478 -69.9689 63.9174
0 -15.2534 -69.8859 63.9374
0 -15.2966 -69.8092 63.9574
0 -15.3624 -69.7364 63.9774
0 -15.4193 -69.6748 63.9974
0 -15.4709 -69.62 64.0174
0 -15.5468 -69.5693 64.0374
0 -15.6498 -69.4941 64.0574
0 -15.7515 -69.4223 64.0774
0 -15.8701 -69.3346 64.0974
0 -15.9762 -69.2462 64.1174
0 -16.0749 -69.1575 64.1374
0 -16.1465 -69.0774 64.1574
0 -16.1743 -69.0025 64.1774
0 -16.2084 -68.9397 64.1976
0 -16.2289 -68.902 64.2177
0 -16.2638 -68.8705 64.2374
0 -16.2848 -68.8516 64.2574
0 -16.2973 -68.8403 64.2774
0 -16.3049 -68.8335 64.2974
0 -16.332 -68.8205 64.3175
0 -16.3483 -68.8127 64.3374
0 -16.3581 -68.8081 64.3574
0 -16.3866 -68.7964 64.3774
0 -16.4037 -68.7894 64.3974
0 -16.4366 -68.7763 64.4174
0 -16.4789 -68.7596 64.4375
0 -16.527 -68.7407 64.4574
0 -16.5558 -68.7294 64.4774
0 -16.5732 -68.7226 64.4982
0 -16.6062 -68.7096 64.5177
0 -16.626 -68.7019 64.5379
0 -16.6379 -68.6972 64.5574
0 -16.645 -68.6944 64.5774
0 -16.6493 -68.6927 64.5975
0 -16.6519 -68.6917 64.6176
0 -16.6534 -68.6911 64.6374
0 -16.6544 -68.6907 64.658
0 -16.6776 -68.6817 64.6775
0 -16.6915 -68.6762 64.698
0 -16.6998 -68.673 64.7178
0 -16.7049 -68.671 64.7376
0 -16.7079 -68.6698 64.7578
0 -16.7097 -68.6691 64.7779
0 -16.7057 -68.6597 64.7977
0 -16.6829 -68.6182 64.8175
0 -16.6337 -68.5308 64.8375
0 -16.5684 -68.4162 64.8577
0 -16.5109 -68.2676 64.8775
0 -16.453 -68.0903 64.8979
0 -16.4402 -67.8781 64.9176
0 -16.4264 -67.6457 64.9376
0 -16.44 -67.4011 64.9578
0 -16.4981 -67.149 64.9777
0 -16.5984 -66.9185 64.9975
0 -16.6682 -66.6551 65.0175
0 -16.7041 -66.2989 65.0376
0 -16.7066 -65.8414 65.0576
0 -16.6349 -65.3043 65.0776
0 -16.4795 -64.7141 65.0975
0 -16.3017 -64.0912 65.1175
0 -16.0866 -63.4574 65.1374
0 -15.8587 -62.8212 65.1575
0 -15.6513 -62.1826 65.1774
0 -15.4716 -61.5556 65.1975
0 -15.3398 -60.9625 65.2175
0 -15.2559 -60.4447 65.2374
0 -15.2195 -60.0131 65.2575
0 -15.2275 -59.6469 65.2781
0 -15.2568 -59.3105 65.2976
0 -15.3022 -59.0338 65.3175
0 -15.3864 -58.7925 65.3374
0 -15.4489 -58.559 65.3574
0 -15.5434 -58.3435 65.3775
0 -15.6497 -58.1624 65.3974
0 -15.7371 -58.0441 65.4176
0 -15.8132 -57.9636 65.4376
0 -15.9062 -57.8962 65.4575
0 -15.9857 -57.8463 65.4775
0 -16.0334 -57.8163 65.4975
0 -16.0621 -57.7983 65.5175
0 -16.0792 -57.7875 65.5377
0 -16.0895 -57.781 65.5575
0 -16.0957 -57.7771 65.5776
0 -16.0994 -57.7748 65.5976
0 -16.1017 -57.7734 65.6176
0 -16.103 -57.7726 65.6376
0 -16.1038 -57.7721 65.6575
0 -16.1043 -57.7718 65.6776
0 -16.1046 -57.7716 65.6976
0 -16.1047 -57.7715 65.7176
0 -16.1048 -57.7714 65.7376
0 -16.1049 -57.7714 65.7586
0 -16.1049 -57.7713 65.7776
0 -16.105 -57.7713 65.7976
0 -16.105 -57.7713 65.8176
0 -16.105 -57.7713 65.8375
0 -16.105 -57.7713 65.8575
0 -16.105 -57.7713 65.8776
0 -16.105 -57.7713 65.8989
0 -16.105 -57.7713 65.9176
0 -16.105 -57.7713 65.9376
0 -16.105 -57.7713 65.9575
0 -16.105 -57.7713 65.9775
0 -16.105 -57.7713 65.9975
0 -16.105 -57.7713 66.0175
0 -16.105 -57.7713 66.0376
0 -16.0941 -57.7525 66.0576
0 -16.0657 -57.7038 66.0776
0 -16.0212 -57.6279 66.0976
0 -15.9617 -57.5265 66.1176
0 -15.9222 -57.4097 66.1376
0 -15.8892 -57.2746 66.1577
0 -15.8712 -57.1471 66.1776
0 -15.8675 -57.0334 66.1976
0 -15.9019 -56.9275 66.2177
0 -15.959 -56.8263 66.2376
0 -16.0775 -56.7086 66.2576
0 -16.2035 -56.5816 66.2775
0 -16.358 -56.4395 66.2976
0 -16.5297 -56.2882 66.3175
0 -16.7118 -56.1316 66.3376
0 -16.8947 -55.9627 66.3582
0 -17.0838 -55.7956 66.3775
0 -17.2636 -55.6576 66.3976
0 -17.4141 -55.5465 66.4176
0 -17.5764 -55.4512 66.4376
0 -17.7404 -55.3563 66.4576
0 -17.9054 -55.2617 66.4776
0 -18.0416 -55.1677 66.4976
0 -18.1845 -55.0644 66.5176
0 -18.3371 -54.9649 66.5377
0 -18.4955 -54.8676 66.5576
0 -18.663 -54.781 66.5776
0 -18.8492 -54.6729 66.5976
0 -18.9982 -54.5709 66.6177
0 -19.1251 -54.4725 66.6377
0 -19.2386 -54.3763 66.6576
0 -19.3684 -54.272 66.6776
0 -19.4838 -54.1723 66.6976
0 -19.5851 -54.0662 66.7176
0 -19.7076 -53.9561 66.7377
0 -19.8431 -53.8437 66.7577
0 -19.962 -53.7392 66.7775
0 -20.0709 -53.6395 66.7975
0 -20.1795 -53.5518 66.8176
0 -20.2824 -53.4622 66.8375
0 -20.3629 -53.39 66.8575
0 -20.4302 -53.3282 66.8777
0 -20.4894 -53.2727 66.8976
0 -20.5438 -53.2209 66.9179
0 -20.5709 -53.1806 66.9377
0 -20.5817 -53.1474 66.9575
0 -20.5881 -53.1274 66.9775
0 -20.5865 -53.1063 66.9975
0 -20.6099 -53.0843 67.0175
0 -20.5917 -53.0411 67.0376
0 -20.5192 -52.9217 67.0576
0 -20.4249 -52.6986 67.0775
0 -20.3174 -52.4131 67.0975
0 -20.1581 -52.0417 67.1176
0 -20.0082 -51.6238 67.1375
0 -19.8365 -51.2212 67.1578
0 -19.6841 -50.8575 67.1775
0 -19.6035 -50.5809 67.1975
0 -19.5578 -50.381 67.2177
0 -19.5191 -50.2423 67.2375
0 -19.4846 -50.1403 67.2576
0 -19.4527 -50.0605 67.2778
0 -19.4278 -50.0032 67.2975
0 -19.4016 -49.9503 67.3178
0 -19.3803 -49.9092 67.3384
0 -19.3618 -49.8752 67.3576
0 -19.3451 -49.8455 67.3777
0 -19.335 -49.8277 67.3975
0 -19.3233 -49.8078 67.4175
0 -19.3163 -49.7958 67.4384
0 -19.3065 -49.7793 67.4575
0 -19.2949 -49.7602 67.4776
0 -19.2823 -49.7394 67.4975
0 -19.269 -49.7177 67.5175
0 -19.2611 -49.7047 67.5377
0 -19.2507 -49.6876 67.5575
0 -19.2387 -49.6682 67.5775
0 -19.2259 -49.6472 67.5977
0 -19.2126 -49.6254 67.6176
0 -19.1111 -49.5184 67.6376
0 -18.918 -49.3207 67.6575
0 -18.6588 -49.063 67.6776
0 -18.3653 -48.7788 67.6975
0 -18.0509 -48.4789 67.7176
0 -17.7402 -48.1848 67.7376
0 -17.4315 -47.8944 67.7576
0 -17.1571 -47.6362 67.7776
0 -16.9198 -47.4122 67.7976
0 -16.7215 -47.2237 67.8175
0 -16.5574 -47.0619 67.8375
0 -16.408 -46.9067 67.8578
0 -16.2673 -46.7555 67.8775
0 -16.1259 -46.5972 67.8975
0 -15.9651 -46.4544 67.9175
0 -15.8153 -46.3453 67.9375
0 -15.6444 -46.236 67.9577
0 -15.5002 -46.1658 67.9777
0 -15.4137 -46.1237 67.9975
0 -15.3312 -46.0994 68.0178
0 -15.2817 -46.0848 68.0375
0 -15.2272 -46.0863 68.0576
0 -15.1946 -46.0872 68.0775
0 -15.1502 -46.0981 68.0985
0 -15.0742 -46.1253 68.1179
0 -15.0039 -46.1519 68.1384
0 -14.937 -46.1783 68.1576
0 -14.8968 -46.1941 68.1775
0 -14.8727 -46.2035 68.1975
0 -14.8583 -46.2092 68.2178
0 -14.8496 -46.2126 68.2375
0 -14.8444 -46.2147 68.2576
0 -14.8413 -46.2159 68.2777
0 -14.8394 -46.2167 68.2976
0 -14.8383 -46.2171 68.3179
0 -14.8376 -46.2174 68.3376
0 -14.8372 -46.2175 68.3577
0 -14.837 -46.2176 68.3776
0 -14.8368 -46.2177 68.3976
0 -14.8367 -46.2177 68.4175
0 -14.8367 -46.2177 68.4375
0 -14.8248 -46.199 68.4576
0 -14.7941 -46.1505 68.4775
0 -14.759 -46.046 68.4977
0 -14.7211 -45.9082 68.5176
0 -14.7191 -45.7115 68.5376
0 -14.7635 -45.4695 68.5576
0 -14.8546 -45.1811 68.5776
0 -14.9079 -44.7696 68.5975
0 -14.9874 -44.1958 68.6175
0 -15.0857 -43.5003 68.6377
0 -15.1654 -42.744 68.6576
0 -15.2381 -41.9946 68.6775
0 -15.3097 -41.2256 68.6977
0 -15.3899 -40.4859 68.7176
0 -15.4245 -39.7846 68.7375
0 -15.4155 -39.1584 68.7577
0 -15.3843 -38.677 68.7776
0 -15.3471 -38.3599 68.7976
0 -15.3063 -38.1413 68.8176
0 -15.251 -37.9633 68.8378
0 -15.193 -37.8192 68.8575
0 -15.1459 -37.714 68.8785
0 -15.1114 -37.6417 68.8977
0 -15.0907 -37.5982 68.9175
0 -15.0783 -37.5722 68.9375
0 -15.0709 -37.5565 68.9575
0 -15.0664 -37.5472 68.9775
0 -15.0637 -37.5415 68.9978
0 -15.0559 -37.5289 69.0175
0 -15.0512 -37.5213 69.0376
0 -15.0484 -37.5167 69.0577
0 -15.0468 -37.514 69.0775
0 -15.0457 -37.5123 69.0976
0 -15.0451 -37.5113 69.1178
0 -15.0448 -37.5107 69.1375
0 -15.0446 -37.5104 69.1576
0 -15.0444 -37.5102 69.1775
0 -15.0443 -37.5101 69.1976
0 -15.0443 -37.51 69.2176
0 -15.0443 -37.5099 69.2375
0 -15.0443 -37.5099 69.2576
0 -15.0442 -37.5099 69.2778
0 -14.7601 -37.4523 70.0167
0 -14.7545 -37.3953 70.0366
0 -14.7897 -37.3211 70.0566
0 -14.8494 -37.2365 70.0767
0 -14.9046 -37.1658 70.0966
0 -14.957 -37.1033 70.1166
0 -15.0651 -37.0334 70.1366
0 -15.1687 -36.9514 70.1568
0 -15.2501 -36.8823 70.1766
0 -15.3316 -36.7917 70.1966
0 -15.3935 -36.7083 70.2168
0 -15.4695 -36.6184 70.2366
0 -15.5858 -36.5229 70.2566
0 -15.6943 -36.4258 70.2766
0 -15.824 -36.317 70.2967
0 -15.9407 -36.2119 70.3166
0 -16.0559 -36.1183 70.3373
0 -16.1702 -36.0315 70.3566
0 -16.2582 -35.9596 70.3766
0 -16.3563 -35.8859 70.3967
0 -16.4542 -35.802 70.4166
0 -16.5581 -35.7211 70.4366
0 -16.6596 -35.633 70.4568
0 -16.7658 -35.5496 70.4766
0 -16.9007 -35.4585 70.4966
0 -17.0528 -35.3627 70.5167
0 -17.1958 -35.284 70.5366
0 -17.3332 -35.2155 70.5566
0 -17.4674 -35.1532 70.5766
0 -17.5738 -35.1053 70.5966
0 -17.6314 -35.0674 70.6166
0 -17.666 -35.0446 70.6368
0 -17.6867 -35.0309 70.6566
0 -17.6992 -35.0227 70.6766
0 -17.7066 -35.0178 70.6966
0 -17.7111 -35.0149 70.7166
0 -17.7138 -35.0131 70.7366
1 -13.0998 -36.9686 72.5967
1 -13.0998 -36.9686 72.6167
1 -13.0998 -36.9686 72.6367
1 -13.0998 -36.9686 72.6571
1 -13.0998 -36.9686 72.6767
1 -13.0998 -36.9686 72.6967
1 -13.0998 -36.9686 72.7168
1 -13.0998 -36.9686 72.7367
1 -13.0998 -36.9686 72.7567
1 -13.0998 -36.9686 72.7767
1 -13.0998 -36.9686 72.7967
1 -13.0998 -36.9686 72.8168
1 -13.0998 -36.9686 72.8367
1 -13.0998 -36.9686 72.8567
1 -13.0998 -36.9686 72.8767
1 -13.0998 -36.9686 72.8968
1 -13.0998 -36.9686 72.9166
1 -13.0998 -36.9686 72.9367
1 -13.0998 -36.9686 72.9569
1 -13.0998 -36.9686 72.9767
1 -13.0998 -36.9686 72.9969
1 -13.0998 -36.9686 73.0167
1 -13.0744 -36.9798 73.0367
1 -13.0591 -36.9865 73.0567
1 -13.0437 -36.9817 73.0767
1 -13.0344 -36.9789 73.0967
1 -13.0288 -36.9771 73.1168
1 -13.0255 -36.9761 73.1366
1 -13.0235 -36.9755 73.1567
1 -13.0223 -36.9751 73.1771
1 -13.0215 -36.9749 73.1967
1 -13.0211 -36.9748 73.2167
1 -13.0208 -36.9747 73.2367
1 -13.0207 -36.9746 73.2567
1 -13.0206 -36.9746 73.2768
1 -13.0205 -36.9746 73.2967
1 -13.0205 -36.9746 73.3169
1 -13.0205 -36.9746 73.3367
1 -13.0205 -36.9746 73.3567
1 -13.0205 -36.9746 73.3767
1 -13.0205 -36.9746 73.3968
1 -13.0205 -36.9746 73.4167
1 -13.0205 -36.9746 73.4367
1 -13.0205 -36.9746 73.4568
1 -13.0205 -36.9746 73.4767
1 -13.0205 -36.9746 73.4967
1 -13.0205 -36.9746 73.5169
1 -13.0205 -36.9746 73.5367
1 -13.0205 -36.9746 73.5567
1 -13.0205 -36.9746 73.5769
1 -13.0205 -36.9746 73.5967
1 -13.0205 -36.9746 73.6168
1 -13.0205 -36.9746 73.6367
1 -13.0205 -36.9746 73.6567
1 -13.0205 -36.9746 73.6768
1 -12.995 -36.9858 73.6967
1 -12.9097 -36.9295 73.7167
1 -12.6751 -36.7656 73.7367
1 -12.3584 -36.5108 73.7567
1 -11.9488 -36.1979 73.7767
1 -11.4397 -35.8471 73.7967
1 -10.888 -35.4901 73.8168
1 -10.3025 -35.1575 73.8368
1 -9.74345 -34.877 73.8567
1 -9.24229 -34.6679 73.8767
1 -8.81164 -34.5325 73.8968
1 -8.48454 -34.4597 73.9167
1 -8.18371 -34.3945 73.9369
1 -7.93544 -34.3279 73.9567
1 -7.70722 -34.2547 73.9769
1 -7.44112 -34.1653 73.9967
1 -7.15872 -34.0757 74.0169
1 -6.85996 -33.977 74.0367
1 -6.51444 -33.8794 74.0567
1 -6.16609 -33.7707 74.0769
1 -5.79063 -33.668 74.0967
1 -5.39881 -33.5691 74.1167
1 -5.04766 -33.4485 74.1368
1 -4.69552 -33.3273 74.1567
1 -4.36794 -33.1937 74.1767
1 -4.08026 -33.0405 74.1968
1 -3.85292 -32.9048 74.2167
1 -3.68001 -32.7942 74.2369
1 -3.57626 -32.7279 74.2569
1 -3.51401 -32.6881 74.2767
1 -3.47666 -32.6642 74.2968
1 -3.45425 -32.6498 74.3167
1 -3.4408 -32.6412 74.3369
1 -3.43273 -32.6361 74.3567
1 -3.42789 -32.633 74.3767
1 -3.42499 -32.6311 74.3969
1 -3.42324 -32.63 74.4167
1 -3.4222 -32.6293 74.4368
1 -3.42157 -32.6289 74.4567
1 -3.4212 -32.6287 74.4767
1 -3.42097 -32.6286 74.4968
1 -3.42083 -32.6285 74.5167
1 -3.42075 -32.6284 74.5367
1 -3.4207 -32.6284 74.5567
1 -3.42067 -32.6284 74.5767
1 -3.42066 -32.6284 74.5969
1 -3.42065 -32.6284 74.6167
1 -3.39535 -32.6408 74.6369
1 -3.38018 -32.6483 74.6567
1 -3.37107 -32.6528 74.6768
1 -3.36561 -32.6555 74.6967
1 -3.36233 -32.6571 74.7167
1 -3.36037 -32.6581 74.737
1 -3.35919 -32.6586 74.7568
1 -3.35848 -32.659 74.7768
1 -3.35805 -32.6592 74.7967
1 -3.3578 -32.6593 74.8167
1 -3.35765 -32.6594 74.8369
1 -3.35755 -32.6594 74.8568
1 -3.3575 -32.6595 74.8768
1 -3.35747 -32.6595 74.8967
1 -3.35745 -32.6595 74.9167
1 -3.35743 -32.6595 74.9367
1 -3.35743 -32.6595 74.9568
1 -3.35742 -32.6595 74.9767
1 -3.35742 -32.6595 74.9967
1 -3.35742 -32.6595 75.0168
1 -3.35742 -32.6595 75.0367
1 -3.35742 -32.6595 75.0567
1 -3.35742 -32.6595 75.0768
1 -3.35742 -32.6595 75.0968
1 -3.35742 -32.6595 75.1169
1 -3.35742 -32.6595 75.1367
1 -3.35742 -32.6595 75.1568
1 -3.35742 -32.6595 75.1767
1 -3.35742 -32.6595 75.1968
1 -3.35742 -32.6595 75.2168
1 -3.35742 -32.6595 75.2368
1 -3.35742 -32.6595 75.2567
1 -3.35742 -32.6595 75.2768
1 -3.35742 -32.6595 75.297
1 -3.35742 -32.6595 75.3167
1 -3.35742 -32.6595 75.3367
1 -3.33214 -32.672 75.3568
1 -3.2917 -32.692 75.3767
1 -3.21027 -32.7196 75.3969
1 -3.08566 -32.7738 75.4168
1 -2.96043 -32.8313 75.4368
1 -2.80964 -32.9036 75.4568
1 -2.64357 -32.9846 75.4767
1 -2.46838 -33.0711 75.4969
1 -2.26263 -33.1734 75.5167
1 -2.03865 -33.2855 75.5368
1 -1.80382 -33.4035 75.5567
1 -1.53752 -33.5378 75.5768
1 -1.20244 -33.7078 75.5968
1 -0.826397 -33.8995 75.6167
1 -0.401154 -34.1175 75.6371
1 0.0780809 -34.3647 75.6568
1 0.614013 -34.643 75.6769
1 1.13383 -34.9145 75.6968
1 1.66828 -35.1955 75.7168
1 2.13704 -35.4432 75.7368
1 2.54153 -35.6579 75.7568
1 2.8581 -35.8264 75.7768
1 3.09724 -35.9541 75.7967
1 3.28992 -36.0572 75.8168
1 3.43011 -36.1324 75.8369
1 3.51422 -36.1775 75.8567
1 3.56469 -36.2045 75.8768
1 3.59497 -36.2208 75.897
1 3.61314 -36.2305 75.9168
1 3.62404 -36.2363 75.9368
1 3.63058 -36.2399 75.9569
1 3.6345 -36.242 75.9768
1 3.63686 -36.2432 75.9968
1 3.63827 -36.244 76.0169
1 3.63912 -36.2444 76.0369
1 3.63963 -36.2447 76.0568
1 3.63993 -36.2449 76.0768
1 3.7135 -36.1896 76.0968
1 3.81273 -36.1149 76.1168
1 3.95255 -36.0061 76.1368
1 4.09163 -35.8994 76.1568
1 4.24873 -35.7804 76.1767
1 4.43515 -35.6403 76.1968
1 4.63928 -35.4878 76.2169
1 4.85415 -35.3279 76.2367
1 5.05706 -35.1775 76.2567
1 5.25287 -35.0328 76.277
1 5.4445 -34.8917 76.2967
1 5.61512 -34.7664 76.3168
1 5.77319 -34.6506 76.3369
1 5.90518 -34.5541 76.3568
1 6.04698 -34.4467 76.3768
1 6.22509 -34.3149 76.397
1 6.44374 -34.1552 76.4168
1 6.73111 -33.9432 76.4368
1 7.05314 -33.7093 76.4568
1 7.40315 -33.4536 76.4768
1 7.74456 -33.2075 76.497
1 8.06914 -32.9716 76.5168
1 8.33919 -32.7774 76.5368
1 8.54584 -32.6254 76.5568
1 8.68868 -32.521 76.5769
1 8.77438 -32.4584 76.597
1 8.83275 -32.4116 76.6168
1 8.86777 -32.3835 76.6369
1 8.88878 -32.3666 76.6568
1 8.90139 -32.3565 76.6768
1 8.90896 -32.3505 76.697
1 8.91349 -32.3468 76.7168
1 8.91622 -32.3446 76.7368
1 8.91785 -32.3433 76.7572
1 8.91883 -32.3425 76.7768
1 8.91942 -32.3421 76.797
1 8.91977 -32.3418 76.8169
1 8.91998 -32.3416 76.8368
1 8.92011 -32.3415 76.8569
1 8.92019 -32.3414 76.8768
1 8.92023 -32.3414 76.8968
1 8.89561 -32.3274 76.917
1 8.88084 -32.3189 76.9368
1 8.87198 -32.3139 76.9569
1 8.86666 -32.3109 76.9768
1 8.86347 -32.309 76.9968
1 8.86156 -32.3079 77.017
1 8.83575 -32.2933 77.0369
1 8.82027 -32.2845 77.0568
1 8.81099 -32.2792 77.0768
1 8.78075 -32.262 77.0968
1 8.76261 -32.2517 77.1168
1 8.75173 -32.2455 77.1368
1 8.7452 -32.2418 77.1568
1 8.74128 -32.2396 77.1768
1 8.73893 -32.2383 77.197
1 8.73752 -32.2375 77.2168
1 8.75552 -32.2239 77.2368
1 8.80404 -32.1894 77.2568
1 8.90864 -32.1164 77.2768
1 9.06586 -32.0072 77.297
1 9.23584 -31.8895 77.3168
1 9.45144 -31.7409 77.3368
1 9.67559 -31.5869 77.357
1 9.90499 -31.4299 77.3768
1 10.1376 -31.2713 77.3968
1 10.3533 -31.1247 77.417
1 10.5469 -30.9888 77.4368
1 10.7533 -30.8369 77.4568
1 10.9675 -30.6757 77.4768
1 11.1866 -30.5088 77.4969
1 11.3824 -30.3609 77.517
1 11.6027 -30.199 77.5368
1 11.8377 -30.0288 77.5568
1 12.0938 -29.8508 77.5769
1 12.3699 -29.6588 77.5968
1 12.6317 -29.4807 77.6168
1 12.8922 -29.3015 77.637
1 13.1328 -29.1344 77.6568
1 13.3737 -28.9717 77.6768
1 13.6026 -28.8147 77.6968
1 13.8174 -28.6708 77.7168
1 14.0308 -28.5253 77.7368
1 14.263 -28.3665 77.7569
1 14.5506 -28.2024 77.7768
1 14.8912 -28.0233 77.7968
1 15.2585 -27.8085 77.817
1 15.706 -27.5635 77.8368
1 16.1752 -27.3233 77.8568
1 16.6897 -27.0918 77.8769
1 17.1999 -26.8613 77.8968
1 17.7324 -26.6474 77.9168
1 18.2393 -26.4677 77.937
1 18.7161 -26.3479 77.9568
1 19.1599 -26.303 77.9768
1 19.5839 -26.3034 77.9971
1 19.9516 -26.3273 78.017
1 20.2411 -26.3613 78.0368
1 20.5281 -26.4056 78.0571
1 20.7691 -26.452 78.0768
1 21.0023 -26.4883 78.097
1 21.2111 -26.53 78.1168
1 21.4051 -26.5751 78.1369
1 21.5659 -26.6065 78.1568
1 21.7112 -26.6568 78.1774
1 21.8229 -26.7027 78.197
1 21.8899 -26.7302 78.217
1 21.9301 -26.7468 78.237
1 21.9787 -26.7724 78.258
1 22.0078 -26.7878 78.2771
1 22.0253 -26.797 78.2968
1 22.0358 -26.8026 78.3169
1 22.0421 -26.8059 78.3369
1 22.0459 -26.8079 78.3569
1 22.0482 -26.8091 78.3769
1 22.0495 -26.8098 78.3969
1 22.0503 -26.8102 78.4169
1 22.0508 -26.8105 78.4369
1 22.0511 -26.8106 78.4569
1 22.0513 -26.8107 78.4768
1 22.0514 -26.8108 78.4968
1 22.0515 -26.8108 78.5171
1 22.0515 -26.8108 78.5368
1 22.0515 -26.8109 78.5568
1 22.0515 -26.8109 78.577
1 22.0515 -26.8109 78.5968
1 22.0912 -26.7883 78.6168
1 22.1348 -26.7635 78.6369
1 22.2007 -26.7261 78.6568
1 22.2647 -26.7194 78.6769
1 22.3229 -26.7041 78.6973
1 22.3578 -26.695 78.7169
1 22.3788 -26.6895 78.737
1 22.3913 -26.6862 78.7568
1 22.3989 -26.6842 78.777
1 22.4034 -26.683 78.7968
1 22.4061 -26.6823 78.8168
1 22.4078 -26.6819 78.8369
1 22.4087 -26.6816 78.8568
1 22.4093 -26.6815 78.877
1 22.4097 -26.6814 78.8968
1 22.4099 -26.6813 78.9169
1 22.41 -26.6813 78.9373
1 22.4101 -26.6813 78.9568
1 22.4101 -26.6813 78.9769
1 22.4102 -26.6813 78.9969
1 22.4102 -26.6812 79.0169
1 22.4102 -26.6812 79.0369
1 22.4102 -26.6812 79.0569
1 22.4102 -26.6812 79.0768
1 22.4102 -26.6812 79.0969
1 22.4102 -26.6812 79.1169
1 22.4102 -26.6812 79.1371
1 22.4102 -26.6812 79.1569
1 22.4102 -26.6812 79.1769
1 22.4102 -26.6812 79.1969
1 22.4102 -26.6812 79.2169
1 22.4102 -26.6812 79.2369
1 22.4102 -26.6812 79.257
1 22.4102 -26.6812 79.2771
1 22.4102 -26.6812 79.297
1 22.4102 -26.6812 79.3169
1 22.4102 -26.6812 79.3369
1 22.4102 -26.6812 79.3568
1 22.4102 -26.6812 79.3769
1 22.4102 -26.6812 79.3969
1 22.4102 -26.6812 79.4169
1 22.4102 -26.6812 79.4369
1 22.4102 -26.6812 79.4569
1 22.4102 -26.6812 79.4769
1 22.4102 -26.6812 79.4969
1 22.4102 -26.6812 79.5169
1 22.4102 -26.6812 79.5371
1 22.4102 -26.6812 79.5569
1 22.4102 -26.6812 79.5769
1 22.4102 -26.6812 79.5971
1 22.4102 -26.6812 79.617
1 22.4102 -26.6812 79.6369
1 22.4102 -26.6812 79.6568
1 22.4102 -26.6812 79.6769
1 22.4102 -26.6812 79.6969
1 22.4102 -26.6812 79.7169
1 22.4102 -26.6812 79.7369
1 22.4102 -26.6812 79.757
1 22.4102 -26.6812 79.7769
1 22.4102 -26.6812 79.7978
1 22.4102 -26.6812 79.8176
1 22.4102 -26.6812 79.8369
1 22.4102 -26.6812 79.8569
1 22.4102 -26.6812 79.8769
1 22.4102 -26.6812 79.8969
1 22.4102 -26.6812 79.9169
1 22.4102 -26.6812 79.9369
1 22.4102 -26.6812 79.9569
1 22.4102 -26.6812 79.977
1 22.4102 -26.6812 79.9969
1 22.4102 -26.6812 80.0169
1 22.4102 -26.6812 80.0371
1 22.4102 -26.6812 80.0569
1 22.4102 -26.6812 80.0769
1 22.4102 -26.6812 80.0973
1 22.4102 -26.6812 80.1169
1 22.4102 -26.6812 80.137
1 22.4102 -26.6812 80.1569
1 22.4102 -26.6812 80.1769
1 22.4102 -26.6812 80.1969
1 22.4102 -26.6812 80.2169
1 22.4102 -26.6812 80.2369
1 22.4102 -26.6812 80.257
1 22.4102 -26.6812 80.2769
1 22.4102 -26.6812 80.2969
1 22.4102 -26.6812 80.3171
1 22.4102 -26.6812 80.3369
1 22.4102 -26.6812 80.3591
1 22.4102 -26.6812 80.3772
1 22.4102 -26.6812 80.3969
1 22.4102 -26.6812 80.417
1 22.4102 -26.6812 80.4369
1 22.4102 -26.6812 80.4569
1 22.4102 -26.6812 80.4769
1 22.4102 -26.6812 80.4969
1 22.4102 -26.6812 80.5169
1 22.4102 -26.6812 80.5369
1 22.4102 -26.6812 80.5569
1 22.4102 -26.6812 80.577
1 22.4102 -26.6812 80.5969
1 22.4102 -26.6812 80.6169
1 22.4102 -26.6812 80.6371
1 22.4102 -26.6812 80.6569
1 22.4102 -26.6812 80.6769
1 22.4102 -26.6812 80.6971
1 22.4102 -26.6812 80.7169
1 22.4102 -26.6812 80.7369
1 22.4102 -26.6812 80.7572
1 22.4102 -26.6812 80.777
1 22.4102 -26.6812 80.7969
1 22.4102 -26.6812 80.8177
1 22.4102 -26.6812 80.8369
1 22.4301 -26.67 80.8569
1 22.4817 -26.6408 80.8769
1 22.5524 -26.6009 80.8969
1 22.6346 -26.5546 80.9173
1 22.7236 -26.5044 80.9369
1 22.8169 -26.452 80.9569
1 22.9126 -26.3983 80.9771
1 22.9899 -26.355 80.9969
1 23.0563 -26.3179 81.0169
1 23.096 -26.2956 81.037
1 23.1273 -26.2722 81.0569
1 23.1461 -26.2581 81.0769
1 23.1573 -26.2497 81.097
1 23.1641 -26.2446 81.1169
1 23.1681 -26.2416 81.1371
1 23.1706 -26.2397 81.1569
1 23.172 -26.2386 81.1769
1 23.1729 -26.238 81.1971
1 23.1734 -26.2376 81.2169
1 23.1937 -26.2262 81.2369
1 23.273 -26.1761 81.2569
1 23.3878 -26.1026 81.2769
1 23.5314 -26.0052 81.2969
1 23.7323 -25.8715 81.3169
1 23.9877 -25.705 81.3369
1 24.2685 -25.5293 81.3574
1 24.5574 -25.3585 81.3772
1 24.8511 -25.1909 81.3969
1 25.1279 -25.0364 81.4169
1 25.4147 -24.8792 81.4369
1 25.7641 -24.743 81.4569
1 26.1596 -24.5926 81.477
1 26.5425 -24.4554 81.4969
1 26.9257 -24.3162 81.517
1 27.2204 -24.2282 81.537
1 27.4942 -24.1772 81.5571
1 27.7315 -24.196 81.5769
1 27.9302 -24.2301 81.5969
1 28.0738 -24.2671 81.6169
1 28.1599 -24.2893 81.6369
1 28.2359 -24.3191 81.6569
1 28.3059 -24.3536 81.6769
1 28.3554 -24.364 81.6972
1 28.3851 -24.3702 81.717
1 28.4273 -24.3905 81.737
1 28.4769 -24.4193 81.7569
1 28.5067 -24.4365 81.7769
1 28.5489 -24.4634 81.7971
1 28.5742 -24.4796 81.8169
1 28.5894 -24.4893 81.837
1 28.6228 -24.5117 81.8569
1 28.6672 -24.5417 81.8769
1 28.7181 -24.5763 81.8971
1 28.7729 -24.6137 81.9169
1 28.8544 -24.6693 81.9369
1 28.976 -24.7526 81.9572
1 29.0975 -24.8358 81.9769
1 29.2189 -24.9191 81.9969
1 29.3401 -25.0024 82.0171
1 29.4371 -25.0691 82.037
1 29.5195 -25.1257 82.0569
1 29.5689 -25.1597 82.0771
1 29.5985 -25.1801 82.0969
1 29.6163 -25.1924 82.117
1 29.627 -25.1997 82.137
1 29.6334 -25.2041 82.157
1 29.6372 -25.2068 82.177
1 29.6396 -25.2084 82.1969
1 29.6409 -25.2093 82.217
1 29.6418 -25.2099 82.2369
1 29.6423 -25.2102 82.257
1 29.6426 -25.2104 82.277
1 29.6427 -25.2106 82.297
1 29.6429 -25.2106 82.317
1 29.6429 -25.2107 82.337
1 29.643 -25.2107 82.3572
1 29.643 -25.2107 82.378
1 29.643 -25.2107 82.3972
1 29.643 -25.2107 82.417
1 29.643 -25.2108 82.4373
1 29.643 -25.2108 82.4572
1 29.643 -25.2108 82.4771
1 29.643 -25.2108 82.4972
1 29.643 -25.2108 82.5174
1 29.643 -25.2108 82.5378
1 29.643 -25.2108 82.557
1 29.643 -25.2108 82.577
1 29.643 -25.2108 82.597
1 29.643 -25.2108 82.6171
1 29.643 -25.2108 82.6373
1 29.643 -25.2108 82.6572
1 29.643 -25.2108 82.677
1 29.643 -25.2108 82.697
1 29.643 -25.2108 82.717
1 29.643 -25.2108 82.737
1 29.643 -25.2108 82.757
1 29.643 -25.2108 82.7771
1 29.643 -25.2108 82.797
1 29.643 -25.2108 82.817
1 29.643 -25.2108 82.8371
1 29.643 -25.2108 82.8572
1 29.643 -25.2108 82.8772
1 29.643 -25.2108 82.8972
1 29.643 -25.2108 82.9176
1 29.643 -25.2108 82.937
1 29.6672 -25.2274 82.9571
1 29.7059 -25.2542 82.9773
1 29.7533 -25.2869 82.9971
1 29.8301 -25.34 83.017
1 29.9003 -25.3885 83.037
1 29.9666 -25.4344 83.0573
1 30.0305 -25.4787 83.077
1 30.1335 -25.5016 83.0974
1 30.2397 -25.5219 83.117
1 30.3884 -25.5205 83.1378
1 30.5182 -25.4993 83.1572
1 30.6608 -25.4833 83.177
1 30.7908 -25.4804 83.197
1 30.889 -25.4685 83.217
1 30.9924 -25.4682 83.237
1 31.0989 -25.4749 83.2571
1 31.2109 -25.5126 83.277
1 31.3022 -25.5522 83.2971
1 31.381 -25.5928 83.3171
1 31.4524 -25.6341 83.337
1 31.5192 -25.6757 83.3571
1 31.5834 -25.7177 83.3772
1 31.6219 -25.7428 83.397
1 31.669 -25.7748 83.417
1 31.6973 -25.794 83.4371
1 31.7143 -25.8056 83.4572
1 31.7245 -25.8125 83.4771
1 31.7306 -25.8166 83.4972
1 31.7342 -25.8191 83.517
1 31.7364 -25.8206 83.5371
1 31.7378 -25.8215 83.5571
1 31.7386 -25.822 83.577
1 31.739 -25.8224 83.597
1 31.7393 -25.8226 83.617
1 31.7395 -25.8227 83.6376
1 31.7396 -25.8227 83.657
0 31.1631 -25.2604 85.0573
0 31.0971 -25.1782 85.0772
0 31.0168 -25.085 85.0972
0 30.9445 -25.0123 85.1172
0 30.8527 -24.9349 85.1372
0 30.7735 -24.8716 85.1571
0 30.7018 -24.8168 85.1784
0 30.6422 -24.757 85.1971
0 30.5822 -24.7042 85.2171
0 30.522 -24.6558 85.2371
0 30.4617 -24.6099 85.2572
0 30.3847 -24.5386 85.2773
0 30.3142 -24.479 85.2971
0 30.2234 -24.4096 85.3171
0 30.1523 -24.3411 85.3371
0 30.0611 -24.2664 85.3572
0 29.9654 -24.1779 85.3773
0 29.867 -24.0811 85.3971
0 29.7669 -23.9793 85.4171
0 29.6582 -23.8848 85.4372
0 29.5763 -23.8011 85.4571
0 29.5027 -23.7342 85.4771
0 29.4586 -23.694 85.4971
0 29.4321 -23.6699 85.5171
0 29.1251 -23.3734 86.6973
0 29.0034 -23.2901 86.7171
0 28.8571 -23.1901 86.7371
0 28.6959 -23.0802 86.7571
0 28.5334 -22.954 86.7771
0 28.3624 -22.8285 86.7973
0 28.1693 -22.6766 86.8181
0 27.9799 -22.5357 86.8378
0 27.7925 -22.4015 86.8572
0 27.6063 -22.2714 86.8771
0 27.3962 -22.1273 86.8972
0 27.1962 -21.9914 86.9172
0 27.027 -21.877 86.9372
0 26.8514 -21.759 86.9572
0 26.6967 -21.6553 86.9772
0 26.6039 -21.5931 86.9971
0 26.5482 -21.5558 87.0174
0 26.5148 -21.5334 87.0372
0 26.4947 -21.52 87.0572
0 26.4827 -21.5119 87.0772
0 26.4755 -21.5071 87.0971
0 26.4711 -21.5042 87.1171
0 26.4685 -21.5025 87.1371
0 26.467 -21.5014 87.1571
0 26.466 -21.5008 87.1773
0 26.4655 -21.5004 87.1972
0 26.4651 -21.5002 87.2171
0 26.4649 -21.5 87.2374
0 26.4648 -21.5 87.2571
0 26.4647 -21.4999 87.2771
0 26.4647 -21.4999 87.2972
0 26.4647 -21.4999 87.3171
0 26.4647 -21.4999 87.3371
0 26.4646 -21.4999 87.3573
0 26.4646 -21.4998 87.3771
0 26.4646 -21.4998 87.3972
0 26.4646 -21.4998 87.4164
0 26.4646 -21.4998 87.4361
0 26.4646 -21.4998 87.4561
0 26.4646 -21.4998 87.4763
0 26.4646 -21.4998 87.4961
0 26.4646 -21.4998 87.5162
0 26.4646 -21.4998 87.5363
0 26.4646 -21.4998 87.5561
0 26.4646 -21.4998 87.5762
0 26.4646 -21.4998 87.5963
0 26.4646 -21.4998 87.6162
0 26.4646 -21.4998 87.6362
0 26.455 -21.4625 87.6563
0 26.485 -21.3405 87.6761
0 26.5131 -21.0194 87.6962
0 26.4916 -20.462 87.7163
0 26.4529 -19.7632 87.7361
0 26.324 -18.9026 87.7562
0 26.1378 -17.9634 87.7762
0 25.9536 -17.0765 87.7961
0 25.7397 -16.2603 87.8162
0 25.5398 -15.5777 87.8361
0 25.3881 -15.0568 87.8561
0 25.3084 -14.6764 87.8763
0 25.2813 -14.4367 87.8961
0 25.265 -14.2929 87.9162
0 25.2552 -14.2066 87.9361
0 25.2494 -14.1548 87.9561
0 25.2459 -14.1237 87.9762
0 25.2438 -14.1051 87.9962
0 25.2425 -14.0939 88.0162
0 25.2417 -14.0872 88.0363
0 25.2413 -14.0832 88.0562
0 25.241 -14.0807 88.0762
0 25.2179 -14.1094 88.0963
0 25.2089 -14.2206 88.1162
0 26.7614 -16.275 88.8562
0 26.7619 -16.1941 88.8762
0 26.7524 -16.1086 88.8965
0 26.7292 -16.0304 88.9169
0 26.6803 -15.9298 88.9362
0 26.6335 -15.8425 88.9563
0 26.5627 -15.7464 88.977
0 26.5027 -15.6619 88.9962
0 26.4316 -15.5575 89.0163
0 26.3462 -15.4512 89.0362
0 26.2851 -15.3505 89.0562
0 26.2308 -15.2633 89.0762
0 26.1554 -15.1673 89.0962
0 26.1102 -15.1097 89.1163
0 26.0907 -15.0652 89.1362
0 26.0867 -15.0284 89.1562
0 26.059 -14.9895 89.1764
0 26.05 -14.9562 89.1962
0 26.0194 -14.9194 89.2162
0 25.9834 -14.8705 89.2362
0 25.9519 -14.8043 89.2562
0 25.89 -14.7211 89.2764
0 25.81 -14.6276 89.2962
0 25.7443 -14.5447 89.3162
0 25.6872 -14.4682 89.3362
0 25.6353 -14.3955 89.3562
0 25.5788 -14.3351 89.381
0 25.5449 -14.2989 89.3962
0 25.5322 -14.2672 89.4164
0 25.5246 -14.2481 89.4362
0 25.4947 -14.2199 89.4562
0 25.4844 -14.193 89.4763
0 25.4529 -14.1601 89.4962
0 25.434 -14.1404 89.5162
0 25.3973 -14.1118 89.5364
0 25.3499 -14.0779 89.5562
0 25.2861 -14.004 89.5762
0 25.2377 -13.923 89.5962
0 25.1655 -13.8309 89.6162
0 25.0714 -13.7422 89.6362
0 24.9971 -13.6623 89.6564
0 24.9017 -13.5809 89.6772
0 24.819 -13.5154 89.6967
0 24.7516 -13.4494 89.7162
0 24.6857 -13.3931 89.7363
0 24.6283 -13.3326 89.7562
0 24.543 -13.2629 89.7762
0 24.4643 -13.1379 89.7962
0 24.4104 -12.9679 89.8162
0 24.392 -12.7594 89.8362
0 24.4234 -12.506 89.8562
0 24.477 -12.2359 89.8762
0 24.5441 -11.9557 89.8962
0 24.6448 -11.6862 89.9162
0 24.7374 -11.4451 89.9362
0 24.8376 -11.239 89.9564
0 24.8929 -11.087 89.9762
0 24.9261 -10.9959 89.9962
0 24.946 -10.9412 90.0162
0 24.9579 -10.9084 90.0362
0 24.9651 -10.8887 90.0565
0 24.9694 -10.8769 90.0764
0 24.972 -10.8698 90.0962
0 24.9735 -10.8655 90.1164
0 24.9745 -10.863 90.1362
0 24.9827 -10.8512 90.1562
0 24.9877 -10.8441 90.1764
0 24.9906 -10.8398 90.1962
0 24.9924 -10.8373 90.2162
0 24.9935 -10.8357 90.2363
0 25.0164 -10.5727 90.7962
0 24.9744 -10.5177 90.8164
0 24.9313 -10.4577 90.8363
0 24.9131 -10.4115 90.8562
0 24.8841 -10.3568 90.8762
0 24.8745 -10.3138 90.8962
0 24.8507 -10.261 90.9164
0 24.8441 -10.2192 90.9362
0 24.8144 -10.1773 90.9562
0 24.7709 -10.1353 90.9765
0 24.701 -10.0664 90.9963
0 24.6076 -9.99148 91.0162
0 24.5077 -9.90281 91.0362
0 24.3781 -9.78916 91.0563
0 24.2642 -9.6671 91.0763
0 24.1441 -9.5604 91.0962
0 24.0205 -9.46295 91.1164
0 23.8764 -9.34417 91.1363
0 23.7641 -9.25621 91.1564
0 23.645 -9.17008 91.1764
0 23.5295 -9.07485 91.1963
0 23.4342 -9.00105 91.2163
0 23.3848 -8.94653 91.2363
0 23.3551 -8.91382 91.2562
0 23.3373 -8.8942 91.2764
0 23.3266 -8.88242 91.2962
0 23.3202 -8.87536 91.3162
0 23.3241 -8.86089 91.3364
0 23.3264 -8.8522 91.3562
0 23.3355 -8.83677 91.3763
0 23.3409 -8.82752 91.3963
0 23.3442 -8.82196 91.4162
0 23.3538 -8.80842 91.4363
0 23.3596 -8.8003 91.4563
0 23.3449 -8.76855 91.4762
0 23.3437 -8.7393 91.4963
0 23.3508 -8.71157 91.5163
0 23.329 -8.67825 91.5363
0 23.3237 -8.64808 91.5564
0 23.3205 -8.62998 91.5763
0 23.3263 -8.60895 91.5963
0 23.3375 -8.58617 91.6166
0 23.3442 -8.57251 91.6362
0 23.3482 -8.56431 91.6563
0 23.3324 -8.53254 91.6765
0 23.3229 -8.51348 91.6962
0 23.3249 -8.49191 91.7162
0 23.3261 -8.47896 91.7363
0 23.3268 -8.47119 91.7563
0 23.3273 -8.46653 91.7764
0 23.3275 -8.46373 91.7962
0 23.3094 -8.43522 91.8163
0 23.3063 -8.40799 91.8363
0 23.3044 -8.39164 91.8566
0 23.3033 -8.38184 91.8763
0 23.2767 -8.35926 91.8963
0 23.2347 -8.32902 91.9163
0 23.2096 -8.31088 91.9363
0 23.1762 -8.27317 91.9563
0 23.1303 -8.23387 91.9762
0 23.0767 -8.19362 91.9963
0 23.0003 -8.126 92.0165
0 22.9025 -8.05213 92.0363
0 22.8204 -7.95239 92.0563
0 22.7686 -7.82514 92.0764
0 22.73 -7.65275 92.0963
0 22.7253 -7.46991 92.1163
0 22.7619 -7.26886 92.1364
0 22.784 -7.04189 92.1563
0 22.8368 -6.81437 92.1763
0 22.9183 -6.64374 92.1963
0 22.9698 -6.50247 92.2163
0 23.0084 -6.40743 92.2365
0 23.0526 -6.3385 92.2563
0 23.1002 -6.28524 92.2763
0 23.1919 -6.21765 92.2963
0 23.2891 -6.15339 92.3163
0 23.3684 -6.103 92.3365
0 23.4371 -6.06093 92.3563
0 23.4783 -6.03569 92.3763
0 23.5241 -6.00873 92.3965
0 23.5516 -5.99255 92.4163
0 23.5681 -5.98285 92.4363
0 23.578 -5.97702 92.4565
0 23.605 -5.96172 92.4763
0 23.6212 -5.95254 92.4963
0 23.6309 -5.94703 92.5163
0 23.6368 -5.94373 92.5364
0 23.6403 -5.94174 92.5563
1 23.6455 -5.93877 93.1165
1 23.6455 -5.93877 93.1363
1 23.6455 -5.93877 93.1563
1 23.6455 -5.93877 93.1763
1 23.6455 -5.93877 93.1963
1 23.6455 -5.93877 93.2163
1 23.6455 -5.93877 93.2363
1 23.6455 -5.93877 93.2563
1 23.6455 -5.93877 93.2763
1 23.6455 -5.93877 93.2964
1 23.6455 -5.93877 93.3164
1 23.6455 -5.93877 93.3364
1 23.6455 -5.93877 93.3563
1 23.6455 -5.93877 93.3763
1 23.6455 -5.93877 93.3963
1 23.6666 -5.92697 93.4163
1 23.7214 -5.89633 93.4365
1 23.7966 -5.85441 93.4563
1 23.8838 -5.80578 93.4763
1 23.9784 -5.75315 93.4965
1 24.0775 -5.69817 93.5164
1 24.2003 -5.63015 93.5363
1 24.3374 -5.5544 93.5563
1 24.5044 -5.4625 93.5763
1 24.7105 -5.34953 93.5964
1 24.8977 -5.24718 93.6163
1 25.0525 -5.16277 93.6363
1 25.2303 -5.06624 93.6563
1 25.4219 -4.96262 93.6765
1 25.6219 -4.8549 93.6963
1 25.827 -4.74488 93.7163
1 26.0139 -4.64494 93.7363
1 26.2161 -4.56827 93.7563
1 26.4014 -4.48854 93.7765
1 26.5552 -4.41827 93.7963
1 26.7115 -4.34254 93.8163
1 26.8693 -4.26363 93.8365
1 26.9853 -4.20515 93.8571
1 27.1024 -4.17614 93.8763
1 27.2154 -4.13653 93.8965
1 27.3307 -4.11892 93.9163
1 27.4473 -4.11453 93.9363
1 27.5601 -4.08979 93.9563
1 27.6966 -4.07018 93.9763
1 27.8474 -4.05372 93.9965
1 27.9807 -4.02189 94.0163
1 28.1035 -3.98088 94.0363
1 28.2461 -3.95177 94.0565
1 28.3959 -3.9016 94.0766
1 28.5502 -3.83889 94.0963
1 28.7286 -3.75794 94.1165
1 28.9001 -3.67698 94.1363
1 29.0674 -3.59612 94.1563
1 29.2584 -3.53289 94.1765
1 29.4375 -3.46287 94.1963
1 29.588 -3.39953 94.2163
1 29.7214 -3.34024 94.2365
1 29.8705 -3.30096 94.2563
1 29.9816 -3.26679 94.2764
1 30.0958 -3.25326 94.2964
1 30.1903 -3.26272 94.3163
1 30.2731 -3.28598 94.3364
1 30.3443 -3.28937 94.3563
1 30.413 -3.309 94.3763
1 30.4543 -3.32078 94.3967
1 30.505 -3.34545 94.4164
1 30.5355 -3.36025 94.4365
1 30.5538 -3.36913 94.4563
1 30.5647 -3.37446 94.4764
1 30.5973 -3.39527 94.4963
1 30.6168 -3.40775 94.5163
1 30.6501 -3.40471 94.5365
1 30.7177 -3.41 94.5564
1 30.8057 -3.42031 94.5764
1 30.9321 -3.45134 94.5963
1 31.0814 -3.49487 94.6164
1 31.266 -3.53555 94.6365
1 31.3983 -3.54954 94.6564
1 31.5253 -3.56529 94.6765
1 31.6749 -3.59987 94.6963
1 31.7905 -3.63839 94.7163
1 31.9333 -3.68673 94.7366
1 32.0665 -3.72321 94.7563
1 32.1938 -3.75261 94.7763
1 32.2919 -3.75996 94.7965
1 32.3982 -3.77192 94.8164
1 32.4835 -3.76884 94.8364
1 32.5606 -3.78484 94.8563
1 32.6285 -3.7842 94.8764
1 32.6909 -3.77357 94.8965
1 32.7879 -3.79211 94.9163
1 32.8978 -3.83903 94.9364
1 33.0154 -3.90302 94.9563
1 33.1413 -3.93834 94.9764
1 33.2684 -3.99544 94.9965
1 33.4137 -4.02735 95.0164
1 33.5442 -4.02621 95.0364
1 33.6995 -4.0125 95.0563
1 33.8618 -4.00213 95.0764
1 34.0282 -3.99383 95.0964
1 34.2188 -3.97683 95.1163
1 34.3982 -3.93666 95.1364
1 34.575 -3.91074 95.1564
1 34.7324 -3.86446 95.1764
1 34.8703 -3.81685 95.1964
1 35.0005 -3.79655 95.2164
1 35.1003 -3.77447 95.2364
1 35.1602 -3.76123 95.2565
1 35.2178 -3.74341 95.2764
1 35.2604 -3.72185 95.2964
1 35.3076 -3.69904 95.3166
1 35.3577 -3.6755 95.3364
1 35.4095 -3.65152 95.3564
1 35.484 -3.61747 95.3766
1 35.5723 -3.57741 95.3966
1 35.6687 -3.5338 95.4164
1 35.7999 -3.46742 95.4365
1 35.9478 -3.42641 95.4564
1 36.1019 -3.37268 95.4764
1 36.2816 -3.30177 95.4965
1 36.4806 -3.24869 95.5164
1 36.6873 -3.17851 95.5364
1 36.9025 -3.12618 95.5564
1 37.101 -3.09418 95.5764
1 37.2895 -3.07446 95.5964
1 37.4502 -3.07164 95.6164
1 37.5684 -3.0605 95.6365
1 37.6612 -3.04438 95.6564
1 37.7169 -3.03471 95.6764
1 37.7503 -3.02891 95.6966
1 37.7704 -3.02543 95.7164
1 37.7824 -3.02334 95.7364
1 37.7896 -3.02209 95.7566
1 37.794 -3.02134 95.7764
1 37.8222 -3.03937 95.7964
1 37.8611 -3.04077 95.8164
1 37.9281 -3.02282 95.8364
1 37.9902 -3.00267 95.8565
1 38.0494 -2.98121 95.8764
1 38.1287 -2.94963 95.8964
1 38.1763 -2.93069 95.9167
1 38.2267 -2.90998 95.9364
1 38.257 -2.89756 95.9565
1 38.2751 -2.89011 95.9764
1 38.286 -2.88563 95.9964
1 38.2926 -2.88295 96.0164
1 38.2965 -2.88134 96.0364
1 38.2988 -2.88038 96.0564
1 38.3002 -2.8798 96.0766
1 38.3091 -2.86839 96.0964
1 38.3144 -2.86155 96.1164
1 38.3176 -2.85744 96.1364
1 38.3195 -2.85498 96.1564
1 38.3207 -2.8535 96.1766
1 38.3214 -2.85262 96.1964
1 38.3218 -2.85208 96.2164
1 38.322 -2.85176 96.2364
1 38.3222 -2.85157 96.2564
1 38.3223 -2.85146 96.2764
1 38.3223 -2.85139 96.2964
1 38.3224 -2.85135 96.3164
1 38.3224 -2.85132 96.3364
1 38.3224 -2.85131 96.3564
1 38.3224 -2.8513 96.3764
1 38.3224 -2.85129 96.3964
1 38.3224 -2.85129 96.4166
1 38.3224 -2.85129 96.4364
1 38.3224 -2.85129 96.4564
1 38.3224 -2.85129 96.4764
1 38.3224 -2.85129 96.4964
1 38.3224 -2.85129 96.5164
1 38.3224 -2.85129 96.5371
1 38.3224 -2.85129 96.5566
1 38.3224 -2.85129 96.5765
1 38.3224 -2.85129 96.5964
1 38.3224 -2.85129 96.6165
1 38.3224 -2.85129 96.6368
1 38.3224 -2.85129 96.6565
1 38.3224 -2.85129 96.6764
1 38.3224 -2.85129 96.6964
1 38.3224 -2.85129 96.7166
1 38.3224 -2.85129 96.7364
1 38.3224 -2.85129 96.7564
1 38.3224 -2.85129 96.7765
1 38.3224 -2.85129 96.7964
1 38.3224 -2.85129 96.8164
1 38.3224 -2.85129 96.8366
1 38.3224 -2.85129 96.8564
1 38.3224 -2.85129 96.8764
1 38.3224 -2.85129 96.8967
1 38.3224 -2.85129 96.9164
1 38.3224 -2.85129 96.9366
1 38.3224 -2.85129 96.9565
1 38.3224 -2.85129 96.9764
1 38.3224 -2.85129 96.9965
1 38.3224 -2.85129 97.0164
1 38.3224 -2.85129 97.0364
1 38.3224 -2.85129 97.0565
1 38.3224 -2.85129 97.0765
1 38.3224 -2.85129 97.0964
1 38.3224 -2.85129 97.1166
1 38.3224 -2.85129 97.1365
1 38.3224 -2.85129 97.1564
1 38.3224 -2.85129 97.1765
1 38.3224 -2.85129 97.1965
1 38.3224 -2.85129 97.2165
1 38.3224 -2.85129 97.2365
1 38.3224 -2.85129 97.2565
1 38.3224 -2.85129 97.2764
1 38.3224 -2.85129 97.2964
1 38.3224 -2.85129 97.3166
1 38.3224 -2.85129 97.3375
1 38.3224 -2.85129 97.3565
1 38.3224 -2.85129 97.3765
1 38.3224 -2.85129 97.3964
1 38.3224 -2.85129 97.4165
1 38.3224 -2.85129 97.4364
1 38.3224 -2.85129 97.4564
1 38.3224 -2.85129 97.4787
1 38.3224 -2.85129 97.4964
1 38.3224 -2.85129 97.5164
1 38.3224 -2.85129 97.5366
1 38.3224 -2.85129 97.5564
1 38.3224 -2.85129 97.5765
1 38.3224 -2.85129 97.5964
1 38.3224 -2.85129 97.6165
1 38.3224 -2.85129 97.6367
1 38.3224 -2.85129 97.6564
1 38.3224 -2.85129 97.6766
1 38.3224 -2.85129 97.6964
1 38.3224 -2.85129 97.7165
1 38.3224 -2.85129 97.7366
1 38.3224 -2.85129 97.7566
1 38.3224 -2.85129 97.7764
1 38.3304 -2.84024 97.7965
1 38.3689 -2.84113 97.8167
1 38.4257 -2.84922 97.8367
1 38.511 -2.89124 97.8565
1 38.6215 -2.94267 97.8766
1 38.747 -2.99982 97.8964
1 38.9071 -3.07912 97.9164
1 39.096 -3.16095 97.9366
1 39.2684 -3.23661 97.9564
1 39.4565 -3.32737 97.9765
1 39.6285 -3.40854 97.9966
1 39.7827 -3.4948 98.0164
1 39.9261 -3.58414 98.0365
1 40.0632 -3.67537 98.0567
1 40.2218 -3.7866 98.0764
1 40.3678 -3.89104 98.0966
1 40.5536 -4.00112 98.1172
1 40.7631 -4.11472 98.1365
1 40.9361 -4.19267 98.1565
1 41.1091 -4.24015 98.1765
1 41.2787 -4.24141 98.1965
1 41.4242 -4.22406 98.2165
1 41.5335 -4.20462 98.2365
1 41.6683 -4.19392 98.2566
1 41.7792 -4.16776 98.2765
1 41.9149 -4.15313 98.2966
1 42.0437 -4.15445 98.3165
1 42.1902 -4.15643 98.3365
1 42.3474 -4.15888 98.3565
1 42.5329 -4.15285 98.3766
1 42.7469 -4.15907 98.3965
1 42.9918 -4.17474 98.4165
1 43.208 -4.18581 98.4365
1 43.4038 -4.16627 98.4565
1 43.5766 -4.15429 98.4765
1 43.7276 -4.15767 98.4965
1 43.8654 -4.17028 98.5169
1 43.9481 -4.17784 98.5373
1 43.9977 -4.18238 98.5565
1 44.0275 -4.18511 98.5767
1 44.0535 -4.17598 98.5965
1 44.0691 -4.17051 98.6165
1 44.0784 -4.16723 98.6365
1 44.084 -4.16526 98.6565
1 44.1314 -4.14676 98.6766
1 44.1599 -4.13566 98.6965
1 44.221 -4.11172 98.7165
1 44.3018 -4.08014 98.7365
1 44.3944 -4.04401 98.7565
1 44.5381 -3.98811 98.7769
1 44.6686 -3.93752 98.7965
1 44.8131 -3.88169 98.8165
1 44.952 -3.82042 98.8365
1 45.1017 -3.75833 98.8565
1 45.266 -3.68498 98.8766
1 45.431 -3.61584 98.8965
1 45.5742 -3.55767 98.9165
1 45.6823 -3.51443 98.9365
1 45.7774 -3.46926 98.9565
1 45.8344 -3.44216 98.9765
1 45.8687 -3.4259 98.9965
1 45.8892 -3.41615 99.0165
1 45.9016 -3.41029 99.0366
1 45.909 -3.40678 99.0565
1 45.9134 -3.40468 99.0765
1 45.9161 -3.40341 99.0965
1 45.9177 -3.40265 99.1165
1 45.9186 -3.4022 99.1365
1 45.9192 -3.40192 99.1565
1 45.9195 -3.40176 99.1765
1 45.9197 -3.40166 99.1966
1 45.9199 -3.4016 99.2165
1 45.9199 -3.40157 99.2365
1 45.92 -3.40155 99.2565
1 45.92 -3.40153 99.2765
1 45.92 -3.40153 99.2967
1 45.92 -3.40152 99.3165
1 45.92 -3.40152 99.3365
1 45.92 -3.40152 99.3566
1 45.92 -3.40152 99.3765
1 45.92 -3.40152 99.3965
1 45.92 -3.40152 99.4165
1 45.9201 -3.40151 99.4365
1 45.9201 -3.40151 99.4567
1 45.9201 -3.40151 99.4768
1 45.9201 -3.40151 99.4965
1 45.9201 -3.40151 99.5165
1 45.9201 -3.40151 99.5365
1 45.9201 -3.40151 99.5565
1 45.9201 -3.40151 99.5765
1 45.9201 -3.40151 99.5965
1 45.9201 -3.40151 99.6165
1 45.9201 -3.40151 99.6367
1 45.9201 -3.40151 99.6565
1 45.9201 -3.40151 99.6765
1 45.9201 -3.40151 99.6965
1 45.9201 -3.40151 99.7168
1 45.9201 -3.40151 99.7366
1 45.9201 -3.40151 99.7565
1 45.9201 -3.40151 99.7766
1 45.9201 -3.40151 99.7965
1 45.9201 -3.40151 99.8165
1 45.9201 -3.40151 99.8365
1 45.9201 -3.40151 99.8567
1 45.9201 -3.40151 99.8765
1 45.9201 -3.40151 99.8966
1 45.9201 -3.40151 99.9165
1 45.9201 -3.40151 99.9367
1 45.9201 -3.40151 99.9565
1 45.9201 -3.40151 99.9766
1 45.9201 -3.40151 99.9965
1 45.9201 -3.40151 100.017
1 45.9201 -3.40151 100.037
1 45.9201 -3.40151 100.057
1 45.9201 -3.40151 100.077
1 45.9201 -3.40151 100.097
1 45.9201 -3.40151 100.117
1 45.9201 -3.40151 100.137
1 45.9201 -3.40151 100.157
1 45.9201 -3.40151 100.177
1 45.9201 -3.40151 100.197
1 45.9201 -3.40151 100.217
1 45.9201 -3.40151 100.238
1 45.9201 -3.40151 100.256
1 45.9201 -3.40151 100.277
1 45.9201 -3.40151 100.297
1 45.9201 -3.40151 100.317
1 45.9201 -3.40151 100.337
1 45.9201 -3.40151 100.357
1 45.9201 -3.40151 100.378
1 45.9201 -3.40151 100.397
1 45.9201 -3.40151 100.417
1 45.9201 -3.40151 100.437
1 45.9201 -3.40151 100.457
1 45.9201 -3.40151 100.477
1 45.9201 -3.40151 100.497
1 45.9201 -3.40151 100.517
1 45.9201 -3.40151 100.537
1 45.9201 -3.40151 100.557
1 45.9201 -3.40151 100.577
1 45.9201 -3.40151 100.597
1 45.9201 -3.40151 100.617
1 45.9201 -3.40151 100.637
1 45.9201 -3.40151 100.657
1 45.9201 -3.40151 100.677
1 45.9201 -3.40151 100.697
1 45.9282 -3.39062 100.717
1 45.9331 -3.38409 100.737
1 45.936 -3.38016 100.757
1 45.9377 -3.37781 100.777
1 45.9388 -3.3764 100.797
1 45.9394 -3.37555 100.818
1 45.9398 -3.37504 100.837
1 45.94 -3.37474 100.857
1 45.9402 -3.37456 100.877
1 45.9403 -3.37445 100.897
1 45.9484 -3.3635 100.917
1 45.9533 -3.35693 100.937
1 45.9563 -3.35299 100.957
1 45.9581 -3.35062 100.977
1 45.9672 -3.33833 100.997
1 45.9728 -3.33096 101.017
1 45.9923 -3.30482 101.037
1 46.0122 -3.2783 101.057
1 46.0241 -3.26238 101.077
1 46.0394 -3.24201 101.097
1 46.0486 -3.22978 101.117
1 46.0541 -3.22244 101.137
1 46.0655 -3.20722 101.157
1 46.0724 -3.19809 101.177
1 46.0846 -3.1818 101.197
1 46.1001 -3.16123 101.217
1 46.1176 -3.1381 101.237
1 46.1361 -3.11345 101.257
1 46.1554 -3.08789 101.277
1 46.1833 -3.05105 101.297
1 46.2081 -3.01822 101.317
1 46.2312 -2.9878 101.337
1 46.245 -2.96954 101.357
1 46.2614 -2.94787 101.377
1 46.2965 -2.95448 101.397
1 46.3257 -2.94775 101.417
1 46.3684 -2.96333 101.437
1 46.3941 -2.97268 101.457
1 46.4347 -2.99792 101.477
1 46.5094 -3.05234 101.497
1 46.5795 -3.10464 101.517
1 46.6467 -3.15568 101.537
1 46.7122 -3.20597 101.557
1 46.8018 -3.27549 101.577
1 46.9141 -3.34598 101.597
1 47.0317 -3.42769 101.617
1 47.1525 -3.51617 101.637
1 47.2751 -3.60874 101.657
1 47.3738 -3.68404 101.677
1 47.4832 -3.76874 101.697
1 47.5739 -3.83934 101.717
1 47.6785 -3.92127 101.737
1 47.7744 -3.9797 101.757
1 47.857 -4.03457 101.777
1 47.9397 -4.07681 101.797
1 48.0226 -4.11151 101.817
1 48.1555 -4.18143 101.837
1 48.2933 -4.25272 101.857
1 48.4673 -4.33441 101.877
1 48.6878 -4.44249 101.897
1 48.8944 -4.51638 101.917
1 49.0846 -4.58019 101.937
1 49.2317 -4.62827 101.957
1 49.3449 -4.67716 101.977
1 49.468 -4.7081 101.997
1 49.6247 -4.68161 102.017
1 49.7934 -4.63095 102.037
1 49.9693 -4.56586 102.057
1 50.1799 -4.47388 102.077
1 50.4033 -4.37612 102.097
1 50.6371 -4.30333 102.117
1 50.8522 -4.22537 102.137
1 51.0728 -4.17495 102.157
1 51.272 -4.12088 102.177
1 51.4913 -4.07479 102.197
1 51.6922 -4.05175 102.217
1 51.8599 -4.05045 102.237
1 52.0076 -4.06223 102.257
1 52.121 -4.08969 102.277
1 52.2221 -4.11632 102.297
1 52.3075 -4.15271 102.317
1 52.3588 -4.17454 102.337
1 52.4143 -4.20807 102.357
1 52.4724 -4.24862 102.377
1 52.5518 -4.25737 102.397
1 52.63 -4.24462 102.417
1 52.7462 -4.24194 102.437
1 52.891 -4.20692 102.457
1 53.0225 -4.17051 102.477
1 53.1684 -4.12567 102.497
1 53.3311 -4.06559 102.517
1 53.4981 -4.03491 102.537
1 53.643 -4.00134 102.557
1 53.8076 -3.97641 102.577
1 53.9369 -3.94362 102.597
1 54.084 -3.92955 102.617
1 54.1945 -3.91361 102.637
1 54.308 -3.91721 102.657
1 54.3843 -3.90909 102.677
1 54.4301 -3.90422 102.697
1 54.4822 -3.92197 102.717
1 54.5135 -3.93262 102.737
1 54.5406 -3.92874 102.757
1 54.5568 -3.92642 102.777
1 54.5665 -3.92502 102.797
1 54.5723 -3.92418 102.817
1 54.5758 -3.92368 102.837
1 54.5779 -3.92338 102.857
1 54.5792 -3.9232 102.877
1 54.5799 -3.92309 102.897
1 54.5804 -3.92303 102.917
1 54.5807 -3.92299 102.937
1 54.5808 -3.92296 102.957
1 54.5809 -3.92295 102.977
1 54.581 -3.92294 102.997
1 54.581 -3.92294 103.017
1 54.581 -3.92293 103.037
1 54.5811 -3.92293 103.057
1 54.5811 -3.92293 103.077
1 54.5811 -3.92293 103.097
1 54.6258 -3.90799 103.117
1 54.6527 -3.89903 103.137
1 54.6688 -3.89365 103.157
1 54.6784 -3.89043 103.177
1 54.6842 -3.88849 103.197
1 54.6877 -3.88733 103.217
1 54.6898 -3.88663 103.237
1 54.691 -3.88621 103.257
1 54.6918 -3.88596 103.277
1 54.6922 -3.88581 103.297
1 54.6925 -3.88572 103.317
1 54.6927 -3.88567 103.337
1 54.6928 -3.88564 103.357
1 54.6928 -3.88562 103.377
1 54.6929 -3.8856 103.397
1 54.6929 -3.8856 103.417
1 54.6929 -3.88559 103.437
1 54.6929 -3.88559 103.457
1 54.6929 -3.88559 103.477
1 54.6929 -3.88559 103.497
1 54.7377 -3.8707 103.517
1 54.7869 -3.85434 103.537
1 54.8612 -3.82971 103.557
1 54.9506 -3.80016 103.577
1 55.049 -3.76771 103.597
1 55.1529 -3.73356 103.617
1 55.26 -3.69845 103.637
1 55.3467 -3.67009 103.657
1 55.4682 -3.65931 103.677
1 55.5412 -3.65285 103.697
1 55.6096 -3.66977 103.717
1 55.6753 -3.70073 103.737
1 55.7394 -3.74013 103.757
1 55.7779 -3.76377 103.777
1 55.801 -3.77795 103.797
1 55.8148 -3.78646 103.817
1 55.856 -3.80206 103.837
1 55.8808 -3.81142 103.857
1 55.9203 -3.83788 103.877
1 55.9439 -3.85375 103.897
1 55.9582 -3.86327 103.917
1 55.9667 -3.86899 103.937
1 55.9801 -3.86211 103.957
1 55.9881 -3.85798 103.977
1 56.0175 -3.87636 103.997
1 56.0883 -3.86264 104.017
1 56.1861 -3.85778 104.037
1 56.2979 -3.8302 104.057
1 56.4345 -3.82023 104.077
1 56.5881 -3.84899 104.097
1 56.758 -3.86269 104.117
1 56.9152 -3.87452 104.137
1 57.0566 -3.89553 104.157
1 57.1989 -3.93993 104.177
1 57.2842 -3.96656 104.197
1 57.36 -4.00357 104.217
1 57.4137 -4.01555 104.237
1 57.4459 -4.02274 104.257
1 57.4652 -4.02705 104.277
1 57.4769 -4.02964 104.297
1 57.4838 -4.03119 104.317
1 57.488 -4.03213 104.337
1 57.515 -4.05373 104.357
1 57.5845 -4.04237 104.377
1 57.6568 -4.0183 104.397
1 57.778 -4.00069 104.417
1 57.8957 -3.97612 104.437
1 58.044 -3.95834 104.457
1 58.1883 -3.95166 104.477
1 58.3772 -3.96594 104.497
1 58.5457 -3.97862 104.517
1 58.6939 -4.00054 104.537
1 58.8155 -4.02476 104.557
1 58.9129 -4.06054 104.577
1 59.0041 -4.09311 104.597
1 59.0589 -4.11266 104.617
1 59.1162 -4.14565 104.637
1 59.1505 -4.16544 104.657
1 59.1711 -4.17732 104.677
1 59.1835 -4.18444 104.697
1 59.1909 -4.18872 104.717
1 59.1954 -4.19128 104.737
1 59.1981 -4.19282 104.758
1 59.1997 -4.19374 104.778
1 59.2006 -4.1943 104.797
1 59.2339 -4.20579 104.817
1 59.2539 -4.21268 104.837
1 59.2659 -4.21681 104.857
1 59.2731 -4.2193 104.877
1 59.3224 -4.20705 104.897
1 59.3745 -4.19286 104.916
1 59.4835 -4.18188 104.936
1 59.5958 -4.1898 104.956
1 59.7203 -4.22714 104.976
1 59.8682 -4.31364 104.996
1 60.014 -4.39824 105.016
1 60.1501 -4.4918 105.036
1 60.2805 -4.59077 105.056
1 60.3831 -4.67157 105.076
1 60.4689 -4.74148 105.096
1 60.5447 -4.80487 105.116
1 60.6388 -4.8858 105.136
1 60.6953 -4.93435 105.156
1 60.7535 -4.98494 105.176
1 60.7884 -5.0153 105.196
1 60.8093 -5.03351 105.216
1 60.8461 -5.0659 105.236
1 60.8925 -5.10681 105.256
1 60.9689 -5.17431 105.276
1 61.0472 -5.22636 105.296
1 61.1268 -5.26916 105.316
1 61.1988 -5.31636 105.336
1 61.3146 -5.40927 105.356
1 61.4325 -5.50811 105.376
1 61.5516 -5.61054 105.396
1 61.6473 -5.69356 105.416
1 61.7288 -5.76495 105.436
1 61.8019 -5.82937 105.456
1 61.8699 -5.88961 105.476
1 61.9574 -5.94075 105.496
1 62.0323 -5.96485 105.516
1 62.0998 -5.97273 105.536
1 62.1852 -5.96434 105.556
1 62.2831 -5.9744 105.576
1 62.3868 -5.96741 105.596
1 62.504 -5.9685 105.616
1 62.6209 -5.98436 105.636
1 62.7151 -6.01556 105.656
1 62.8183 -6.04952 105.676
1 62.8802 -6.0699 105.696
1 62.9173 -6.08212 105.716
1 62.9637 -6.11116 105.736
1 63.0156 -6.1503 105.756
1 63.0708 -6.19551 105.776
1 63.128 -6.24436 105.796
1 63.2329 -6.31073 105.816
1 63.3732 -6.34972 105.836
1 63.5024 -6.36038 105.856
1 63.6264 -6.38222 105.876
1 63.7699 -6.4045 105.896
1 63.9251 -6.4271 105.916
1 64.0647 -6.45625 105.936
1 64.1949 -6.48934 105.956
1 64.3661 -6.54049 105.976
1 64.5153 -6.58688 105.996
1 64.6739 -6.62428 106.016
1 64.7915 -6.64057 106.036
1 64.9086 -6.66614 106.056
1 65.0576 -6.70943 106.076
1 65.1934 -6.75127 106.096
1 65.3453 -6.81426 106.116
1 65.5041 -6.83391 106.136
1 65.6444 -6.83368 106.156
1 65.8286 -6.82778 106.176
1 66.0081 -6.8344 106.196
1 66.1932 -6.83877 106.216
1 66.3745 -6.8797 106.236
1 66.5523 -6.91463 106.256
1 66.6899 -6.91991 106.276
1 66.8189 -6.93938 106.296
1 66.951 -6.95758 106.316
1 67.0541 -6.99067 106.336
1 67.1469 -6.99492 106.356
1 67.2026 -6.99746 106.376
1 67.236 -6.99899 106.396
1 67.256 -6.99991 106.416
1 67.2764 -6.99066 106.436
1 67.2886 -6.98511 106.456
1 67.296 -6.98178 106.476
1 67.3325 -6.9922 106.496
1 67.3545 -6.99845 106.516
1 67.3676 -7.0022 106.536
1 67.3755 -7.00445 106.556
1 67.4124 -7.01825 106.576
1 67.4583 -7.04876 106.596
1 67.518 -7.07955 106.616
1 67.5775 -7.12027 106.636
1 67.6133 -7.1447 106.656
1 67.6347 -7.15936 106.676
1 67.6714 -7.1904 106.696
1 67.7017 -7.19932 106.716
1 67.7199 -7.20466 106.736
1 67.7546 -7.23013 106.756
1 67.7754 -7.24542 106.776
1 67.7878 -7.25459 106.796
1 67.7953 -7.26009 106.816
1 67.7998 -7.26339 106.836
1 67.8025 -7.26537 106.856
1 67.8041 -7.26656 106.876
1 67.8051 -7.26727 106.896
1 67.8057 -7.2677 106.916
1 67.806 -7.26795 106.936
0 67.2295 -6.19834 108.656
0 67.2252 -6.1607 108.676
0 67.2226 -6.13811 108.696
0 67.2294 -6.11509 108.716
0 67.2419 -6.09182 108.736
0 67.2255 -6.05554 108.756
0 67.2001 -6.00199 108.776
0 67.161 -5.94755 108.796
0 67.1459 -5.90543 108.816
0 67.1213 -5.84839 108.836
0 67.1148 -5.80473 108.856
0 67.1193 -5.7691 108.876
0 67.1303 -5.7383 108.896
0 67.1297 -5.67867 108.916
0 67.1055 -5.62056 108.936
0 67.0993 -5.57629 108.956
0 67.0955 -5.54972 108.976
0 67.0777 -5.50205 108.996
0 67.0754 -5.46406 109.016
0 67.0584 -5.40954 109.036
0 67.0326 -5.34511 109.056
0 66.9932 -5.2841 109.076
0 66.9217 -5.20282 109.096
0 66.8548 -5.13172 109.116
0 66.7991 -5.05734 109.136
0 66.75 -4.981 109.156
0 66.7049 -4.90348 109.176
0 66.6538 -4.83465 109.196
0 66.6075 -4.76165 109.216
0 66.5317 -4.67322 109.236
0 66.4706 -4.58846 109.256
0 66.4182 -4.50591 109.276
0 66.3711 -4.42469 109.296
0 66.3187 -4.35365 109.316
0 66.2873 -4.31103 109.336
0 66.2528 -4.25377 109.356
0 66.2321 -4.21941 109.376
0 66.1715 -4.15421 109.396
0 66.1111 -4.09281 109.416
0 66.035 -4.002 109.436
0 65.9495 -3.89357 109.456
0 65.8824 -3.79684 109.476
0 65.818 -3.71654 109.496
0 65.7394 -3.61443 109.516
0 65.6681 -3.53092 109.536
0 65.6012 -3.45856 109.556
0 65.5452 -3.38349 109.576
0 65.5116 -3.33844 109.596
0 65.4756 -3.27976 109.616
0 65.4298 -3.22231 109.636
0 65.3865 -3.15619 109.656
0 65.3605 -3.11652 109.676
0 65.3291 -3.06106 109.696
0 65.3102 -3.02779 109.716
0 65.2989 -3.00783 109.736
0 65.2921 -2.99585 109.756
0 65.288 -2.98867 109.776
0 65.2939 -2.97495 109.796
0 65.2974 -2.96672 109.816
0 65.2995 -2.96178 109.836
0 65.3008 -2.95882 109.856
0 65.3015 -2.95704 109.876
0 65.3103 -2.94658 109.896
0 65.3156 -2.9403 109.916
0 65.3029 -2.9049 109.936
0 65.271 -2.86142 109.956
0 65.2519 -2.83533 109.976
0 65.2246 -2.78805 109.996
0 65.1923 -2.72805 110.016
0 65.1487 -2.66982 110.036
0 65.1066 -2.60326 110.056
0 65.0896 -2.55395 110.076
0 65.0878 -2.515 110.096
0 65.0867 -2.49163 110.116
0 65.0944 -2.46825 110.136
0 65.1073 -2.44488 110.156
0 65.1234 -2.42153 110.176
0 65.1088 -2.38525 110.196
0 65.1083 -2.35416 110.216
0 65.1081 -2.3355 110.236
0 65.1162 -2.31499 110.256
0 65.1211 -2.30269 110.276
0 65.1241 -2.2953 110.296
0 65.1341 -2.28157 110.316
0 65.1485 -2.26403 110.336
0 65.1571 -2.25351 110.356
0 65.1623 -2.2472 110.376
0 65.1737 -2.23413 110.396
0 65.1806 -2.22629 110.416
0 65.193 -2.21231 110.436
0 65.2005 -2.20393 110.456
0 65.2133 -2.18964 110.476
0 65.221 -2.18106 110.496
0 65.2256 -2.17592 110.517
0 65.2367 -2.16358 110.536
0 65.2433 -2.15618 110.556
0 65.2556 -2.1425 110.576
0 65.2713 -2.12507 110.596
0 65.2808 -2.11461 110.616
0 65.2864 -2.10833 110.636
0 65.2898 -2.10457 110.656
0 65.2759 -2.07076 110.676
0 65.2759 -2.04127 110.696
0 65.2842 -2.01438 110.716
0 65.2892 -1.99825 110.736
0 65.2679 -1.96623 110.756
0 65.2392 -1.9155 110.776
0 65.206 -1.85354 110.796
0 65.1701 -1.78484 110.816
0 65.1326 -1.71212 110.836
0 65.0941 -1.63698 110.856
0 65.055 -1.56039 110.876
0 64.9912 -1.46063 110.896
0 64.9369 -1.36928 110.916
0 64.8639 -1.26067 110.936
0 64.7554 -1.11941 110.956
0 64.6498 -0.980889 110.976
0 64.5376 -0.853206 110.996
0 64.4297 -0.722856 111.016
0 64.3489 -0.613186 111.036
0 64.2843 -0.51593 111.056
0 64.2539 -0.4484 111.076
0 64.2111 -0.385609 111.096
0 64.1855 -0.347935 111.116
0 64.1701 -0.32533 111.136
0 64.1692 -0.302597 111.156
0 64.1686 -0.288957 111.176
0 64.1766 -0.271614 111.196
0 64.1814 -0.261209 111.216
0 64.1843 -0.254965 111.236
0 64.1943 -0.242072 111.256
0 64.2004 -0.234336 111.276
0 64.204 -0.229694 111.296
0 64.2061 -0.226909 111.316
0 64.2158 -0.216102 111.336
0 64.2215 -0.209618 111.356
0 64.225 -0.205728 111.376
0 64.2271 -0.203393 111.396
0 64.2283 -0.201993 111.416
0 64.2374 -0.192028 111.436
0 64.2428 -0.186049 111.456
0 64.2461 -0.182462 111.476
0 64.248 -0.180309 111.496
0 64.2575 -0.169905 111.516
0 64.2715 -0.154561 111.536
0 64.2799 -0.145354 111.556
0 64.285 -0.13983 111.576
0 64.2963 -0.127426 111.596
0 64.3031 -0.119983 111.616
0 64.3072 -0.115518 111.636
0 64.3096 -0.112838 111.656
0 64.3111 -0.111231 111.676
0 64.2875 -0.0879483 111.696
0 64.2572 -0.0425766 111.716
0 64.2146 0.00695694 111.736
0 64.189 0.0366771 111.756
0 64.1574 0.0859054 111.776
0 64.1385 0.115442 111.796
0 64.111 0.164555 111.816
0 64.0945 0.194023 111.836
0 64.0929 0.22078 111.856
0 64.0674 0.259143 111.876
0 64.0522 0.28216 111.896
0 64.0513 0.305042 111.916
0 64.0508 0.318771 111.936
0 64.0505 0.327008 111.956
0 64.0341 0.363325 111.976
0 64.0243 0.385115 111.996
0 64.0267 0.407243 112.016
0 64.0281 0.42052 112.036
0 64.029 0.428486 112.056
0 64.0295 0.433265 112.076
0 64.0381 0.445176 112.096
0 64.0516 0.461353 112.116
0 64.0597 0.471059 112.137
0 64.0646 0.476883 112.156
0 64.0675 0.480377 112.176
0 64.0775 0.491493 112.196
0 64.0836 0.498162 112.216
0 64.0955 0.511172 112.236
0 64.0782 0.541318 112.256
0 64.076 0.568408 112.276
0 64.0748 0.584662 112.296
0 64.0578 0.625751 112.316
0 64.0476 0.650405 112.336
0 64.017 0.687536 112.356
0 64.0069 0.718807 112.376
0 63.9763 0.759908 112.396
0 63.9334 0.8069 112.416
0 63.8915 0.86642 112.436
0 63.85 0.93345 112.456
0 63.776 1.01831 112.476
0 63.6824 1.11384 112.496
0 63.61 1.20247 112.516
0 63.5173 1.30023 112.536
0 63.47 1.3679 112.556
0 63.4169 1.43079 112.576
0 63.3605 1.49081 112.596
0 63.335 1.53583 112.616
0 63.295 1.58513 112.636
0 63.2793 1.62372 112.656
0 63.2699 1.64687 112.676
0 63.2642 1.66076 112.696
0 63.2692 1.6781 112.716
0 63.2721 1.6885 112.736
0 63.2739 1.69474 112.756
0 63.2833 1.70747 112.776
0 63.2889 1.71511 112.796
0 63.2922 1.71969 112.816
0 63.2943 1.72244 112.836
0 63.2955 1.72409 112.856
0 63.3045 1.73406 112.876
0 63.3099 1.74004 112.896
0 63.3132 1.74363 112.916
0 63.3151 1.74578 112.936
0 63.3163 1.74707 112.956
0 63.317 1.74785 112.976
0 63.3257 1.75728 112.996
0 63.331 1.76293 113.016
0 63.3341 1.76633 113.036
0 63.3114 1.79067 113.056
0 63.2977 1.80528 113.076
0 63.2648 1.83634 113.096
0 63.2288 1.88624 113.116
0 63.2071 1.91618 113.136
0 63.1695 1.95643 113.156
0 63.1305 2.01184 113.176
0 63.0824 2.06737 113.196
0 63.0372 2.13194 113.216
0 62.9854 2.19296 113.236
0 62.9378 2.26081 113.256
0 62.8682 2.35502 113.276
0 62.7522 2.47831 113.296
0 62.6166 2.62799 113.316
0 62.4608 2.78444 113.336
0 62.3095 2.96295 113.356
0 62.2022 3.10126 113.376
0 62.1379 3.18424 113.396
0 62.0992 3.23403 113.416
0 62.0761 3.26391 113.436
0 62.0705 3.29083 113.456
0 62.0671 3.30699 113.476
0 62.0651 3.31668 113.496
0 62.0473 3.35369 113.516
0 62.0367 3.37589 113.536
0 62.0386 3.3982 113.556
0 62.0397 3.41158 113.576
0 62.0404 3.41961 113.596
0 62.0408 3.42443 113.616
0 62.0494 3.43629 113.636
0 62.0545 3.44341 113.656
0 62.0576 3.44768 113.676
0 62.0594 3.45024 113.696
0 62.0606 3.45178 113.716
0 62.0612 3.4527 113.736
0 62.0699 3.46221 113.756
0 62.0751 3.46792 113.776
0 62.0783 3.47134 113.796
0 62.0801 3.4734 113.816
0 62.0813 3.47463 113.836
0 62.0903 3.48432 113.856
0 62.0956 3.49013 113.876
0 62.0989 3.49361 113.896
0 62.1091 3.50464 113.916
0 62.1153 3.51126 113.936
0 62.1189 3.51523 113.956
0 62.1211 3.51761 113.976
0 62.1225 3.51904 113.996
0 62.1067 3.55106 114.016
0 62.0724 3.5925 114.036
0 62.0601 3.62628 114.056
0 62.0279 3.66879 114.076
0 62.0086 3.69429 114.096
0 61.9721 3.73181 114.116
0 61.9585 3.76325 114.136
0 61.9504 3.78211 114.156
0 61.9683 3.80096 114.176
0 61.9874 3.82119 114.196
0 61.9988 3.83332 114.216
0 62.0057 3.84061 114.236
0 62.0098 3.84498 114.256
0 61.9708 3.90098 114.276
0 61.9059 3.98794 114.296
0 61.8753 4.04903 114.316
0 61.832 4.10791 114.336
0 61.7811 4.16545 114.356
0 61.7589 4.20888 114.377
0 61.7289 4.26606 114.396
0 61.7192 4.30926 114.416
0 61.7217 4.34406 114.436
0 61.7232 4.36494 114.456
0 61.7241 4.37747 114.476
0 61.7246 4.38499 114.496
0 61.7333 4.39836 114.516
0 61.7384 4.40639 114.536
0 61.7415 4.41121 114.556
0 61.7517 4.42295 114.576
0 61.7578 4.43 114.596
0 61.7615 4.43423 114.616
0 61.7387 4.459 114.636
0 61.7251 4.47387 114.656
0 61.7252 4.49164 114.676
0 61.7253 4.5023 114.696
0 61.7336 4.51754 114.716
0 61.7137 4.54892 114.736
0 61.7017 4.56776 114.756
0 61.6945 4.57906 114.776
0 61.6736 4.61691 114.796
0 61.636 4.66187 114.816
0 61.6218 4.69767 114.836
0 61.6133 4.71915 114.856
0 61.6082 4.73204 114.876
0 61.6051 4.73978 114.896
0 61.6032 4.74442 114.916
0 61.6104 4.75602 114.936
0 61.6147 4.76298 114.956
0 61.6256 4.77597 114.976
0 61.6322 4.78376 114.996
0 61.6194 4.81949 115.016
0 61.6201 4.84972 115.036
0 61.6205 4.86786 115.056
0 61.6207 4.87874 115.076
0 61.6208 4.88527 115.096
0 61.6209 4.88919 115.116
0 61.6293 4.90032 115.136
0 61.6426 4.91576 115.156
0 61.6588 4.93378 115.176
0 61.6686 4.9446 115.196
0 61.6495 4.97336 115.216
0 61.613 5.01288 115.236
0 61.5662 5.05886 115.256
0 61.4964 5.13971 115.276
0 61.4295 5.21047 115.296
0 61.3476 5.30617 115.316
0 61.2484 5.40805 115.336
0 61.147 5.52238 115.356
0 61.0695 5.62198 115.376
0 61.0061 5.71273 115.396
0 60.9431 5.78938 115.416
0 60.9135 5.84415 115.436
0 60.8958 5.87701 115.456
0 60.8851 5.89673 115.476
0 60.8788 5.90856 115.496
0 60.8832 5.92442 115.516
0 60.8608 5.95615 115.536
0 60.8557 5.98394 115.556
0 60.8275 6.02283 115.576
0 60.8188 6.05491 115.596
0 60.8137 6.07416 115.616
0 60.8106 6.08571 115.636
0 60.8087 6.09265 115.656
0 60.8159 6.10555 115.676
0 60.8202 6.11329 115.696
0 60.8311 6.12666 115.716
0 60.8376 6.13468 115.736
0 60.8498 6.14821 115.756
0 60.8571 6.15633 115.776
0 60.8615 6.16121 115.796
0 60.8725 6.17283 115.816
0 60.879 6.17981 115.836
0 60.883 6.184 115.856
0 60.8853 6.18651 115.876
0 60.8867 6.18802 115.896
0 60.8959 6.19761 115.916
0 60.9014 6.20337 115.936
0 60.9047 6.20683 115.956
0 60.9066 6.2089 115.976
0 60.9078 6.21014 115.996
0 60.9168 6.21957 116.016
0 60.9305 6.2339 116.037
0 60.9387 6.24249 116.057
0 60.9437 6.24765 116.076
0 60.9215 6.27299 116.096
0 60.8831 6.31045 116.116
0 60.8349 6.35515 116.136
0 60.7558 6.42643 116.156
0 60.6663 6.52231 116.176
0 60.5874 6.60205 116.196
0 60.4898 6.69428 116.216
0 60.3891 6.8027 116.236
0 60.2783 6.9121 116.256
0 60.1444 7.05293 116.276
0 59.9883 7.20384 116.296
0 59.8189 7.36073 116.316
0 59.6243 7.55201 116.336
0 59.4063 7.75504 116.356
0 59.1994 7.94297 116.376
0 59.0245 8.09978 116.396
0 58.8687 8.23787 116.416
0 58.7753 8.32072 116.436
0 58.7193 8.37043 116.457
0 58.6939 8.40911 116.476
0 58.6787 8.43231 116.496
0 58.6696 8.44623 116.516
0 58.6641 8.45459 116.536
0 58.6691 8.46843 116.556
0 58.7058 8.46354 116.576
1 59.3728 8.00361 117.316
1 59.3728 8.00361 117.336
1 59.3811 8.01233 117.356
1 59.3861 8.01757 117.376
1 59.3891 8.02071 117.396
1 59.3909 8.02259 117.416
1 59.3919 8.02372 117.436
1 59.3926 8.0244 117.456
1 59.393 8.02481 117.476
1 59.3932 8.02505 117.496
1 59.3933 8.0252 117.516
1 59.4017 8.03399 117.536
1 59.4067 8.03927 117.556
1 59.4098 8.04244 117.576
1 59.4116 8.04434 117.596
1 59.4127 8.04548 117.616
1 59.4133 8.04616 117.636
1 59.4137 8.04658 117.656
1 59.4139 8.04682 117.676
1 59.4141 8.04697 117.696
1 59.4224 8.05576 117.716
1 59.4528 8.0389 117.736
1 59.5046 8.01533 117.756
1 59.5863 7.95688 117.776
1 59.6606 7.89965 117.796
1 59.7557 7.82097 117.816
1 59.8968 7.71579 117.836
1 60.032 7.60825 117.856
1 60.1635 7.49926 117.876
1 60.3263 7.37567 117.896
1 60.4743 7.25697 117.916
1 60.6387 7.11887 117.936
1 60.8378 6.94673 117.956
1 61.0326 6.77642 117.976
1 61.258 6.59319 117.996
1 61.4685 6.41605 118.016
1 61.6948 6.22006 118.036
1 61.9056 6.03511 118.056
1 62.107 5.85672 118.076
1 62.3027 5.6822 118.096
1 62.4929 5.54032 118.116
1 62.6527 5.47089 118.136
1 62.8026 5.45322 118.156
1 62.9613 5.46601 118.176
1 63.1023 5.48921 118.196
1 63.2556 5.52633 118.216
1 63.3934 5.56401 118.236
1 63.5302 5.61038 118.256
1 63.6581 5.65352 118.276
1 63.814 5.68042 118.296
1 63.9304 5.70417 118.316
1 64.0461 5.73361 118.336
1 64.1698 5.77485 118.356
1 64.2899 5.8147 118.376
1 64.4308 5.86117 118.396
1 64.5926 5.91996 118.416
1 64.7356 5.97015 118.436
1 64.8903 6.02254 118.456
1 65.0522 6.07614 118.476
1 65.1953 6.12301 118.496
1 65.3355 6.17432 118.516
1 65.4886 6.22702 118.536
1 65.6119 6.27445 118.556
1 65.7319 6.31745 118.577
1 65.8122 6.35178 118.596
1 65.9064 6.38687 118.616
1 65.986 6.41515 118.637
1 66.0651 6.44788 118.657
1 66.1604 6.4518 118.676
1 66.2886 6.44556 118.697
1 66.4447 6.44169 118.716
1 66.5862 6.4235 118.736
1 66.7521 6.38222 118.757
1 66.9491 6.29542 118.776
1 67.1628 6.21132 118.797
1 67.372 6.13019 118.817
1 67.593 6.04928 118.836
1 67.7734 5.98456 118.856
1 67.9855 5.92178 118.877
1 68.1835 5.87475 118.897
1 68.3501 5.83021 118.917
1 68.4962 5.81721 118.937
1 68.63 5.82309 118.956
1 68.7812 5.81699 118.977
1 68.9263 5.83541 118.996
1 69.0612 5.82994 119.017
1 69.1883 5.84015 119.037
1 69.3123 5.82969 119.056
1 69.489 5.82868 119.076
1 69.6412 5.84139 119.097
1 69.8363 5.82407 119.117
1 70.0473 5.81006 119.136
1 70.2679 5.79787 119.157
1 70.5272 5.77169 119.177
1 70.729 5.76892 119.196
1 70.9209 5.75664 119.216
1 71.0824 5.76209 119.236
1 71.2024 5.77174 119.256
1 71.2828 5.7861 119.276
1 71.331 5.79472 119.296
1 71.3599 5.79989 119.317
1 71.3856 5.81154 119.336
1 71.401 5.81853 119.358
1 71.4102 5.82273 119.376
1 71.4241 5.83378 119.396
1 71.4324 5.84042 119.416
1 71.4606 5.85079 119.436
1 71.509 5.87194 119.456
1 71.5463 5.89315 119.476
1 71.6016 5.89082 119.496
1 71.6431 5.89792 119.516
1 71.7226 5.92344 119.536
1 71.8019 5.9536 119.556
1 71.9041 5.99289 119.576
1 72.0118 6.02913 119.596
1 72.1788 6.05461 119.616
1 72.3338 6.09093 119.636
1 72.5304 6.08629 119.656
1 72.7044 6.07447 119.676
1 72.9357 6.0469 119.696
1 73.1453 6.01888 119.716
1 73.3258 6.02279 119.736
1 73.4901 6.01588 119.756
1 73.6203 6.02629 119.776
1 73.7311 6.01713 119.796
1 73.8303 5.99619 119.816
1 73.8898 5.98362 119.836
1 73.9339 5.98449 119.856
1 73.9603 5.98501 119.876
1 73.9845 5.99372 119.896
1 73.999 5.99895 119.916
1 74.0077 6.00208 119.936
1 74.0212 6.01235 119.956
1 74.0294 6.01851 119.976
1 74.0586 5.99831 119.996
1 74.0845 5.99455 120.016
1 74.1001 5.9923 120.036
1 74.1094 5.99095 120.056
1 74.115 5.99014 120.076
1 74.1183 5.98965 120.096
1 74.1447 5.96545 120.116
1 74.1689 5.95928 120.136
1 74.2298 5.96778 120.156
1 74.298 5.98731 120.176
1 74.3704 6.01345 120.196
1 74.4698 6.01958 120.216
1 74.5526 6.02931 120.236
1 74.635 6.01949 120.256
1 74.7172 5.9979 120.276
1 74.7991 5.96922 120.296
1 74.897 5.90397 120.316
1 74.98 5.84078 120.336
1 75.1089 5.79911 120.356
1 75.2421 5.76428 120.377
1 75.3453 5.74937 120.397
1 75.4304 5.7464 120.416
1 75.528 5.75652 120.436
1 75.6098 5.76852 120.456
1 75.6589 5.77572 120.476
1 75.7209 5.76419 120.496
1 75.7581 5.75727 120.516
1 75.7805 5.75312 120.536
1 75.8182 5.7265 120.556
1 75.8491 5.71877 120.576
1 75.8919 5.68999 120.596
1 75.9409 5.67863 120.616
1 76.0261 5.66179 120.636
1 76.1479 5.63926 120.656
1 76.2686 5.60741 120.676
1 76.42 5.58396 120.696
1 76.5826 5.52723 120.716
1 76.7842 5.4344 120.736
1 76.9861 5.314 120.756
1 77.2038 5.14451 120.776
1 77.4624 4.95926 120.796
1 77.6898 4.77497 120.816
1 77.9059 4.62936 120.836
1 78.1069 4.4988 120.856
1 78.3071 4.38525 120.876
1 78.4828 4.30631 120.896
1 78.6354 4.24006 120.916
1 78.7982 4.1569 120.936
1 78.9754 4.07153 120.956
1 79.1289 4.00131 120.976
1 79.3004 3.92358 120.996
1 79.4273 3.85237 121.016
1 79.5595 3.76844 121.036
1 79.6628 3.69348 121.056
1 79.7247 3.64851 121.076
1 79.7702 3.62947 121.096
1 79.8214 3.59343 121.116
1 79.8604 3.57974 121.137
1 79.8838 3.57152 121.156
1 79.9301 3.54987 121.176
1 79.981 3.54237 121.196
1 80.0664 3.55671 121.216
1 80.1724 3.58413 121.236
1 80.3379 3.60007 121.256
1 80.4844 3.59031 121.276
1 80.6509 3.57837 121.296
1 80.8211 3.55714 121.316
1 80.9549 3.55763 121.336
1 81.0822 3.53845 121.356
1 81.1901 3.54013 121.377
1 81.2782 3.54643 121.396
1 81.3631 3.53329 121.416
1 81.4374 3.53067 121.436
1 81.5135 3.54225 121.456
1 81.5591 3.54919 121.476
1 81.5865 3.55336 121.496
1 81.6113 3.56373 121.516
1 81.6344 3.57781 121.536
1 81.6483 3.58626 121.556
1 81.6805 3.56649 121.576
1 81.708 3.56246 121.596
1 81.7711 3.57056 121.616
1 81.8406 3.58851 121.636
1 81.9055 3.6045 121.656
1 82.0231 3.60747 121.676
1 82.164 3.5947 121.696
1 82.3039 3.57509 121.716
1 82.4116 3.53838 121.736
1 82.4762 3.51636 121.756
1 82.547 3.486 121.776
1 82.6133 3.44283 121.796
1 82.653 3.41692 121.816
1 82.7006 3.3764 121.836
1 82.7611 3.33489 121.856
1 82.7974 3.30999 121.876
1 82.8512 3.27782 121.896
1 82.9072 3.23352 121.916
1 82.9645 3.18192 121.936
1 82.9989 3.15097 121.956
1 83.0278 3.14014 121.976
1 83.0452 3.13364 121.996
1 83.0556 3.12974 122.016
1 83.0701 3.13513 122.036
1 83.0788 3.13836 122.056
1 83.0841 3.1403 122.077
1 83.0872 3.14147 122.096
1 83.0891 3.14216 122.116
1 83.1135 3.14771 122.136
1 83.183 3.169 122.156
1 83.2563 3.19459 122.176
1 83.3468 3.22011 122.196
1 83.4477 3.24554 122.216
1 83.5399 3.27357 122.236
1 83.6185 3.29542 122.256
1 83.6972 3.32129 122.277
1 83.7681 3.3117 122.296
1 83.8426 3.28854 122.316
1 83.8956 3.28236 122.336
1 83.9511 3.2535 122.356
1 84.0162 3.21873 122.376
1 84.079 3.1727 122.395
1 84.1403 3.11992 122.415
1 84.2007 3.06307 122.435
1 84.2688 3.01144 122.455
1 84.3333 2.95526 122.475
1 84.3802 2.92919 122.495
1 84.4636 2.90094 122.515
1 84.5369 2.88896 122.535
1 84.6829 2.8488 122.555
1 84.8407 2.80928 122.575
1 84.9819 2.79534 122.596
1 85.1133 2.7967 122.615
1 85.2939 2.79433 122.635
1 85.4724 2.77715 122.655
1 85.6344 2.78402 122.675
1 85.8018 2.77224 122.695
1 85.9488 2.7746 122.715
1 86.0604 2.7807 122.735
1 86.1825 2.77129 122.755
1 86.2875 2.74787 122.775
1 86.3505 2.73382 122.795
1 86.42 2.70758 122.815
1 86.4618 2.69184 122.835
1 86.4868 2.68239 122.856
1 86.5018 2.67673 122.875
1 86.5108 2.67333 122.895
1 86.5245 2.6789 122.915
1 86.5327 2.68224 122.935
1 86.6078 2.66811 122.955
1 86.6762 2.66427 122.975
1 86.7488 2.67421 122.995
1 86.7924 2.68017 123.015
1 86.8419 2.68836 123.035
1 86.8716 2.69328 123.055
1 86.8977 2.70384 123.075
1 86.9133 2.71018 123.095
1 86.9227 2.71398 123.117
1 86.9283 2.71626 123.135
1 86.9552 2.69213 123.155
1 87.018 2.68685 123.175
1 87.1106 2.70043 123.195
1 87.2596 2.72672 123.215
1 87.4974 2.77697 123.235
1 87.8038 2.80784 123.255
1 88.1045 2.81797 123.275
1 88.4253 2.78971 123.295
1 88.7113 2.72973 123.315
1 88.9763 2.62072 123.335
1 89.2136 2.51565 123.355
1 89.356 2.45261 123.375
1 89.4881 2.39314 123.395
1 89.5673 2.35745 123.415
1 89.6232 2.34373 123.435
1 89.6567 2.33549 123.455
1 89.6768 2.33055 123.475
1 89.6888 2.32759 123.495
1 89.7043 2.33348 123.515
1 89.7219 2.34468 123.535
1 89.7325 2.3514 123.555
1 89.7388 2.35544 123.575
1 89.7509 2.36551 123.595
1 89.7581 2.37155 123.615
1 89.7624 2.37517 123.635
1 89.7733 2.38499 123.655
1 89.7881 2.3985 123.675
1 89.797 2.40661 123.696
1 89.8023 2.41147 123.716
1 89.8055 2.41439 123.735
1 89.8074 2.41614 123.755
0 89.8114 3.27272 124.875
0 89.7866 3.35167 124.895
0 89.7566 3.43223 124.915
0 89.7234 3.51376 124.935
0 89.665 3.62179 124.955
0 89.5914 3.74572 124.975
0 89.4852 3.90508 124.995
0 89.3359 4.11157 125.015
0 89.1689 4.35355 125.035
0 88.9994 4.62404 125.055
0 88.8199 4.90432 125.075
0 88.619 5.22352 125.095
0 88.4205 5.53291 125.115
0 88.2315 5.8436 125.135
0 88.0954 6.10335 125.156
0 87.991 6.33246 125.175
0 87.9448 6.48426 125.195
0 87.9335 6.58963 125.215
0 87.935 6.65997 125.235
0 87.944 6.70929 125.255
0 87.9659 6.75307 125.275
0 87.9872 6.78641 125.295
0 88.0165 6.82052 125.315
0 88.0185 6.87394 125.335
0 88.0361 6.92003 125.355
0 88.0631 6.96168 125.375
0 88.0875 6.99365 125.395
0 88.1103 7.01979 125.415
0 88.124 7.03548 125.436
0 88.1168 7.07779 125.455
0 88.1206 7.11013 125.475
0 88.1393 7.14338 125.495
0 88.135 7.1962 125.515
0 88.1169 7.26077 125.535
0 88.1142 7.30639 125.555
0 88.0971 7.36663 125.575
0 88.095 7.40964 125.596
0 88.0782 7.46828 125.616
0 88.0763 7.51032 125.636
0 88.0514 7.56153 125.656
0 88.0291 7.63191 125.675
0 87.9764 7.73293 125.696
0 87.9292 7.82635 125.716
0 87.8615 7.94116 125.736
0 87.7495 8.08792 125.755
0 87.6428 8.23471 125.776
0 87.5393 8.3815 125.795
0 87.4139 8.5542 125.816
0 87.2833 8.74925 125.835
0 87.1653 8.92495 125.855
0 87.0549 9.089 125.875
0 86.901 9.29784 125.895
0 86.769 9.48174 125.915
0 86.6418 9.64382 125.935
0 86.5016 9.82548 125.956
0 86.3536 10.0189 125.975
0 86.1927 10.2124 125.995
0 86.008 10.4386 126.015
0 85.8248 10.6516 126.035
0 85.6266 10.8895 126.055
0 85.4109 11.1351 126.075
0 85.2089 11.3596 126.095
0 85.0393 11.5457 126.115
0 84.873 11.7415 126.136
0 84.7489 11.8846 126.155
0 84.626 12.0217 126.175
0 84.5279 12.1297 126.195
0 84.4448 12.2201 126.215
0 84.3949 12.2744 126.235
0 84.3732 12.314 126.255
0 84.3601 12.3377 126.275
0 84.3523 12.3519 126.295
0 84.3558 12.3675 126.315
0 84.3579 12.3768 126.335
0 84.3673 12.3894 126.355
0 84.373 12.3969 126.375
0 84.3764 12.4015 126.395
0 84.3866 12.4112 126.415
0 84.3928 12.417 126.435
0 84.4047 12.4274 126.455
0 84.4118 12.4337 126.475
0 84.4242 12.4444 126.495
0 84.4317 12.4508 126.515
0 84.4119 12.4803 126.535
0 84.4 12.4981 126.555
0 84.3686 12.5344 126.575
0 84.3336 12.5887 126.595
0 84.2883 12.647 126.615
0 84.2124 12.7333 126.635
0 84.1508 12.8177 126.655
0 84.0651 12.9196 126.676
0 83.9731 13.039 126.695
0 83.9017 13.1432 126.715
0 83.8344 13.2313 126.735
0 83.7779 13.3168 126.755
0 83.7277 13.4006 126.775
0 83.6977 13.4509 126.795
0 83.6552 13.5067 126.815
0 83.6379 13.5471 126.835
0 83.6275 13.5714 126.855
0 83.605 13.6185 126.875
0 83.5997 13.6537 126.895
0 83.5966 13.6748 126.915
0 83.6029 13.6944 126.935
0 83.5822 13.7317 126.955
0 83.5453 13.7798 126.975
0 83.507 13.8411 126.996
0 83.4921 13.8848 127.015
0 83.4588 13.9367 127.035
0 83.4143 13.9934 127.055
0 83.3713 14.0599 127.075
0 83.3211 14.1254 127.095
0 83.2746 14.1973 127.115
0 83.2467 14.2403 127.135
0 83.2055 14.2918 127.155
0 83.1889 14.3295 127.176
0 83.179 14.3522 127.195
0 83.1731 14.3658 127.215
0 83.1695 14.374 127.236
0 83.151 14.4113 127.255
0 83.1399 14.4338 127.275
0 83.1088 14.4728 127.295
0 83.0656 14.5218 127.316
0 82.9906 14.6024 127.335
0 82.9292 14.6832 127.355
0 82.8515 14.7897 127.375
0 82.7557 14.9047 127.396
0 82.649 15.0247 127.415
0 82.544 15.1547 127.435
0 82.4071 15.3093 127.456
0 82.2838 15.4599 127.475
0 82.1852 15.5758 127.495
0 82.1096 15.6777 127.516
0 82.0395 15.7644 127.535
0 81.981 15.8488 127.555
0 81.9212 15.9249 127.576
0 81.8935 15.9775 127.595
0 81.8769 16.0091 127.615
0 81.8504 16.0604 127.635
0 81.8345 16.0912 127.655
0 81.8331 16.1166 127.675
0 81.8323 16.1319 127.695
0 81.8318 16.141 127.715
0 81.815 16.1789 127.736
0 81.8131 16.2085 127.755
0 81.7954 16.2586 127.775
0 81.7765 16.3279 127.795
0 81.7815 16.3832 127.815
0 81.7679 16.4487 127.835
0 81.7514 16.5271 127.855
0 81.7415 16.5742 127.876
0 81.7437 16.6092 127.9
0 81.7532 16.637 127.916
0 81.7589 16.6537 127.935
0 81.7705 16.6705 127.955
0 81.7775 16.6806 127.975
0 81.7898 16.6934 127.995
0 81.8054 16.7078 128.015
0 81.8148 16.7164 128.035
0 81.8285 16.7284 128.055
0 81.8368 16.7355 128.075
0 81.8499 16.7465 128.095
0 81.8412 16.7854 128.115
0 81.8195 16.8409 128.135
0 81.7732 16.9387 128.156
0 81.6793 17.0807 128.175
0 81.5567 17.2491 128.196
0 81.425 17.44 128.215
0 81.2796 17.6377 128.235
0 81.1507 17.8139 128.256
0 81.0237 17.9706 128.275
0 80.914 18.1289 128.295
0 80.7815 18.3069 128.316
0 80.6354 18.4967 128.336
0 80.506 18.6681 128.355
0 80.4115 18.8031 128.375
0 80.3048 18.9348 128.395
0 80.224 19.046 128.416
0 80.1586 19.1447 128.435
0 80.1026 19.2361 128.455
0 80.0439 19.3163 128.475
0 80.0169 19.371 128.495
0 79.9756 19.4293 128.516
0 79.959 19.4709 128.536
0 79.9241 19.5212 128.557
0 79.9112 19.5581 128.575
0 79.8785 19.6056 128.596
0 79.867 19.6408 128.616
0 79.8351 19.6872 128.635
0 79.824 19.7217 128.655
0 79.8256 19.7491 128.675
0 79.8266 19.7655 128.695
0 79.8271 19.7753 128.716
0 79.8275 19.7812 128.735
0 79.8358 19.7914 128.755
0 79.849 19.804 128.775
0 79.8651 19.8182 128.795
0 79.8747 19.8267 128.816
0 79.8887 19.8384 128.836
0 79.897 19.8454 128.856
0 79.877 19.875 128.875
0 79.8731 19.8993 128.896
0 79.8539 19.9459 128.915
0 79.8505 19.9804 128.935
0 79.8234 20.0265 128.956
0 79.7651 20.1115 128.975
0 79.7051 20.1879 128.995
0 79.6521 20.2656 129.015
0 79.5952 20.3377 129.035
0 79.5189 20.4382 129.055
0 79.448 20.5239 129.075
0 79.3885 20.6073 129.095
0 79.3276 20.6826 129.115
0 79.2408 20.7785 129.135
0 79.1383 20.8868 129.155
0 79.0345 21.0089 129.175
0 78.9471 21.1076 129.196
0 78.8441 21.2173 129.215
0 78.7653 21.3151 129.235
0 78.718 21.3737 129.256
0 78.6896 21.4089 129.275
0 78.6473 21.4553 129.295
0 78.622 21.4832 129.316
0 78.6068 21.4999 129.335
0 78.5976 21.5099 129.355
0 78.6003 21.5225 129.375
0 78.6019 21.53 129.396
0 78.6029 21.5346 129.416
0 78.6035 21.5373 129.437
0 78.6038 21.5389 129.455
0 78.604 21.5399 129.475
0 78.6123 21.547 129.496
0 78.592 21.5766 129.515
0 78.5799 21.5944 129.535
0 78.5807 21.6116 129.555
0 78.5812 21.6219 129.575
0 78.5563 21.6534 129.595
0 78.5413 21.6723 129.615
0 78.4818 21.7342 129.635
0 78.4208 21.7966 129.656
0 78.3417 21.8912 129.675
0 78.2265 22.0302 129.695
0 78.1321 22.1389 129.715
0 78.0247 22.2546 129.735
0 77.9177 22.381 129.756
0 77.8281 22.482 129.775
0 77.7826 22.5493 129.795
0 77.7298 22.6148 129.815
0 77.6982 22.6541 129.836
0 77.6874 22.6843 129.855
0 77.6809 22.7024 129.875
0 77.677 22.7132 129.895
0 77.6747 22.7197 129.915
0 77.6733 22.7237 129.935
0 77.6806 22.7325 129.956
0 77.685 22.7379 129.975
0 77.6958 22.7476 129.995
0 77.7023 22.7535 130.016
0 77.7062 22.757 130.036
0 77.7085 22.7591 130.055
0 77.7099 22.7604 130.076
0 77.7107 22.7611 130.095
