0 0.384257 -100 89.6749
0 0.384257 -100 89.6949
0 0.384257 -100 89.7149
0 0.384257 -100 89.7349
0 0.384257 -100 89.7548
0 0.384257 -100 89.7748
0 0.384257 -100 89.7949
0 0.384257 -100 89.8149
0 0.384257 -100 89.8351
0 0.384257 -100 89.8549
0 0.384257 -100 89.8749
0 0.384257 -100 89.8949
0 0.384257 -100 89.9151
0 0.384257 -100 89.9349
0 0.384257 -100 89.9549
0 0.384257 -100 89.9751
0 0.384257 -100 89.9949
0 0.384257 -100 90.0149
0 0.384257 -100 90.0349
0 0.384257 -100 90.0551
0 0.384257 -100 90.0749
0 0.384257 -100 90.095
0 0.384257 -100 90.1149
0 0.384257 -100 90.1348
0 0.384257 -100 90.1549
0 0.384257 -100 90.1749
0 0.366566 -100 90.1949
0 0.320553 -100 90.2149
0 0.257524 -100 90.2349
0 0.219707 -100 90.2549
0 0.197017 -100 90.2749
0 0.183402 -100 90.2949
0 0.157516 -100 90.3149
0 0.141984 -100 90.3349
0 0.114941 -100 90.3549
0 0.0809857 -100 90.3749
0 0.0251383 -100 90.3949
0 -0.00837018 -100 90.4149
0 -0.0462206 -100 90.4349
0 -0.0689308 -100 90.4551
0 -0.082557 -100 90.4749
0 -0.0907326 -100 90.4949
0 -0.0956381 -100 90.5151
0 -0.0985813 -100 90.5349
0 -0.100347 -100 90.5549
0 -0.101407 -100 90.5749
0 -0.115172 -100 90.5949
0 -0.158953 -100 90.6149
0 -0.202989 -100 90.6349
0 -0.224794 -100 90.6549
0 -0.233258 -100 90.6749
0 -0.238336 -100 90.6949
0 -0.259161 -100 90.7149
0 -0.289438 -100 90.7349
0 -0.325393 -100 90.7549
0 -0.360146 -100 90.7749
0 -0.398798 -100 90.7949
0 -0.470816 -100 90.8149
0 -0.54968 -100 90.835
0 -0.592392 -100 90.8549
0 -0.63125 -100 90.8749
0 -0.645348 -100 90.8949
0 -0.662436 -100 90.9149
0 -0.699188 -100 90.9349
0 -0.747768 -100 90.9549
0 -0.78097 -100 90.9751
0 -0.809563 -100 90.995
0 -0.853307 -100 91.0149
0 -0.90156 -100 91.035
0 -0.925898 -100 91.0549
0 -0.953822 -100 91.0749
0 -0.970576 -100 91.0949
0 -0.980628 -100 91.116
0 -0.98666 -100 91.1349
0 -0.990279 -100 91.1549
0 -0.99245 -100 91.175
0 -1.01169 -100 91.195
0 -1.04119 -100 91.2149
0 -1.09019 -100 91.2349
0 -1.19148 -100 91.2549
0 -1.30163 -100 91.2749
0 -1.43059 -100 91.2949
0 -1.55748 -100 91.3149
0 -1.69666 -100 91.3349
0 -1.92033 -100 91.3549
0 -2.19505 -100 91.375
0 -2.47348 -100 91.3949
0 -2.74989 -100 91.415
0 -2.98432 -100 91.435
0 -3.17997 -100 91.455
0 -3.42113 -100 91.4749
0 -3.69168 -99.9702 91.4949
0 -3.93889 -99.8636 91.5149
0 -4.15274 -99.7288 91.5351
0 -4.33692 -99.586 91.5549
0 -4.52194 -99.4305 91.575
0 -4.71216 -99.2752 91.595
0 -4.92428 -99.112 91.6149
0 -5.15428 -98.952 91.6349
0 -5.38106 -98.8092 91.6549
0 -5.54549 -98.6926 91.675
0 -5.65385 -98.5994 91.6951
0 -5.72857 -98.5202 91.7149
0 -5.78311 -98.4495 91.7352
0 -5.81583 -98.4071 91.7551
0 -5.85418 -98.3738 91.775
0 -5.87719 -98.3539 91.7949
0 -5.8865 -98.3342 91.815
0 -5.9108 -98.3146 91.8349
0 -5.96284 -98.2872 91.8549
0 -6.03155 -98.2553 91.8749
0 -6.11027 -98.2205 91.8949
0 -6.21379 -98.1764 91.9149
0 -6.35103 -98.1188 91.9349
0 -6.4665 -98.061 91.955
0 -6.5734 -98.0109 91.9752
0 -6.67519 -97.9653 91.9949
0 -6.79277 -97.9148 92.0149
0 -6.91986 -97.8613 92.0351
0 -7.06715 -97.7905 92.0549
0 -7.2311 -97.7173 92.0749
0 -7.37732 -97.6346 92.0949
0 -7.52748 -97.5307 92.1152
0 -7.67568 -97.4063 92.135
0 -7.80826 -97.285 92.155
0 -7.91694 -97.1811 92.1749
0 -8.02019 -97.1035 92.1949
0 -8.0777 -97.049 92.2149
0 -8.11221 -97.0163 92.2349
0 -8.12848 -96.9889 92.255
0 -8.12493 -96.9489 92.2749
0 -8.11391 -96.9092 92.295
0 -8.10286 -96.8775 92.3149
0 -8.11527 -96.8509 92.3349
0 -8.12271 -96.8348 92.355
0 -8.12718 -96.8252 92.3749
0 -8.12986 -96.8195 92.395
0 -8.16956 -96.8006 92.4149
0 -8.21244 -96.7816 92.435
0 -8.25723 -96.7625 92.4551
0 -8.28411 -96.751 92.4751
0 -8.30023 -96.7441 92.4951
0 -8.30991 -96.74 92.5149
0 -8.31571 -96.7375 92.535
0 -8.31919 -96.736 92.5552
0 -8.32128 -96.7351 92.5751
0 -8.32254 -96.7346 92.5949
0 -8.31885 -96.7264 92.6151
0 -8.29888 -96.6902 92.635
0 -8.26911 -96.6371 92.655
0 -8.22897 -96.5663 92.6749
0 -8.18706 -96.4926 92.695
0 -8.15298 -96.4328 92.715
0 -8.13253 -96.397 92.735
0 -8.12026 -96.3755 92.7549
0 -8.1129 -96.3625 92.775
0 -8.10848 -96.3548 92.795
0 -8.10583 -96.3501 92.8149
0 -8.10424 -96.3474 92.835
0 -8.10329 -96.3457 92.855
0 -8.10272 -96.3447 92.8751
0 -8.10237 -96.3441 92.8952
0 -8.10217 -96.3437 92.915
0 -8.10204 -96.3435 92.9349
0 -8.10197 -96.3434 92.9553
0 -8.10192 -96.3433 92.975
0 -8.1019 -96.3432 92.9952
0 -8.09741 -96.3354 93.0151
0 -8.07684 -96.2997 93.0352
0 -8.0466 -96.2472 93.055
0 -8.01052 -96.1848 93.075
0 -7.97541 -96.1242 93.095
0 -7.94087 -96.0646 93.115
0 -7.91566 -96.0212 93.135
0 -7.90053 -95.9952 93.155
0 -7.89145 -95.9795 93.1752
0 -7.886 -95.9702 93.195
0 -7.88273 -95.9645 93.215
0 -7.88077 -95.9612 93.235
0 -7.87959 -95.9591 93.255
0 -7.87889 -95.9579 93.275
0 -7.87847 -95.9572 93.295
0 -7.87821 -95.9567 93.315
0 -7.87806 -95.9565 93.3352
0 -7.87797 -95.9563 93.355
0 -7.87791 -95.9562 93.375
0 -7.87788 -95.9562 93.395
0 -7.87786 -95.9561 93.415
0 -7.87785 -95.9561 93.435
0 -7.87784 -95.9561 93.4552
0 -7.87784 -95.9561 93.475
0 -7.87783 -95.9561 93.495
0 -7.87783 -95.9561 93.5152
0 -7.87783 -95.9561 93.535
0 -7.87783 -95.9561 93.555
0 -7.86884 -95.9407 93.575
0 -7.84994 -95.9084 93.595
0 -7.8341 -95.8813 93.615
0 -7.82009 -95.8574 93.635
0 -7.81168 -95.843 93.6551
0 -7.80664 -95.8344 93.675
0 -7.80361 -95.8292 93.695
0 -7.8018 -95.8261 93.715
0 -7.7962 -95.8166 93.7352
0 -7.78834 -95.8032 93.755
0 -7.78362 -95.7951 93.775
0 -7.78079 -95.7903 93.795
0 -7.77909 -95.7874 93.815
0 -7.77807 -95.7857 93.835
0 -7.77295 -95.777 93.8551
0 -7.76536 -95.7641 93.875
0 -7.7563 -95.7487 93.895
0 -7.75086 -95.7394 93.915
0 -7.7476 -95.7339 93.935
0 -7.74113 -95.7229 93.9555
0 -7.73273 -95.7087 93.9752
0 -7.71866 -95.6848 93.995
0 -7.69665 -95.6476 94.015
0 -7.66987 -95.6023 94.035
0 -7.64022 -95.5523 94.0551
0 -7.61789 -95.5147 94.0751
0 -7.60449 -95.4922 94.0951
0 -7.59646 -95.4786 94.1151
0 -7.59163 -95.4705 94.135
0 -7.58421 -95.458 94.155
0 -7.57975 -95.4505 94.175
0 -7.57707 -95.446 94.195
0 -7.57547 -95.4433 94.215
0 -7.56997 -95.4341 94.235
0 -7.56667 -95.4286 94.255
0 -7.56016 -95.4177 94.275
0 -7.55171 -95.4035 94.295
0 -7.48845 -95.3484 94.315
0 -7.41142 -95.2608 94.335
0 -7.37025 -95.1199 94.355
0 -7.44234 -94.899 94.375
0 -7.50675 -94.6364 94.395
0 -7.57868 -94.3704 94.4151
0 -7.67334 -94.1198 94.435
0 -7.76236 -93.8864 94.4554
0 -7.878 -93.6448 94.475
0 -7.99622 -93.3882 94.495
0 -8.14027 -93.1221 94.5152
0 -8.28187 -92.8321 94.535
0 -8.47371 -92.5476 94.555
0 -8.6597 -92.3026 94.5753
0 -8.83629 -92.0995 94.595
0 -8.96791 -91.9377 94.615
0 -9.0666 -91.8325 94.6353
0 -9.12581 -91.7694 94.655
0 -9.16134 -91.7315 94.6751
0 -9.18266 -91.7088 94.6951
0 -9.19545 -91.6952 94.715
0 -9.20312 -91.687 94.735
0 -9.20773 -91.6821 94.755
0 -9.21049 -91.6791 94.775
0 -9.21215 -91.6774 94.795
0 -9.21314 -91.6763 94.8151
0 -9.21374 -91.6757 94.835
0 -9.2141 -91.6753 94.855
0 -9.21431 -91.6751 94.875
0 -9.21444 -91.6749 94.895
0 -9.21452 -91.6748 94.9151
0 -9.21457 -91.6748 94.935
0 -9.21459 -91.6748 94.955
0 -9.21461 -91.6748 94.975
0 -9.21004 -91.6668 94.995
0 -9.20729 -91.662 95.015
0 -9.20564 -91.6591 95.035
0 -9.20007 -91.6494 95.0551
0 -9.19213 -91.6357 95.075
0 -9.18737 -91.6274 95.095
0 -9.18452 -91.6225 95.1152
0 -9.1828 -91.6195 95.135
0 -9.18177 -91.6177 95.155
0 -9.18116 -91.6167 95.175
0 -9.18079 -91.616 95.195
0 -9.17598 -91.6077 95.215
0 -9.17309 -91.6027 95.235
0 -9.17136 -91.5997 95.2551
0 -9.17032 -91.5979 95.275
0 -9.1651 -91.5888 95.2952
0 -9.15738 -91.5755 95.315
0 -9.14355 -91.5516 95.3352
0 -9.12606 -91.5214 95.3551
0 -9.11097 -91.4954 95.3751
0 -9.09731 -91.4719 95.3951
0 -9.08911 -91.4577 95.415
0 -9.10394 -91.4412 95.435
0 -9.15234 -91.415 95.455
0 -9.22092 -91.3832 95.475
0 -9.26206 -91.3641 95.495
0 -9.28675 -91.3526 95.5151
0 -9.30156 -91.3457 95.535
0 -9.31045 -91.3416 95.5553
0 -9.31578 -91.3391 95.5751
0 -9.31898 -91.3376 95.595
0 -9.3209 -91.3367 95.6151
0 -9.32205 -91.3362 95.6351
0 -9.32274 -91.3359 95.6564
0 -9.32316 -91.3357 95.6751
0 -9.3234 -91.3356 95.6951
0 -9.32355 -91.3355 95.715
0 -9.32364 -91.3354 95.7352
0 -9.3237 -91.3354 95.7551
0 -9.32373 -91.3354 95.7751
0 -9.3633 -91.3192 95.7951
0 -9.44641 -91.2853 95.8152
0 -9.55569 -91.2408 95.8351
0 -9.68073 -91.19 95.8551
0 -9.81526 -91.1353 95.875
0 -9.95555 -91.0785 95.8952
0 -10.1192 -91.0124 95.9151
0 -10.297 -90.9407 95.9353
0 -10.4236 -90.8898 95.9551
0 -10.5393 -90.8432 95.9751
0 -10.6487 -90.7994 95.9952
0 -10.7741 -90.7492 96.0151
0 -10.9092 -90.6952 96.0351
0 -11.0102 -90.6549 96.0553
0 -11.0709 -90.6308 96.0751
0 -11.1072 -90.6163 96.095
0 -11.1245 -90.5995 96.1151
0 -11.1304 -90.5813 96.1353
0 -11.1339 -90.5704 96.1551
0 -11.136 -90.5639 96.1751
0 -11.1372 -90.56 96.1951
0 -11.1334 -90.5496 96.215
0 -11.1312 -90.5433 96.235
0 -11.1298 -90.5396 96.2551
0 -11.129 -90.5373 96.2751
0 -11.1285 -90.536 96.2958
0 -11.1282 -90.5352 96.3153
0 -11.128 -90.5347 96.3351
0 -11.1279 -90.5344 96.3551
0 -11.1279 -90.5342 96.3751
0 -11.1278 -90.5341 96.3953
0 -11.1278 -90.534 96.4151
0 -11.1278 -90.534 96.4351
0 -11.1278 -90.534 96.4551
0 -11.1278 -90.534 96.4752
0 -11.1278 -90.534 96.4951
0 -11.1278 -90.534 96.515
0 -11.1478 -90.526 96.5351
0 -11.1597 -90.5212 96.5551
0 -11.1669 -90.5184 96.575
0 -11.1912 -90.5087 96.5951
0 -11.2258 -90.495 96.6151
0 -11.3466 -90.4471 96.6351
0 -11.5593 -90.3631 96.6552
0 -11.8028 -90.2573 96.6751
0 -12.0249 -90.1543 96.6952
0 -12.1939 -90.0686 96.7153
0 -12.333 -89.9668 96.7354
0 -12.3724 -89.7916 96.7551
0 -12.2931 -89.5692 96.7751
0 -12.1128 -89.3241 96.7951
0 -11.8853 -89.076 96.8151
0 -11.6429 -88.8366 96.8352
0 -11.396 -88.6109 96.8551
0 -11.1739 -88.4145 96.8752
0 -10.9665 -88.2358 96.8951
0 -10.816 -88.0805 96.915
0 -10.6792 -87.9473 96.9353
0 -10.5553 -87.836 96.9551
0 -10.4827 -87.7421 96.9751
0 -10.4251 -87.6752 96.9954
0 -10.4108 -87.6269 97.0151
0 -10.4022 -87.5979 97.0351
0 -10.433 -87.5557 97.0551
0 -10.4468 -87.5219 97.0753
0 -10.4707 -87.485 97.0951
0 -10.5006 -87.4463 97.1151
0 -10.5186 -87.423 97.1351
0 -10.5497 -87.4008 97.1551
0 -10.5887 -87.3794 97.1751
0 -10.6323 -87.3583 97.1951
0 -10.6945 -87.3209 97.2153
0 -10.8335 -87.2576 97.2351
0 -11.0391 -87.1707 97.2551
0 -11.2598 -87.0696 97.2751
0 -11.5102 -86.9517 97.2953
0 -11.774 -86.8155 97.3151
0 -12.0096 -86.6929 97.3352
0 -12.1577 -86.5857 97.3551
0 -12.2327 -86.4957 97.3753
0 -12.2592 -86.4075 97.3951
0 -12.2612 -86.3291 97.4151
0 -12.2625 -86.282 97.4352
0 -12.2632 -86.2538 97.4551
0 -12.2636 -86.2369 97.4751
0 -12.2639 -86.2267 97.4953
0 -12.2641 -86.2206 97.5151
0 -12.2595 -86.2084 97.5351
0 -12.2568 -86.2011 97.5551
0 -12.2552 -86.1967 97.5752
0 -12.2542 -86.1941 97.5951
0 -12.2536 -86.1925 97.6151
0 -12.2486 -86.1831 97.6353
0 -12.2456 -86.1774 97.6551
0 -12.2438 -86.174 97.6751
0 -12.2428 -86.172 97.6951
0 -12.2375 -86.1623 97.7152
0 -12.2297 -86.1479 97.7351
0 -12.225 -86.1393 97.7552
0 -12.2222 -86.1342 97.7752
0 -12.2205 -86.1311 97.7955
0 -12.2195 -86.1292 97.8151
0 -12.2189 -86.1281 97.8352
0 -12.2185 -86.1274 97.8552
0 -12.2183 -86.127 97.8751
0 -12.2182 -86.1268 97.8952
0 -12.2387 -86.1185 97.9151
0 -12.2463 -86.1051 97.9352
0 -12.2463 -86.0885 97.9552
0 -12.237 -86.0616 97.9752
0 -12.2221 -86.0285 97.9952
0 -12.2245 -85.9836 98.0152
0 -12.2577 -85.9234 98.0351
0 -12.3667 -85.8212 98.0551
0 -12.5719 -85.6946 98.0751
0 -12.8305 -85.545 98.0954
0 -13.0638 -85.4144 98.1152
0 -13.2314 -85.2944 98.1351
0 -13.3227 -85.2053 98.1554
0 -13.3729 -85.1433 98.1751
0 -13.403 -85.1062 98.1951
0 -13.4211 -85.0839 98.2151
0 -13.4319 -85.0705 98.2352
0 -13.4384 -85.0625 98.2551
0 -13.4423 -85.0576 98.2751
0 -13.4447 -85.0547 98.2952
0 -13.4461 -85.053 98.3151
0 -13.4677 -85.0439 98.3351
0 -13.4806 -85.0384 98.3551
0 -13.4884 -85.0351 98.3751
0 -13.493 -85.0332 98.3951
0 -13.4958 -85.032 98.4151
0 -13.4975 -85.0313 98.4352
0 -13.4985 -85.0309 98.4552
0 -13.4991 -85.0306 98.4752
0 -13.4995 -85.0305 98.4951
0 -13.562 -85.0062 98.5151
0 -13.6617 -84.9674 98.5353
0 -13.7585 -84.9196 98.5552
0 -13.8328 -84.8743 98.5751
0 -13.8728 -84.8385 98.5952
0 -13.9175 -84.8091 98.6151
0 -13.9652 -84.7834 98.6351
0 -14.0146 -84.7599 98.6552
0 -14.1067 -84.7217 98.6752
0 -14.1828 -84.6908 98.6952
0 -14.2493 -84.6643 98.7152
0 -14.3309 -84.6324 98.7351
0 -14.4424 -84.5892 98.7551
0 -14.5511 -84.5474 98.7754
0 -14.6163 -84.5223 98.7953
0 -14.6554 -84.5072 98.8152
0 -14.6789 -84.4982 98.8354
0 -14.6929 -84.4928 98.8551
0 -14.7014 -84.4895 98.8751
0 -14.7065 -84.4876 98.8955
0 -14.7095 -84.4864 98.9152
0 -14.7113 -84.4857 98.9351
0 -14.7124 -84.4853 98.9552
0 -14.7131 -84.485 98.9752
0 -14.7135 -84.4849 98.9952
0 -14.7137 -84.4848 99.0152
0 -14.7138 -84.4847 99.0352
0 -14.7139 -84.4847 99.0552
0 -14.714 -84.4847 99.0752
0 -14.714 -84.4847 99.0951
0 -14.714 -84.4847 99.1153
0 -14.714 -84.4846 99.1352
0 -14.714 -84.4846 99.1552
0 -14.7349 -84.4767 99.1752
0 -14.7475 -84.4719 99.1952
0 -14.755 -84.469 99.2154
0 -14.7549 -84.4587 99.2352
0 -14.7549 -84.4525 99.2551
0 -14.7548 -84.4488 99.2752
0 -14.7548 -84.4466 99.2952
0 -14.7757 -84.4373 99.3153
0 -14.8091 -84.4237 99.3352
0 -14.8455 -84.399 99.3552
0 -14.8882 -84.3762 99.3751
0 -14.9138 -84.3626 99.3951
0 -14.9292 -84.3544 99.4152
0 -14.9339 -84.3408 99.4352
0 -14.9321 -84.3241 99.4552
0 -14.9473 -84.2975 99.4751
0 -15.0147 -84.2491 99.4952
0 -15.0715 -84.2035 99.5153
0 -15.101 -84.1675 99.5351
0 -15.1186 -84.1459 99.5552
0 -15.1293 -84.133 99.5752
0 -15.1356 -84.1252 99.5952
0 -15.1394 -84.1205 99.6152
0 -15.1417 -84.1177 99.6352
0 -15.1431 -84.1161 99.6552
0 -15.1439 -84.1151 99.6752
0 -15.1444 -84.1144 99.6952
0 -15.1657 -84.1061 99.7152
0 -15.1994 -84.0932 99.7353
0 -15.2196 -84.0854 99.7552
0 -15.2317 -84.0808 99.7751
0 -15.26 -84.07 99.7952
0 -15.2723 -84.055 99.8152
0 -15.2798 -84.0459 99.8352
0 -15.3006 -84.024 99.8554
0 -15.2945 -83.9908 99.8752
0 -15.1975 -83.8858 99.8951
0 -15.0317 -83.7263 99.9154
0 -14.8427 -83.5041 99.9352
0 -14.6326 -83.2638 99.9552
0 -14.4307 -83.0044 99.9754
0 -14.2781 -82.7391 99.9952
0 -14.1882 -82.5015 100.015
0 -14.2516 -82.2923 100.035
0 -14.4118 -82.109 100.055
0 -14.6469 -81.9245 100.075
0 -14.953 -81.7402 100.095
0 -15.2384 -81.5804 100.115
0 -15.5115 -81.4354 100.135
0 -15.7346 -81.3154 100.155
0 -15.8852 -81.2264 100.175
0 -15.9662 -81.1551 100.195
0 -16.0103 -81.1034 100.215
0 -16.0274 -81.0544 100.235
0 -16.0377 -81.0251 100.255
0 -16.0438 -81.0074 100.275
0 -16.0475 -80.9969 100.295
0 -16.0497 -80.9905 100.315
0 -16.0464 -80.9778 100.335
0 -16.0352 -80.9523 100.355
0 -16.0238 -80.928 100.375
0 -16.0169 -80.9135 100.395
0 -16.0128 -80.9047 100.415
0 -16.0057 -80.8906 100.435
0 -16.0181 -80.8651 100.455
0 -16.0423 -80.8329 100.475
0 -16.0782 -80.8055 100.495
0 -16.095 -80.7801 100.515
0 -16.1052 -80.7649 100.535
0 -16.1233 -80.7299 100.555
0 -16.1295 -80.6999 100.575
0 -16.1193 -80.6553 100.595
0 -16.1039 -80.6107 100.615
0 -16.0853 -80.5662 100.635
0 -16.0648 -80.5217 100.655
0 -16.0478 -80.4862 100.675
0 -16.033 -80.456 100.695
0 -16.0194 -80.429 100.715
0 -16.0113 -80.4129 100.735
0 -16.0064 -80.4032 100.755
0 -15.9988 -80.3885 100.775
0 -15.9895 -80.3708 100.795
0 -15.9746 -80.3426 100.815
0 -15.961 -80.3168 100.835
0 -15.9435 -80.2836 100.855
0 -15.9283 -80.2549 100.875
0 -15.9098 -80.2201 100.895
0 -15.894 -80.1904 100.915
0 -15.8752 -80.155 100.935
0 -15.8498 -80.1074 100.955
0 -15.8063 -80.0262 100.975
0 -15.7472 -79.9164 100.995
0 -15.674 -79.7809 101.015
0 -15.6063 -79.6563 101.035
0 -15.561 -79.5729 101.055
0 -15.5338 -79.5229 101.075
0 -15.5175 -79.4928 101.095
0 -15.5077 -79.4748 101.115
0 -15.5018 -79.464 101.135
0 -15.4983 -79.4575 101.155
0 -15.4962 -79.4536 101.175
0 -15.4949 -79.4513 101.195
0 -15.4942 -79.4499 101.215
0 -15.4937 -79.449 101.235
0 -15.4934 -79.4485 101.255
0 -15.4933 -79.4482 101.275
0 -15.4932 -79.4481 101.295
0 -15.4931 -79.448 101.315
0 -15.4931 -79.4479 101.335
0 -15.4931 -79.4478 101.355
0 -15.493 -79.4478 101.375
0 -15.493 -79.4478 101.394
0 -15.493 -79.4478 101.414
0 -15.493 -79.4478 101.434
0 -15.493 -79.4478 101.454
0 -15.5145 -79.4395 101.474
0 -15.5489 -79.4263 101.494
0 -15.6125 -79.4018 101.514
0 -15.6506 -79.3871 101.534
0 -15.6735 -79.3783 101.554
0 -15.7517 -79.3483 101.574
0 -15.8848 -79.2973 101.594
0 -16.0507 -79.2339 101.614
0 -16.215 -79.1713 101.634
0 -16.3783 -79.1092 101.654
0 -16.541 -79.0474 101.674
0 -16.6603 -79.0022 101.694
0 -16.7319 -78.9751 101.714
0 -16.7748 -78.9588 101.734
0 -16.8005 -78.9491 101.755
0 -16.816 -78.9432 101.774
0 -16.8253 -78.9397 101.794
0 -16.8308 -78.9376 101.814
0 -16.8342 -78.9363 101.834
0 -16.8362 -78.9356 101.854
0 -16.8374 -78.9351 101.874
0 -16.8381 -78.9348 101.895
0 -16.8385 -78.9347 101.914
0 -16.8604 -78.9264 101.934
0 -16.9168 -78.9052 101.954
0 -16.9722 -78.8843 101.974
0 -17.0055 -78.8718 101.994
0 -17.0471 -78.8562 102.014
0 -17.0936 -78.8387 102.034
0 -17.1432 -78.82 102.054
0 -17.2163 -78.7927 102.074
0 -17.2818 -78.7681 102.095
0 -17.3644 -78.7372 102.114
0 -17.4357 -78.7106 102.134
0 -17.4501 -78.618 102.154
0 -17.3799 -78.4698 102.174
0 -17.2804 -78.2802 102.195
0 -17.1414 -78.074 102.215
0 -17.0075 -77.882 102.234
0 -16.8863 -77.7015 102.254
0 -16.8282 -77.5528 102.274
0 -16.8321 -77.4381 102.294
0 -16.8514 -77.352 102.314
0 -16.8849 -77.2921 102.334
0 -16.9049 -77.2562 102.354
0 -16.9169 -77.2347 102.374
0 -16.9242 -77.2218 102.394
0 -16.9238 -77.205 102.414
0 -16.9235 -77.1949 102.434
0 -16.9234 -77.1889 102.454
0 -16.9233 -77.1852 102.474
0 -16.9232 -77.1831 102.494
0 -16.9232 -77.1817 102.514
0 -16.9402 -77.1637 102.534
0 -16.9504 -77.1529 102.554
0 -16.9566 -77.1464 102.574
0 -16.9602 -77.1425 102.594
0 -16.9625 -77.1402 102.614
0 -16.9856 -77.1306 102.634
0 -17.0602 -77.0912 102.654
0 -17.1268 -77.0594 102.674
0 -17.162 -77.0313 102.694
0 -17.1831 -77.0144 102.714
0 -17.2176 -76.9961 102.734
0 -17.2383 -76.9851 102.754
0 -17.2726 -76.9703 102.774
0 -17.3102 -76.9442 102.794
0 -17.3547 -76.9204 102.814
0 -17.3814 -76.9061 102.834
0 -17.4192 -76.8893 102.854
0 -17.4372 -76.8702 102.875
0 -17.448 -76.8588 102.894
0 -17.4764 -76.8437 102.914
0 -17.5152 -76.8266 102.934
0 -17.5776 -76.7909 102.954
0 -17.6588 -76.7532 102.975
0 -17.7247 -76.7133 102.995
0 -17.7814 -76.6722 103.015
0 -17.8107 -76.6385 103.034
0 -17.8236 -76.6092 103.054
0 -17.8265 -76.5826 103.074
0 -17.8236 -76.5575 103.094
0 -17.839 -76.5253 103.114
0 -17.8655 -76.4888 103.134
0 -17.9033 -76.4587 103.154
0 -17.926 -76.4407 103.174
0 -17.9615 -76.4217 103.195
0 -17.9828 -76.4103 103.215
0 -17.9956 -76.4035 103.234
0 -17.9986 -76.3903 103.255
0 -17.9956 -76.3734 103.276
0 -17.9939 -76.3632 103.294
0 -17.9928 -76.3571 103.315
0 -17.9921 -76.3535 103.335
0 -17.9918 -76.3513 103.354
0 -17.9915 -76.3499 103.374
0 -17.9914 -76.3492 103.394
0 -17.9913 -76.3487 103.414
0 -17.9913 -76.3484 103.434
0 -17.9912 -76.3482 103.454
0 -17.9912 -76.3481 103.474
0 -17.9912 -76.3481 103.494
0 -17.9912 -76.348 103.514
0 -17.9912 -76.348 103.534
0 -17.9912 -76.348 103.554
0 -17.9912 -76.348 103.574
0 -17.9912 -76.348 103.594
0 -17.9912 -76.348 103.614
0 -17.9912 -76.348 103.634
0 -17.9912 -76.348 103.654
0 -17.9912 -76.348 103.674
0 -17.9912 -76.348 103.694
0 -17.9864 -76.3389 103.714
0 -17.9836 -76.3335 103.734
0 -17.9819 -76.3302 103.754
0 -17.9809 -76.3283 103.774
0 -17.9755 -76.3181 103.794
0 -17.9723 -76.312 103.814
0 -17.9609 -76.2902 103.834
0 -17.9665 -76.251 103.854
0 -17.9824 -76.2012 103.874
0 -17.9824 -76.1533 103.894
0 -17.9824 -76.1246 103.914
0 -17.9825 -76.1074 103.934
0 -18.0437 -76.0635 103.954
0 -18.1464 -76.0127 103.974
0 -18.2426 -75.9479 103.994
0 -18.3569 -75.8665 104.014
0 -18.4649 -75.7924 104.035
0 -18.547 -75.7308 104.054
0 -18.6404 -75.6776 104.074
0 -18.7138 -75.6285 104.094
0 -18.7704 -75.5728 104.114
0 -18.817 -75.5133 104.135
0 -18.8403 -75.4685 104.154
0 -18.8542 -75.4417 104.175
0 -18.8578 -75.4166 104.194
0 -18.8821 -75.3934 104.214
0 -18.8967 -75.3794 104.234
0 -18.9054 -75.3711 104.254
0 -18.9328 -75.358 104.274
0 -18.9666 -75.3329 104.294
0 -19.0311 -75.3017 104.314
0 -19.0919 -75.2748 104.334
0 -19.1727 -75.2425 104.355
0 -19.2386 -75.206 104.374
0 -19.2763 -75.1454 104.394
0 -19.2942 -75.1 104.415
0 -19.3224 -75.0556 104.434
0 -19.3789 -75.0038 104.454
0 -19.4208 -74.9375 104.474
0 -19.4761 -74.8545 104.494
0 -19.5126 -74.7605 104.515
0 -19.5424 -74.6691 104.534
0 -19.6001 -74.589 104.554
0 -19.7237 -74.5085 104.575
0 -19.8364 -74.3563 104.595
0 -19.8865 -74.1344 104.614
0 -19.8522 -73.8478 104.634
0 -19.7767 -73.5405 104.655
0 -19.6663 -73.2172 104.675
0 -19.5447 -72.8879 104.695
0 -19.4356 -72.5768 104.715
0 -19.3316 -72.2916 104.734
0 -19.2671 -72.0807 104.754
0 -19.2509 -71.946 104.774
0 -19.2637 -71.8568 104.795
0 -19.2939 -71.7951 104.814
0 -19.3796 -71.7333 104.834
0 -19.4986 -71.6716 104.855
0 -19.6102 -71.6087 104.875
0 -19.7449 -71.5464 104.894
0 -19.8661 -71.4832 104.915
0 -20.0017 -71.4113 104.934
0 -20.1283 -71.3518 104.955
0 -20.2447 -71.2904 104.974
0 -20.4003 -71.2115 104.995
0 -20.5389 -71.1479 105.015
0 -20.64 -71.0922 105.034
0 -20.7185 -71.0411 105.055
0 -20.8141 -70.9638 105.075
0 -20.9395 -70.8931 105.095
0 -21.0781 -70.817 105.115
0 -21.2068 -70.7551 105.135
0 -21.3474 -70.6844 105.155
0 -21.4953 -70.6082 105.175
0 -21.6248 -70.537 105.195
0 -21.7433 -70.4686 105.215
0 -21.8145 -70.4276 105.235
0 -21.8523 -70.3935 105.255
0 -21.8979 -70.365 105.275
0 -21.948 -70.3399 105.295
0 -22.0418 -70.2913 105.315
0 -22.1846 -70.2206 105.335
0 -22.3389 -70.1543 105.355
0 -22.4773 -70.0986 105.375
0 -22.5603 -70.0652 105.394
0 -22.6101 -70.0451 105.414
0 -22.6352 -70.0235 105.434
0 -22.6684 -69.9931 105.455
0 -22.6835 -69.9652 105.474
0 -22.7108 -69.931 105.495
0 -22.7729 -69.8946 105.514
0 -22.8513 -69.8473 105.534
0 -22.9671 -69.7951 105.554
0 -23.0548 -69.7464 105.574
0 -23.1026 -69.7075 105.594
0 -23.1218 -69.6651 105.615
0 -23.1285 -69.63 105.635
0 -23.1326 -69.609 105.654
0 -23.135 -69.5964 105.674
0 -23.1365 -69.5888 105.694
0 -23.1373 -69.5843 105.714
0 -23.1379 -69.5816 105.734
0 -23.1382 -69.5799 105.754
0 -23.1384 -69.579 105.775
0 -23.1337 -69.5688 105.795
0 -23.1214 -69.5436 105.815
0 -23.1045 -69.5094 105.835
0 -23.0848 -69.4699 105.855
0 -23.0634 -69.4271 105.874
0 -23.041 -69.3824 105.894
0 -23.0228 -69.3461 105.914
0 -23.007 -69.3149 105.935
0 -22.9928 -69.2866 105.954
0 -22.9843 -69.2697 105.974
0 -22.9744 -69.25 105.995
0 -22.9866 -69.2207 106.015
0 -22.994 -69.2032 106.035
0 -22.9936 -69.1832 106.055
0 -22.9886 -69.1617 106.074
0 -22.9807 -69.1394 106.094
0 -22.9761 -69.126 106.114
0 -22.9684 -69.1085 106.134
0 -23.0099 -69.082 106.154
0 -23.0529 -69.0486 106.174
0 -23.12 -69.0032 106.194
0 -23.1785 -68.9585 106.214
0 -23.2136 -68.9316 106.234
0 -23.1752 -68.8621 106.255
0 -23.0217 -68.6693 106.274
0 -22.7654 -68.4073 106.294
0 -22.427 -68.0812 106.314
0 -22.0688 -67.7436 106.334
0 -21.7332 -67.4355 106.354
0 -21.4666 -67.1881 106.374
0 -21.2714 -67.0037 106.394
0 -21.1343 -66.87 106.414
0 -21.0421 -66.7703 106.434
0 -20.9819 -66.7007 106.454
0 -20.9457 -66.6589 106.474
0 -20.9653 -66.6074 106.495
0 -21.0416 -66.5418 106.514
0 -21.1469 -66.458 106.534
0 -21.2698 -66.3633 106.554
0 -21.4314 -66.2636 106.574
0 -21.593 -66.1692 106.594
0 -21.7267 -66.0764 106.614
0 -21.8019 -66.011 106.634
0 -21.8421 -65.962 106.654
0 -21.8613 -65.9227 106.674
0 -21.8679 -65.8895 106.694
0 -21.8902 -65.8514 106.714
0 -21.9268 -65.8204 106.734
0 -21.9904 -65.7755 106.754
0 -22.0652 -65.7125 106.774
0 -22.1518 -65.6484 106.794
0 -22.2405 -65.574 106.815
0 -22.317 -65.5211 106.834
0 -22.3764 -65.4616 106.854
0 -22.4255 -65.3981 106.874
0 -22.4685 -65.3323 106.895
0 -22.4942 -65.2928 106.914
0 -22.5097 -65.2691 106.934
0 -22.519 -65.2549 106.954
0 -22.5479 -65.2381 106.975
0 -22.6119 -65.2116 106.995
0 -22.6737 -65.1875 107.014
0 -22.7108 -65.173 107.034
0 -22.7564 -65.1562 107.054
0 -22.8023 -65.1281 107.075
0 -22.8999 -65.0866 107.094
0 -23.0004 -65.0356 107.114
0 -23.1261 -64.9708 107.134
0 -23.3138 -64.8813 107.154
0 -23.5388 -64.7773 107.174
0 -23.763 -64.6727 107.194
0 -23.9867 -64.5679 107.215
0 -24.163 -64.479 107.234
0 -24.2924 -64.4176 107.254
0 -24.3652 -64.371 107.274
0 -24.4088 -64.343 107.294
0 -24.435 -64.3262 107.314
0 -24.4694 -64.2982 107.334
0 -24.5322 -64.2555 107.354
0 -24.6122 -64.2039 107.374
0 -24.7261 -64.1391 107.395
0 -24.8368 -64.0744 107.414
0 -24.9456 -64.0097 107.434
0 -25.0059 -63.961 107.455
0 -25.0658 -63.9238 107.474
0 -25.1392 -63.8657 107.494
0 -25.2633 -63.7694 107.514
0 -25.4129 -63.6404 107.534
0 -25.5878 -63.5114 107.554
0 -25.7305 -63.3985 107.575
0 -25.8538 -63.2951 107.595
0 -25.9893 -63.1896 107.614
0 -26.0658 -63.1165 107.634
0 -26.1116 -63.0726 107.655
0 -26.1342 -63.0364 107.674
0 -26.1478 -63.0147 107.694
0 -26.156 -63.0017 107.715
0 -26.1559 -62.984 107.734
0 -26.2175 -62.9299 107.755
0 -26.2734 -62.8798 107.774
0 -26.3069 -62.8497 107.794
0 -26.3411 -62.804 107.814
0 -26.3756 -62.749 107.834
0 -26.3763 -62.6921 107.854
0 -26.2909 -62.5675 107.874
0 -26.188 -62.3987 107.894
0 -26.0726 -62.1768 107.915
0 -25.9019 -61.9391 107.935
0 -25.7217 -61.6838 107.955
0 -25.5166 -61.436 107.974
0 -25.3239 -61.1525 107.995
0 -25.1931 -60.8674 108.014
0 -25.1218 -60.6317 108.034
0 -25.1015 -60.4397 108.055
0 -25.1083 -60.3063 108.074
0 -25.1314 -60.2081 108.094
0 -25.1882 -60.1228 108.114
0 -25.2704 -60.0553 108.135
0 -25.3387 -59.9966 108.154
0 -25.3797 -59.9614 108.174
0 -25.4283 -59.9321 108.194
0 -25.4765 -59.8963 108.214
0 -25.5295 -59.8668 108.234
0 -25.5803 -59.8308 108.254
0 -25.673 -59.7648 108.274
0 -25.7959 -59.6908 108.294
0 -25.942 -59.6222 108.314
0 -26.1261 -59.5487 108.334
0 -26.3332 -59.4725 108.355
0 -26.525 -59.3927 108.374
0 -26.6785 -59.3085 108.394
0 -26.814 -59.232 108.414
0 -26.9095 -59.1578 108.434
0 -26.991 -59.1053 108.454
0 -27.035 -59.0637 108.474
0 -27.0855 -59.0308 108.494
0 -27.1159 -59.011 108.515
0 -27.1341 -58.9992 108.535
0 -27.1935 -58.9761 108.554
0 -27.3261 -58.9305 108.575
0 -27.4543 -58.8872 108.594
0 -27.5797 -58.8455 108.614
0 -27.6792 -58.8125 108.634
0 -27.7632 -58.7848 108.655
0 -27.833 -58.7502 108.674
0 -27.8748 -58.7294 108.694
0 -27.9242 -58.709 108.715
0 -27.9975 -58.6709 108.736
0 -28.0415 -58.648 108.755
0 -28.0629 -58.6241 108.775
0 -28.0758 -58.6098 108.796
0 -28.0785 -58.591 108.815
0 -28.0802 -58.5798 108.834
0 -28.1005 -58.555 108.855
0 -28.1127 -58.5401 108.874
0 -28.1637 -58.5053 108.895
0 -28.2331 -58.4484 108.914
0 -28.2519 -58.3198 108.934
0 -28.2342 -58.0952 108.955
0 -28.1352 -57.8241 108.975
0 -27.9731 -57.5374 108.994
0 -27.7472 -57.2063 109.015
0 -27.5085 -56.8836 109.035
0 -27.277 -56.5964 109.054
0 -27.1402 -56.3639 109.074
0 -27.1316 -56.2001 109.094
0 -27.1264 -56.1017 109.115
0 -27.1233 -56.0427 109.135
0 -27.1164 -55.9971 109.154
0 -27.1122 -55.9697 109.174
0 -27.1097 -55.9533 109.195
0 -27.1082 -55.9434 109.215
0 -27.1073 -55.9375 109.235
0 -27.1313 -55.9258 109.255
0 -27.1651 -55.9005 109.275
0 -27.2099 -55.8772 109.294
0 -27.2512 -55.8346 109.314
0 -27.2954 -55.7907 109.335
0 -27.3413 -55.746 109.354
0 -27.3884 -55.7009 109.375
0 -27.4606 -55.6474 109.394
0 -27.5235 -55.597 109.415
0 -27.5807 -55.5485 109.434
0 -27.6591 -55.4929 109.455
0 -27.7502 -55.4333 109.474
0 -27.8245 -55.3792 109.494
0 -27.8885 -55.3284 109.514
0 -27.9762 -55.2819 109.534
0 -28.0535 -55.2459 109.555
0 -28.1245 -55.2163 109.574
0 -28.1867 -55.1803 109.595
0 -28.2486 -55.1506 109.615
0 -28.2858 -55.1328 109.635
0 -28.3081 -55.1221 109.655
0 -28.3215 -55.1157 109.674
0 -28.3542 -55.1039 109.694
0 -28.4428 -55.0625 109.715
0 -28.5155 -55.0194 109.735
0 -28.5788 -54.9754 109.754
0 -28.6116 -54.9387 109.775
0 -28.6263 -54.9064 109.794
0 -28.6198 -54.8564 109.815
0 -28.6253 -54.7877 109.835
0 -28.638 -54.7079 109.855
0 -28.6652 -54.6419 109.875
0 -28.7063 -54.5942 109.895
0 -28.7805 -54.5496 109.915
0 -28.8497 -54.5148 109.935
0 -28.9357 -54.4678 109.955
0 -29.007 -54.4214 109.975
0 -29.0446 -54.3834 109.994
0 -29.0621 -54.3504 110.015
0 -29.0974 -54.3226 110.035
0 -29.1382 -54.2878 110.055
0 -29.2021 -54.2305 110.075
0 -29.2578 -54.1066 110.095
0 -29.2876 -53.9172 110.115
0 -29.3319 -53.6907 110.135
0 -29.3642 -53.4163 110.155
0 -29.3851 -53.1465 110.175
0 -29.3859 -52.9359 110.194
0 -29.3812 -52.7993 110.215
0 -29.3982 -52.699 110.234
0 -29.4033 -52.6285 110.254
0 -29.4012 -52.576 110.275
0 -29.3896 -52.5239 110.295
0 -29.3775 -52.4823 110.315
0 -29.365 -52.4471 110.334
0 -29.3524 -52.4157 110.355
0 -29.3948 -52.3809 110.374
0 -29.4401 -52.3416 110.394
0 -29.4922 -52.3101 110.415
0 -29.5183 -52.2809 110.435
0 -29.5288 -52.2531 110.454
0 -29.555 -52.2182 110.474
0 -29.5655 -52.187 110.495
0 -29.5968 -52.1602 110.515
0 -29.6407 -52.1362 110.534
0 -29.6868 -52.1035 110.555
0 -29.7292 -52.0554 110.575
0 -29.7443 -52.006 110.595
0 -29.7533 -51.9764 110.615
0 -29.7838 -51.9507 110.635
0 -29.847 -51.909 110.655
0 -29.9299 -51.8577 110.675
0 -30.0446 -51.7826 110.695
0 -30.1428 -51.6806 110.715
0 -30.2417 -51.5831 110.735
0 -30.2958 -51.5144 110.755
0 -30.3283 -51.4731 110.775
0 -30.3729 -51.4404 110.795
0 -30.3841 -51.3902 110.815
0 -30.3649 -51.3092 110.835
0 -30.3274 -51.2099 110.855
0 -30.2892 -51.12 110.875
0 -30.2559 -51.0459 110.895
0 -30.2359 -51.0014 110.915
0 -30.2239 -50.9747 110.935
0 -30.2167 -50.9587 110.955
0 -30.2124 -50.9491 110.975
0 -30.2098 -50.9433 110.995
0 -30.2083 -50.9398 111.015
0 -30.2073 -50.9378 111.035
0 -30.2068 -50.9365 111.055
0 -30.2064 -50.9358 111.075
0 -30.2062 -50.9353 111.095
0 -30.2061 -50.935 111.115
0 -30.206 -50.9349 111.135
0 -30.206 -50.9348 111.155
0 -30.2311 -50.9267 111.175
0 -30.2965 -50.9058 111.195
0 -30.3358 -50.8932 111.215
0 -30.3541 -50.8756 111.235
0 -30.3651 -50.865 111.255
0 -30.3665 -50.8486 111.275
0 -30.3674 -50.8387 111.295
0 -30.3679 -50.8328 111.315
0 -30.3629 -50.8192 111.335
0 -30.3548 -50.8009 111.355
0 -30.3446 -50.7799 111.375
0 -30.3637 -50.7593 111.395
0 -30.4456 -50.7127 111.415
0 -30.5399 -50.6587 111.435
0 -30.6165 -50.6082 111.455
0 -30.6824 -50.5599 111.475
0 -30.722 -50.5308 111.495
0 -30.771 -50.5054 111.515
0 -30.8456 -50.4641 111.535
0 -30.9052 -50.4112 111.555
0 -30.961 -50.3615 111.575
0 -30.9945 -50.3316 111.595
0 -31.0399 -50.3057 111.615
0 -31.0449 -50.2349 111.635
0 -31.0097 -50.1216 111.655
0 -30.9504 -49.9826 111.675
0 -30.8831 -49.8678 111.695
0 -30.8322 -49.7787 111.715
0 -30.7964 -49.715 111.735
0 -30.775 -49.6768 111.755
0 -30.8127 -49.6379 111.775
0 -30.8607 -49.6065 111.795
0 -30.9148 -49.5796 111.815
0 -30.9473 -49.5635 111.835
0 -30.9615 -49.5437 111.855
0 -30.9648 -49.5217 111.875
0 -30.9816 -49.4802 111.895
0 -31.0319 -49.419 111.915
0 -31.0568 -49.3721 111.935
0 -31.0718 -49.344 111.955
0 -31.0755 -49.3171 111.975
0 -31.0777 -49.3009 111.995
0 -31.0738 -49.281 112.015
0 -31.0662 -49.259 112.035
0 -31.0564 -49.2357 112.055
0 -31.0505 -49.2217 112.075
0 -31.0469 -49.2134 112.095
0 -31.0448 -49.2083 112.115
0 -31.0435 -49.2053 112.135
0 -31.0428 -49.2035 112.155
0 -31.0423 -49.2024 112.175
0 -31.042 -49.2017 112.195
0 -31.0419 -49.2014 112.215
0 -31.0418 -49.2011 112.235
0 -31.0417 -49.201 112.255
0 -31.0417 -49.2009 112.275
1 -30.9148 -49.2409 113.535
1 -30.9148 -49.2409 113.555
1 -30.9148 -49.2409 113.575
1 -30.9148 -49.2409 113.595
1 -30.9148 -49.2409 113.615
1 -30.9148 -49.2409 113.635
1 -30.9148 -49.2409 113.655
1 -30.9148 -49.2409 113.675
1 -30.9148 -49.2409 113.695
1 -30.9148 -49.2409 113.715
1 -30.9148 -49.2409 113.735
1 -30.9148 -49.2409 113.755
1 -30.9148 -49.2409 113.775
1 -30.9148 -49.2409 113.795
1 -30.9148 -49.2409 113.815
1 -30.9148 -49.2409 113.835
1 -30.9148 -49.2409 113.855
1 -30.9148 -49.2409 113.875
1 -30.9148 -49.2409 113.895
1 -30.9148 -49.2409 113.915
1 -30.9148 -49.2409 113.935
1 -30.9148 -49.2409 113.955
1 -30.9148 -49.2409 113.975
1 -30.9148 -49.2409 113.995
1 -30.9148 -49.2409 114.015
1 -30.9148 -49.2409 114.035
1 -30.9148 -49.2409 114.055
1 -30.9148 -49.2409 114.075
1 -30.9148 -49.2409 114.095
1 -30.9148 -49.2409 114.115
1 -30.9148 -49.2409 114.135
1 -30.8895 -49.249 114.155
1 -30.8236 -49.2699 114.175
1 -30.7081 -49.3067 114.195
1 -30.5628 -49.353 114.215
1 -30.3998 -49.4052 114.235
1 -30.2009 -49.4691 114.255
1 -29.9805 -49.5402 114.275
1 -29.7978 -49.5992 114.295
1 -29.6378 -49.6511 114.315
1 -29.4409 -49.7152 114.335
1 -29.1968 -49.795 114.355
1 -28.9246 -49.8845 114.375
1 -28.6052 -49.9785 114.395
1 -28.263 -50.0854 114.415
1 -27.9074 -50.2002 114.435
1 -27.5688 -50.3117 114.455
1 -27.2657 -50.4127 114.475
1 -26.9839 -50.5075 114.495
1 -26.7399 -50.5902 114.515
1 -26.5187 -50.6657 114.535
1 -26.3112 -50.7369 114.555
1 -26.1119 -50.8056 114.575
1 -25.868 -50.8902 114.595
1 -25.6221 -50.9759 114.615
1 -25.4001 -51.0536 114.635
1 -25.1924 -51.1265 114.655
1 -24.9933 -51.1967 114.675
1 -24.8243 -51.2564 114.695
1 -24.6981 -51.3011 114.715
1 -24.5728 -51.3455 114.736
1 -24.4481 -51.3899 114.755
1 -24.2991 -51.4431 114.775
1 -24.1107 -51.5107 114.795
1 -23.8988 -51.5869 114.815
1 -23.6976 -51.6595 114.835
1 -23.5029 -51.73 114.855
1 -23.3121 -51.7993 114.875
1 -23.099 -51.8769 114.895
1 -22.8728 -51.9597 114.915
1 -22.6386 -52.0457 114.935
1 -22.3999 -52.1337 114.955
1 -22.1584 -52.2231 114.975
1 -21.9155 -52.3134 114.995
1 -21.6717 -52.4044 115.015
1 -21.4275 -52.4958 115.035
1 -21.1832 -52.5877 115.055
1 -20.9389 -52.68 115.075
1 -20.719 -52.7633 115.095
1 -20.5383 -52.8319 115.115
1 -20.3324 -52.9105 115.135
1 -20.1114 -52.9951 115.155
1 -19.8814 -53.0835 115.175
1 -19.6462 -53.1742 115.195
1 -19.4322 -53.2571 115.215
1 -19.231 -53.3352 115.235
1 -19.0375 -53.4105 115.255
1 -18.8486 -53.4843 115.275
1 -18.6384 -53.5667 115.295
1 -18.4397 -53.6449 115.315
1 -18.2721 -53.711 115.335
1 -18.1474 -53.7602 115.355
1 -18.0242 -53.8089 115.375
1 -17.902 -53.8574 115.395
1 -17.7562 -53.9154 115.415
1 -17.5722 -53.9889 115.435
1 -17.3654 -54.0717 115.455
1 -17.1451 -54.1602 115.475
1 -16.9166 -54.2523 115.495
1 -16.6834 -54.3466 115.515
1 -16.4475 -54.4424 115.535
1 -16.2579 -54.5195 115.555
1 -16.0722 -54.5953 115.575
1 -15.9369 -54.6506 115.595
1 -15.8317 -54.6936 115.615
1 -15.6967 -54.749 115.635
1 -15.544 -54.8119 115.655
1 -15.3567 -54.8893 115.675
1 -15.1487 -54.9755 115.695
1 -14.9046 -55.077 115.715
1 -14.6628 -55.1779 115.735
1 -14.4225 -55.2785 115.755
1 -14.1832 -55.3791 115.775
1 -13.9682 -55.4696 115.795
1 -13.7918 -55.5442 115.815
1 -13.6621 -55.599 115.835
1 -13.5369 -55.652 115.855
1 -13.4143 -55.7041 115.875
1 -13.2696 -55.7658 115.895
1 -13.1117 -55.8333 115.915
1 -12.9459 -55.9043 115.936
1 -12.7991 -55.9673 115.955
1 -12.6637 -56.0255 115.975
1 -12.5352 -56.0808 115.995
1 -12.4108 -56.1345 116.015
1 -12.289 -56.1872 116.035
1 -12.1687 -56.2393 116.055
1 -12.0493 -56.2911 116.075
1 -11.9541 -56.3325 116.095
1 -11.8498 -56.3778 116.115
1 -11.7872 -56.4051 116.135
1 -11.7261 -56.4317 116.155
1 -11.6894 -56.4477 116.175
1 -11.6674 -56.4573 116.195
1 -11.6307 -56.4733 116.215
1 -11.6086 -56.483 116.235
1 -11.5897 -56.4801 116.255
1 -11.5547 -56.4887 116.275
1 -11.5338 -56.4939 116.295
1 -11.5212 -56.497 116.315
1 -11.4844 -56.5005 116.335
1 -11.4388 -56.513 116.355
1 -11.3586 -56.5325 116.375
1 -11.2634 -56.565 116.395
1 -11.1593 -56.6052 116.415
1 -11.0498 -56.6501 116.435
1 -10.9549 -56.6788 116.455
1 -10.8509 -56.7169 116.475
1 -10.7359 -56.752 116.495
1 -10.6199 -56.794 116.515
1 -10.4977 -56.8315 116.535
1 -10.4009 -56.8645 116.555
1 -10.3194 -56.8948 116.575
1 -10.247 -56.9234 116.595
1 -10.2036 -56.9406 116.615
1 -10.1776 -56.9509 116.635
1 -10.1327 -56.9591 116.655
1 -10.1058 -56.964 116.675
1 -10.0605 -56.9689 116.695
1 -10.0276 -56.9634 116.715
1 -10.0078 -56.9601 116.735
1 -9.96676 -56.9602 116.755
1 -9.8953 -56.9812 116.775
1 -9.84665 -56.9854 116.795
1 -9.81746 -56.988 116.815
1 -9.79995 -56.9895 116.835
1 -9.78944 -56.9904 116.855
1 -9.78314 -56.9909 116.875
1 -9.77936 -56.9913 116.895
1 -9.77709 -56.9915 116.915
1 -9.77573 -56.9916 116.935
1 -9.77491 -56.9916 116.955
1 -9.77442 -56.9917 116.975
1 -9.77412 -56.9917 116.995
1 -9.77395 -56.9917 117.015
1 -9.77384 -56.9917 117.035
1 -9.77378 -56.9917 117.055
1 -9.77374 -56.9917 117.075
1 -9.77372 -56.9917 117.095
1 -9.7737 -56.9917 117.115
1 -9.7737 -56.9917 117.135
1 -9.77369 -56.9917 117.155
1 -9.76792 -56.9833 117.175
1 -9.76445 -56.9782 117.195
1 -9.76238 -56.9752 117.215
1 -9.76113 -56.9734 117.235
1 -9.76038 -56.9723 117.255
1 -9.75993 -56.9716 117.275
1 -9.75966 -56.9712 117.295
1 -9.7595 -56.971 117.315
1 -9.7594 -56.9709 117.335
1 -9.75935 -56.9708 117.355
1 -9.75931 -56.9707 117.375
1 -9.75929 -56.9707 117.395
1 -9.75928 -56.9707 117.415
1 -9.75927 -56.9707 117.435
1 -9.73008 -56.9728 117.455
1 -9.68916 -56.9846 117.475
1 -9.63544 -56.9938 117.495
1 -9.57402 -57.0015 117.515
1 -9.53139 -56.9977 117.535
1 -9.50582 -56.9955 117.555
1 -9.49047 -56.9941 117.575
1 -9.48126 -56.9933 117.595
1 -9.47574 -56.9928 117.615
1 -9.47242 -56.9925 117.635
1 -9.46465 -56.984 117.655
1 -9.4542 -56.9705 117.675
1 -9.33697 -56.8949 117.695
1 -9.14033 -56.7355 117.715
1 -8.84642 -56.4843 117.735
1 -8.45955 -56.1838 117.755
1 -8.06215 -55.8658 117.775
1 -7.70776 -55.5789 117.795
1 -7.46195 -55.3793 117.815
1 -7.31447 -55.2596 117.835
1 -7.22598 -55.1878 117.855
1 -7.16698 -55.1361 117.875
1 -7.10814 -55.116 117.895
1 -7.00256 -55.1368 117.915
1 -6.88648 -55.1627 117.935
1 -6.74663 -55.2112 117.955
1 -6.59258 -55.2733 117.975
1 -6.45342 -55.3326 117.995
1 -6.34657 -55.3792 118.015
1 -6.23576 -55.4293 118.035
1 -6.1226 -55.4814 118.055
1 -6.01477 -55.5102 118.075
1 -5.83692 -55.4953 118.095
1 -5.62367 -55.4298 118.115
1 -5.34905 -55.3318 118.135
1 -4.99146 -55.2039 118.155
1 -4.57731 -55.0833 118.175
1 -4.08905 -54.9657 118.195
1 -3.60226 -54.8611 118.215
1 -3.10382 -54.7809 118.235
1 -2.6553 -54.7308 118.255
1 -2.28289 -54.7091 118.275
1 -1.9499 -54.7294 118.295
1 -1.66379 -54.7634 118.315
1 -1.42286 -54.7855 118.335
1 -1.20896 -54.8338 118.355
1 -1.01132 -54.8979 118.375
1 -0.840452 -54.9512 118.395
1 -0.691787 -55.0067 118.415
1 -0.556467 -55.0635 118.435
1 -0.429179 -55.1211 118.455
1 -0.306732 -55.1791 118.475
1 -0.181084 -55.2291 118.495
1 -0.0596668 -55.2827 118.515
1 0.0423252 -55.3182 118.535
1 0.172503 -55.3749 118.555
1 0.34865 -55.448 118.575
1 0.569076 -55.5512 118.595
1 0.832857 -55.6597 118.615
1 1.19034 -55.7202 118.635
1 1.62102 -55.7399 118.655
1 2.08988 -55.7108 118.675
1 2.6274 -55.6776 118.695
1 3.14921 -55.6557 118.715
1 3.64447 -55.6537 118.735
1 4.06119 -55.6519 118.755
1 4.35106 -55.6507 118.775
1 4.54771 -55.6623 118.795
1 4.68841 -55.6816 118.815
1 4.77283 -55.6932 118.835
1 4.82348 -55.7001 118.855
1 4.86015 -55.696 118.874
1 4.88216 -55.6935 118.894
1 4.91807 -55.7043 118.914
1 4.9913 -55.7273 118.934
1 5.05793 -55.7534 118.954
1 5.12689 -55.7732 118.974
1 5.19094 -55.7974 118.994
1 5.25205 -55.8243 119.014
1 5.31138 -55.8529 119.034
1 5.37594 -55.8742 119.054
1 5.43734 -55.8994 119.074
1 5.52577 -55.9311 119.094
1 5.62411 -55.975 119.114
1 5.72836 -56.0263 119.134
1 5.84245 -56.0738 119.154
1 5.95611 -56.1272 119.174
1 6.09207 -56.1968 119.194
1 6.19622 -56.251 119.214
1 6.25871 -56.2835 119.234
1 6.31877 -56.3156 119.254
1 6.38369 -56.3391 119.274
1 6.45153 -56.3577 119.294
1 6.51479 -56.3813 119.314
1 6.59783 -56.4206 119.334
1 6.69272 -56.4693 119.354
1 6.79469 -56.5236 119.374
1 6.90089 -56.5814 119.394
1 7.0096 -56.6412 119.414
1 7.14861 -56.7068 119.434
1 7.25449 -56.7588 119.454
1 7.31802 -56.79 119.474
1 7.3786 -56.8214 119.494
1 7.45011 -56.8367 119.514
1 7.55063 -56.8551 119.534
1 7.69098 -56.8882 119.554
1 7.82005 -56.9334 119.574
1 7.94231 -56.986 119.594
1 8.08286 -57.0557 119.614
1 8.23433 -57.1357 119.634
1 8.36994 -57.2091 119.654
1 8.48004 -57.2581 119.674
1 8.5461 -57.2874 119.694
1 8.60809 -57.3178 119.714
1 8.67401 -57.3409 119.734
1 8.71357 -57.3547 119.754
1 8.7373 -57.3631 119.774
1 8.79621 -57.3936 119.794
1 8.8826 -57.4296 119.814
1 8.96314 -57.4562 119.834
1 9.04658 -57.4692 119.854
1 9.11584 -57.4536 119.874
1 9.19893 -57.4336 119.894
1 9.29034 -57.4112 119.914
1 9.35801 -57.3822 119.934
1 9.47399 -57.3084 119.954
1 9.70103 -57.1435 119.974
1 10.0427 -56.8845 119.994
1 10.5016 -56.5295 120.014
1 11.0733 -56.0854 120.034
1 11.6833 -55.616 120.054
1 12.2338 -55.1954 120.074
1 12.7119 -54.8615 120.094
1 13.0388 -54.6628 120.114
1 13.2797 -54.5706 120.134
1 13.4689 -54.5425 120.154
1 13.6048 -54.5392 120.174
1 13.731 -54.5644 120.194
1 13.8514 -54.6067 120.214
1 13.9682 -54.6592 120.234
1 14.0829 -54.718 120.254
1 14.1807 -54.7591 120.274
1 14.2905 -54.8034 120.294
1 14.3854 -54.8358 120.314
1 14.4712 -54.8612 120.334
1 14.5582 -54.8748 120.354
1 14.6394 -54.8889 120.374
1 14.7459 -54.9095 120.394
1 14.8609 -54.9416 120.414
1 15.0033 -54.9945 120.434
1 15.1553 -55.0674 120.454
1 15.3265 -55.1374 120.474
1 15.4802 -55.1994 120.494
1 15.6456 -55.2705 120.514
1 15.7892 -55.3408 120.534
1 15.9041 -55.3894 120.554
1 16.0173 -55.4462 120.574
1 16.1516 -55.5218 120.594
1 16.2831 -55.5875 120.614
1 16.4062 -55.6547 120.634
1 16.5021 -55.7089 120.654
1 16.6038 -55.7692 120.674
1 16.731 -55.8472 120.694
1 16.8514 -55.9218 120.714
1 17.0117 -56.0223 120.734
1 17.1739 -56.1245 120.754
1 17.3372 -56.2277 120.774
1 17.523 -56.3456 120.794
1 17.7222 -56.4724 120.814
1 17.9294 -56.6046 120.834
1 18.1412 -56.7401 120.854
1 18.3558 -56.8776 120.874
1 18.5282 -56.9883 120.894
1 18.7939 -57.0911 120.914
1 19.212 -57.1837 120.934
1 19.7216 -57.2713 120.954
1 20.2385 -57.3027 120.974
1 20.7205 -57.2977 120.994
1 21.1244 -57.2791 121.014
1 21.4495 -57.3002 121.034
1 21.6662 -57.3273 121.054
1 21.8395 -57.3724 121.074
1 21.9867 -57.4284 121.094
1 22.1183 -57.4909 121.114
1 22.2688 -57.5647 121.135
1 22.4024 -57.6379 121.154
1 22.5687 -57.7398 121.174
1 22.7547 -57.8591 121.195
1 22.9377 -57.9671 121.214
1 23.112 -58.0756 121.235
1 23.2595 -58.1699 121.256
1 23.3696 -58.241 121.275
1 23.4356 -58.2837 121.294
1 23.482 -58.3022 121.314
1 23.5314 -58.3279 121.334
1 23.6039 -58.3725 121.354
1 23.6689 -58.4139 121.374
1 23.7576 -58.4609 121.394
1 23.8751 -58.5329 121.414
1 23.9954 -58.5984 121.434
1 24.1317 -58.6816 121.454
1 24.2562 -58.7609 121.474
1 24.3951 -58.8525 121.494
1 24.5424 -58.9514 121.514
1 24.6735 -59.0402 121.534
1 24.8016 -59.116 121.554
1 24.9212 -59.1909 121.574
1 25.0142 -59.2505 121.594
1 25.0913 -59.301 121.614
1 25.1375 -59.3313 121.634
1 25.1653 -59.3495 121.654
1 25.1819 -59.3604 121.674
1 25.1919 -59.367 121.694
1 25.2371 -59.3749 121.714
1 25.3604 -59.3194 121.734
1 25.5486 -59.2151 121.754
1 25.776 -59.0819 121.774
1 26.0662 -58.9357 121.794
1 26.3481 -58.7847 121.814
1 26.6322 -58.624 121.834
1 26.9107 -58.4647 121.854
1 27.175 -58.3098 121.874
1 27.4129 -58.1681 121.894
1 27.6098 -58.0519 121.914
1 27.7822 -57.951 121.934
1 27.9288 -57.8626 121.954
1 28.06 -57.7818 121.974
1 28.1388 -57.7333 121.994
1 28.193 -57.6971 122.014
1 28.2256 -57.6754 122.035
1 28.2521 -57.6553 122.054
1 28.2681 -57.6433 122.074
1 28.2847 -57.629 122.094
1 28.2946 -57.6204 122.114
1 28.3076 -57.6082 122.134
1 28.3154 -57.6009 122.154
1 28.3201 -57.5965 122.174
1 28.3229 -57.5939 122.194
1 28.3246 -57.5923 122.214
1 28.3256 -57.5914 122.234
1 28.3262 -57.5908 122.254
1 28.3266 -57.5904 122.274
1 28.3268 -57.5902 122.294
1 28.3269 -57.5901 122.314
1 28.334 -57.583 122.334
1 28.3383 -57.5787 122.354
1 28.3479 -57.5692 122.374
1 28.3962 -57.5938 122.394
1 28.4535 -57.6168 122.414
1 28.4879 -57.6306 122.434
1 28.5085 -57.6389 122.454
1 28.528 -57.6368 122.474
1 28.5396 -57.6356 122.494
1 28.5679 -57.6501 122.514
1 28.5919 -57.6518 122.534
1 28.6063 -57.6528 122.554
1 28.6219 -57.6465 122.574
1 28.6313 -57.6426 122.594
1 28.637 -57.6403 122.614
1 28.6474 -57.632 122.634
1 28.7032 -57.6505 122.654
1 28.7367 -57.6616 122.674
1 28.7639 -57.6614 122.694
1 28.7802 -57.6612 122.714
1 28.7899 -57.6611 122.734
1 28.7958 -57.661 122.754
1 28.8064 -57.6541 122.774
1 28.8127 -57.6499 122.794
1 28.8306 -57.6335 122.814
1 28.8484 -57.6168 122.834
1 28.8873 -57.6151 122.854
1 28.939 -57.6226 122.874
1 28.9701 -57.627 122.894
1 28.9957 -57.6228 122.914
1 29.0607 -57.644 122.934
1 29.1633 -57.6669 122.954
1 29.2956 -57.7198 122.974
1 29.4175 -57.7823 122.994
1 29.533 -57.8506 123.014
1 29.6234 -57.9069 123.034
1 29.6989 -57.9561 123.054
1 29.8239 -57.9375 123.074
1 30.0474 -57.8697 123.094
1 30.3708 -57.7198 123.114
1 30.7728 -57.511 123.134
1 31.2875 -57.2563 123.154
1 31.8338 -56.995 123.174
1 32.3739 -56.7475 123.194
1 32.9062 -56.5417 123.214
1 33.4651 -56.3964 123.234
1 33.9563 -56.3085 123.254
1 34.3534 -56.226 123.274
1 34.6709 -56.1892 123.294
1 34.8825 -56.1832 123.314
1 35.0378 -56.1887 123.334
1 35.1309 -56.1921 123.354
1 35.1941 -56.1871 123.374
1 35.2603 -56.1932 123.394
1 35.3001 -56.1969 123.414
1 35.3239 -56.1991 123.434
1 35.3455 -56.1935 123.454
1 35.3584 -56.1901 123.474
1 35.3734 -56.1811 123.494
1 35.4035 -56.1919 123.514
1 35.4215 -56.1983 123.534
1 35.4818 -56.2275 123.554
1 35.581 -56.2935 123.574
1 35.6826 -56.3654 123.594
1 35.7856 -56.4408 123.614
1 35.8684 -56.5023 123.634
1 35.9673 -56.5647 123.654
1 36.0549 -56.6114 123.674
1 36.1285 -56.6557 123.694
1 36.1936 -56.6984 123.714
1 36.2536 -56.7403 123.734
1 36.3106 -56.7816 123.754
1 36.373 -56.8158 123.774
1 36.4314 -56.8526 123.794
1 36.4874 -56.8908 123.814
1 36.5628 -56.9463 123.834
1 36.6572 -57.0052 123.854
1 36.7556 -57.0731 123.874
1 36.8638 -57.1397 123.894
1 36.9777 -57.2054 123.914
1 37.1087 -57.2937 123.934
1 37.2498 -57.3956 123.954
1 37.4043 -57.499 123.974
1 37.5802 -57.6264 123.994
1 37.7273 -57.7356 124.014
1 37.8363 -57.8174 124.034
1 37.9017 -57.8665 124.054
1 37.941 -57.896 124.074
1 37.9645 -57.9136 124.094
1 37.9787 -57.9242 124.114
1 37.9872 -57.9306 124.134
1 37.9922 -57.9344 124.154
0 37.9999 -57.9402 125.834
0 37.9999 -57.9402 125.854
0 37.9999 -57.9402 125.874
0 37.9999 -57.9402 125.894
0 37.9999 -57.9402 125.914
0 37.9999 -57.9402 125.934
0 37.9999 -57.9402 125.954
0 37.9999 -57.9402 125.974
0 37.9999 -57.9402 125.994
0 37.9999 -57.9402 126.014
0 37.9999 -57.9402 126.034
0 37.9999 -57.9402 126.054
0 38.0072 -57.9335 126.075
0 38.0116 -57.9296 126.094
0 38.0215 -57.9206 126.114
0 38.0067 -57.8988 126.134
0 38.0051 -57.8791 126.154
0 37.9907 -57.8443 126.174
0 37.9686 -57.8005 126.194
0 37.9418 -57.7512 126.214
0 37.8633 -57.6725 126.234
0 37.8027 -57.6024 126.254
0 37.7393 -57.5143 126.274
0 37.6616 -57.3564 126.294
0 37.6185 -57.0687 126.314
0 37.6953 -56.5859 126.334
0 37.8747 -55.8868 126.354
0 38.1253 -55.0264 126.374
0 38.4659 -54.1043 126.394
0 38.8109 -53.2031 126.414
0 39.1748 -52.4509 126.434
0 39.4425 -51.8764 126.454
0 39.6359 -51.445 126.474
0 39.7818 -51.1598 126.494
0 39.8992 -50.9626 126.514
0 39.9921 -50.8248 126.534
0 40.0478 -50.7421 126.554
0 40.0812 -50.6925 126.574
0 40.0799 -50.6455 126.594
0 40.0578 -50.6001 126.614
0 40.0092 -50.532 126.634
0 39.9234 -50.433 126.654
0 39.8076 -50.3221 126.674
0 39.6599 -50.1803 126.694
0 39.4928 -50.02 126.714
0 39.3141 -49.8487 126.734
0 39.1713 -49.7051 126.754
0 39.05 -49.5781 126.774
0 38.9631 -49.4781 126.794
0 38.911 -49.4182 126.814
0 38.8872 -49.3756 126.834
0 38.8729 -49.3501 126.854
0 38.8644 -49.3348 126.874
0 38.8592 -49.3256 126.895
0 38.8561 -49.3201 126.914
0 38.8543 -49.3168 126.934
0 38.8532 -49.3148 126.954
0 38.8525 -49.3136 126.974
0 38.8521 -49.3129 126.994
0 38.8635 -49.3013 127.374
0 38.8661 -49.299 127.394
0 38.8677 -49.2976 127.414
0 38.8687 -49.2967 127.434
0 38.8693 -49.2962 127.454
0 38.8696 -49.2959 127.474
0 38.8699 -49.2957 127.494
0 38.87 -49.2956 127.514
0 38.8701 -49.2955 127.534
0 38.8776 -49.289 127.554
0 38.8605 -49.2679 127.574
0 38.8503 -49.2552 127.594
0 38.7869 -49.1896 127.614
0 38.6916 -49.0923 127.634
0 38.548 -48.9654 127.654
0 38.397 -48.8379 127.674
0 38.2489 -48.7036 127.694
0 38.1167 -48.5888 127.714
0 37.994 -48.4857 127.734
0 37.8553 -48.3727 127.754
0 37.7144 -48.2471 127.774
0 37.5864 -48.1376 127.794
0 37.43 -47.9971 127.814
0 37.249 -47.8447 127.834
0 37.0825 -47.6955 127.854
0 36.8953 -47.538 127.874
0 36.6811 -47.3519 127.894
0 36.4506 -47.1486 127.914
0 36.21 -46.9352 127.934
0 35.9779 -46.7394 127.954
0 35.7581 -46.5475 127.974
0 35.5382 -46.3648 127.994
0 35.3035 -46.164 128.014
0 35.0818 -45.9692 128.034
0 34.8678 -45.7781 128.054
0 34.6731 -45.6129 128.074
0 34.5341 -45.497 128.094
0 34.4507 -45.4274 128.114
0 34.4007 -45.3857 128.134
0 34.3781 -45.3538 128.154
0 34.3645 -45.3346 128.174
0 34.3564 -45.3231 128.194
0 34.3293 -45.2994 128.214
0 34.3131 -45.2852 128.234
0 34.2812 -45.2598 128.254
0 34.24 -45.2278 128.274
0 34.193 -45.1918 128.294
0 34.1501 -45.1464 128.314
0 34.1244 -45.1192 128.334
0 34.0867 -45.0861 128.354
0 34.0198 -45.0326 128.374
0 33.9574 -44.9838 128.394
0 33.8756 -44.9209 128.414
0 33.8043 -44.8664 128.434
0 33.7393 -44.817 128.454
0 33.6781 -44.7705 128.474
0 33.6043 -44.7022 128.494
0 33.576 -44.6229 128.514
0 33.5794 -44.5027 128.534
0 33.5753 -44.3756 128.554
0 33.5474 -44.255 128.574
0 33.5275 -44.1552 128.594
0 33.471 -44.0618 128.614
0 33.4371 -44.0057 128.634
0 33.4168 -43.972 128.654
0 33.4046 -43.9519 128.674
0 33.3972 -43.9397 128.694
0 33.3705 -43.9157 128.714
0 33.2875 -43.851 128.734
0 33.1483 -43.7453 128.754
0 32.9977 -43.6317 128.774
0 32.8625 -43.5301 128.794
0 32.759 -43.4524 128.814
0 32.6745 -43.3891 128.834
0 32.579 -43.3178 128.854
0 32.4992 -43.2583 128.874
0 32.4363 -43.1988 128.894
0 32.3986 -43.1631 128.914
0 32.3759 -43.1416 128.934
0 32.3624 -43.1288 128.954
0 32.3616 -43.1139 128.974
0 32.3387 -43.0883 128.994
0 32.3025 -43.0563 129.014
0 32.2584 -43.0204 129.034
0 32.1943 -42.9584 129.054
0 32.1109 -42.8878 129.074
0 32.0159 -42.8122 129.094
0 31.8988 -42.7098 129.114
0 31.7834 -42.615 129.134
0 31.6765 -42.5177 129.154
0 31.5673 -42.4261 129.174
0 31.4792 -42.3546 129.194
0 31.4037 -42.2951 129.214
0 31.3585 -42.2593 129.234
0 31.3313 -42.2379 129.254
0 31.2998 -42.2012 129.274
0 31.2809 -42.1792 129.294
0 31.247 -42.1494 129.314
0 31.2266 -42.1315 129.334
0 31.1918 -42.1042 129.354
0 31.1783 -42.0806 129.374
0 31.1776 -42.0592 129.394
0 31.1846 -42.0392 129.414
0 31.1887 -42.0271 129.435
0 31.1912 -42.0199 129.454
0 31.2001 -42.0084 129.474
0 31.2054 -42.0015 129.494
0 31.2086 -41.9973 129.514
0 31.2106 -41.9948 129.534
0 31.2117 -41.9933 129.554
0 31.2124 -41.9924 129.574
0 31.2128 -41.9919 129.594
0 31.2131 -41.9916 129.614
0 31.2132 -41.9914 129.634
0 31.2133 -41.9913 129.654
0 31.2134 -41.9912 129.674
0 31.2134 -41.9911 129.694
0 31.2134 -41.9911 129.714
0 31.2134 -41.9911 129.734
0 31.2134 -41.9911 129.754
0 31.2134 -41.9911 129.774
0 31.1682 -41.9579 129.794
0 31.1185 -41.9214 129.814
0 31.096 -41.8922 129.834
0 31.0825 -41.8748 129.854
0 31.0518 -41.8477 129.874
0 31.0334 -41.8314 129.894
0 31.0297 -41.8145 129.914
0 31.0123 -41.7805 129.934
0 30.9639 -41.7197 129.954
0 30.927 -41.6523 129.974
0 30.8743 -41.5643 129.995
0 30.8347 -41.4805 130.014
0 30.7651 -41.3589 130.034
0 30.6773 -41.2147 130.054
0 30.5485 -41.0475 130.074
0 30.4177 -40.8831 130.094
0 30.301 -40.7441 130.114
0 30.1928 -40.6204 130.134
0 30.0896 -40.5059 130.154
0 29.9821 -40.404 130.174
0 29.8564 -40.286 130.194
0 29.7656 -40.1915 130.214
0 29.711 -40.1348 130.234
0 29.6555 -40.0843 130.254
0 29.6221 -40.0539 130.274
0 29.5866 -40.012 130.294
0 29.5653 -39.9869 130.314
0 29.5297 -39.9552 130.334
0 29.4928 -39.9125 130.354
0 29.4478 -39.8704 130.374
0 29.3979 -39.8285 130.394
0 29.2992 -39.7539 130.414
0 29.1786 -39.6523 130.434
0 29.0374 -39.5419 130.454
0 28.9215 -39.4283 130.474
0 28.8133 -39.3199 130.494
0 28.7098 -39.2147 130.514
0 28.6513 -39.1163 130.534
0 28.6235 -38.9867 130.555
0 28.6222 -38.8059 130.575
0 28.6442 -38.587 130.594
0 28.6764 -38.3172 130.614
0 28.6919 -38.0636 130.634
0 28.7166 -37.8081 130.654
0 28.6923 -37.5507 130.674
0 28.6776 -37.3326 130.694
0 28.626 -37.133 130.714
0 28.556 -36.9727 130.734
0 28.4676 -36.8434 130.754
0 28.3755 -36.7253 130.774
0 28.2737 -36.6214 130.794
0 28.2127 -36.559 130.814
0 28.176 -36.5216 130.834
0 28.1541 -36.4991 130.854
0 28.1018 -36.4452 130.874
0 28.0079 -36.3558 130.894
0 27.9358 -36.2782 130.914
0 27.8998 -36.2243 130.934
0 27.8857 -36.1846 130.954
0 27.8772 -36.1607 130.974
0 27.8721 -36.1464 130.994
0 27.8691 -36.1378 131.014
0 27.8672 -36.1327 131.034
0 27.8661 -36.1296 131.054
0 28.7351 -35.2858 131.814
0 28.8101 -35.2159 131.834
0 28.8776 -35.1535 131.854
0 28.9478 -35.0889 131.874
0 28.989 -35.0129 131.894
0 29.0212 -34.9606 131.914
0 29.0088 -34.882 131.934
0 28.9536 -34.7639 131.954
0 28.8567 -34.5987 131.974
0 28.7422 -34.3985 131.994
0 28.6095 -34.1841 132.014
0 28.4659 -33.9613 132.034
0 28.3316 -33.7571 132.054
0 28.2189 -33.5875 132.074
0 28.1191 -33.4387 132.094
0 28.0431 -33.326 132.114
0 27.9976 -33.2583 132.134
0 27.9467 -33.2008 132.154
0 27.9161 -33.1663 132.174
0 27.8978 -33.1457 132.194
0 27.8868 -33.1332 132.214
0 27.8802 -33.1258 132.234
0 27.8762 -33.1213 132.254
0 27.8503 -33.1017 132.274
0 27.8112 -33.0731 132.294
0 27.7405 -33.0222 132.314
0 27.6745 -32.9748 132.334
0 27.6113 -32.9295 132.354
0 27.5498 -32.8855 132.374
0 27.3611 -32.8106 132.954
0 27.3611 -32.8106 132.974
0 27.3686 -32.8039 132.994
0 27.373 -32.7999 133.014
0 27.3757 -32.7975 133.034
0 27.3773 -32.7961 133.054
0 27.3783 -32.7952 133.074
0 27.3627 -32.7712 133.094
0 27.3609 -32.7502 133.114
0 27.351 -32.7074 133.134
0 27.3526 -32.6751 133.154
0 27.3374 -32.6323 133.174
0 27.2884 -32.5663 133.194
0 27.2341 -32.4732 133.214
0 27.1367 -32.3236 133.234
0 26.9821 -32.1299 133.254
0 26.8255 -31.9567 133.274
0 26.6752 -31.7891 133.294
0 26.5212 -31.6316 133.314
0 26.3886 -31.4969 133.334
0 26.2614 -31.3825 133.354
0 26.1687 -31.2905 133.374
0 26.1206 -31.2287 133.394
0 26.0678 -31.1749 133.414
0 26.0198 -31.1192 133.434
0 25.9433 -31.0523 133.454
0 25.8497 -30.9786 133.474
0 25.7293 -30.8775 133.494
0 25.5614 -30.75 133.514
0 25.3724 -30.6 133.534
0 25.1871 -30.4599 133.554
0 25.0115 -30.3192 133.574
0 24.8581 -30.2015 133.594
0 24.7255 -30.0909 133.614
0 24.6219 -30.0079 133.634
0 24.5597 -29.9581 133.654
0 24.4984 -29.9116 133.674
0 24.4616 -29.8836 133.694
0 24.4395 -29.8669 133.714
0 24.4263 -29.8568 133.734
0 24.4183 -29.8508 133.754
0 24.4136 -29.8472 133.774
0 24.4454 -29.7894 133.795
0 24.51 -29.627 133.814
0 24.641 -29.3693 133.834
0 24.8589 -29.0219 133.854
0 25.1295 -28.6209 133.874
0 25.4197 -28.1939 133.894
0 25.6947 -27.7709 133.915
0 25.9136 -27.3829 133.935
0 26.0561 -27.078 133.954
0 26.2087 -26.85 133.974
0 26.3035 -26.6764 133.994
0 26.3878 -26.5526 134.014
0 26.4534 -26.4643 134.034
0 26.4762 -26.3873 134.054
0 26.4898 -26.3411 134.074
0 26.498 -26.3134 134.094
0 26.4787 -26.2797 134.114
0 26.4747 -26.2526 134.134
0 26.4798 -26.2293 134.154
0 26.4829 -26.2153 134.174
0 26.4605 -26.1899 134.194
0 26.4471 -26.1747 134.214
0 26.439 -26.1655 134.234
0 26.4342 -26.16 134.254
0 26.4313 -26.1567 134.274
0 26.4295 -26.1548 134.294
0 26.4285 -26.1536 134.314
0 26.4279 -26.1529 134.334
0 26.4275 -26.1524 134.355
0 26.4273 -26.1522 134.374
0 26.4029 -26.135 134.394
0 26.3398 -26.0907 134.414
0 26.2776 -26.0472 134.434
0 26.2161 -26.004 134.454
0 26.1549 -25.9612 134.474
0 26.1257 -25.9285 134.494
0 26.0839 -25.8919 134.514
0 26.0421 -25.8459 134.534
0 26.0246 -25.8113 134.554
0 26.0216 -25.7836 134.574
0 26.0031 -25.743 134.594
0 25.992 -25.7187 134.614
0 25.961 -25.6871 134.634
0 25.9181 -25.6511 134.654
0 25.8681 -25.6126 134.674
0 25.7894 -25.5556 134.694
0 25.701 -25.4805 134.714
0 25.6069 -25.3945 134.735
0 25.5016 -25.3091 134.754
0 25.3972 -25.217 134.774
0 25.269 -25.104 134.794
0 25.1432 -25.0024 134.814
0 25.0188 -24.9077 134.834
0 24.8953 -24.8171 134.855
0 24.7997 -24.709 134.874
0 24.7806 -24.5513 134.894
0 24.8149 -24.3568 134.914
0 24.8493 -24.1304 134.934
0 24.9083 -23.9016 134.954
0 25.0066 -23.6885 134.974
0 25.0641 -23.4936 134.995
0 25.1216 -23.3267 135.014
0 25.1391 -23.2024 135.034
0 25.1496 -23.1278 135.054
0 25.1635 -23.0759 135.074
0 25.1718 -23.0447 135.094
0 25.1598 -23.0019 135.114
0 25.1602 -22.9691 135.135
0 25.1604 -22.9494 135.154
0 25.1606 -22.9376 135.174
0 25.1607 -22.9305 135.195
0 25.1607 -22.9262 135.214
0 25.1607 -22.9237 135.234
0 25.1608 -22.9221 135.254
0 25.1608 -22.9212 135.275
1 25.1608 -22.9198 136.074
1 25.1608 -22.9198 136.094
1 25.1608 -22.9198 136.114
1 25.1608 -22.9198 136.134
1 25.1608 -22.9198 136.155
1 25.1608 -22.9198 136.174
1 25.1608 -22.9198 136.194
1 25.1608 -22.9198 136.215
1 25.1608 -22.9198 136.234
1 25.1608 -22.9198 136.254
1 25.1684 -22.9127 136.274
1 25.1729 -22.9084 136.294
1 25.1832 -22.8987 136.314
1 25.1894 -22.8929 136.334
1 25.1932 -22.8894 136.354
1 25.1954 -22.8873 136.374
1 25.1967 -22.8861 136.393
1 25.2051 -22.8782 136.413
1 25.2347 -22.8905 136.433
1 25.2601 -22.8907 136.453
1 25.3075 -22.9009 136.473
1 25.3604 -22.9239 136.493
1 25.4413 -22.9719 136.513
1 25.539 -23.0347 136.533
1 25.6221 -23.0895 136.553
1 25.7286 -23.1495 136.573
1 25.8001 -23.1785 136.593
1 25.8675 -23.213 136.613
1 25.94 -23.2438 136.634
1 26.008 -23.2794 136.653
1 26.0733 -23.3178 136.673
1 26.137 -23.3581 136.693
1 26.1997 -23.3993 136.714
1 26.2449 -23.4171 136.733
1 26.3041 -23.438 136.753
1 26.3472 -23.4436 136.773
1 26.3976 -23.4641 136.793
1 26.4598 -23.4867 136.813
1 26.4972 -23.5002 136.833
1 26.5196 -23.5083 136.854
1 26.5531 -23.5003 136.873
1 26.6008 -23.4757 136.893
1 26.6847 -23.4213 136.914
1 26.8029 -23.3431 136.933
1 26.9492 -23.2439 136.953
1 27.1249 -23.126 136.973
1 27.3108 -23.0041 136.993
1 27.4902 -22.8856 137.013
1 27.6382 -22.789 137.033
1 27.7748 -22.6986 137.053
1 27.8923 -22.6178 137.073
1 28.0385 -22.5172 137.093
1 28.2299 -22.3852 137.113
1 28.4652 -22.2589 137.133
1 28.6747 -22.1382 137.154
1 28.8813 -22.0152 137.173
1 29.0736 -21.8966 137.193
1 29.2497 -21.7876 137.213
1 29.4281 -21.7078 137.234
1 29.6 -21.6525 137.253
1 29.7235 -21.6067 137.273
1 29.7976 -21.5793 137.293
1 29.8742 -21.5735 137.313
1 29.9445 -21.5878 137.333
1 30.0356 -21.6318 137.353
1 30.1426 -21.6565 137.373
1 30.2515 -21.6765 137.393
1 30.4139 -21.6923 137.413
1 30.556 -21.707 137.433
1 30.7104 -21.739 137.453
1 30.9126 -21.7567 137.473
1 31.0989 -21.7604 137.494
1 31.2757 -21.7558 137.513
1 31.4544 -21.7393 137.533
1 31.6141 -21.7282 137.554
1 31.7342 -21.7394 137.573
1 31.8509 -21.7518 137.593
1 31.9937 -21.7458 137.614
1 32.1201 -21.7177 137.633
1 32.1959 -21.7008 137.653
1 32.2414 -21.6906 137.674
1 32.2687 -21.6846 137.694
1 32.2851 -21.6809 137.713
1 32.2949 -21.6787 137.734
1 32.3251 -21.6954 137.753
1 32.3432 -21.7054 137.773
1 32.3541 -21.7114 137.795
1 32.3606 -21.715 137.814
1 32.3645 -21.7172 137.833
1 32.4076 -21.694 137.853
1 32.4538 -21.6679 137.873
1 32.53 -21.6209 137.893
1 32.5962 -21.5805 137.913
1 32.6766 -21.5318 137.933
1 32.7453 -21.4905 137.953
1 32.8146 -21.4466 137.973
1 32.8971 -21.3959 137.994
1 32.9669 -21.3534 138.013
1 33.0166 -21.3209 138.033
1 33.0464 -21.3015 138.054
1 33.0643 -21.2898 138.073
1 33.0828 -21.2759 138.094
1 33.0938 -21.2675 138.113
1 33.1005 -21.2625 138.133
1 33.1122 -21.2526 138.153
1 33.1193 -21.2467 138.173
1 33.1313 -21.2363 138.193
1 33.1628 -21.2481 138.213
1 33.2137 -21.2665 138.233
1 33.2763 -21.2888 138.253
1 33.3381 -21.3204 138.273
1 33.4315 -21.3688 138.293
1 33.536 -21.4342 138.314
1 33.6229 -21.4917 138.333
1 33.7236 -21.5625 138.353
1 33.8324 -21.6414 138.374
1 33.946 -21.7253 138.393
1 34.0462 -21.787 138.413
1 34.1382 -21.8356 138.433
1 34.2381 -21.8709 138.453
1 34.363 -21.8863 138.473
1 34.5557 -21.822 138.493
1 34.7814 -21.7167 138.514
1 35.0549 -21.6358 138.533
1 35.3083 -21.6003 138.553
1 35.5164 -21.6091 138.575
1 35.6412 -21.6145 138.594
1 35.7402 -21.6361 138.613
1 35.7996 -21.6491 138.633
1 35.8353 -21.6569 138.654
1 35.8644 -21.6549 138.673
1 35.882 -21.6536 138.693
1 35.9003 -21.6462 138.714
1 35.9431 -21.6536 138.733
1 35.9972 -21.6394 138.753
1 36.0537 -21.6494 138.774
1 36.1364 -21.625 138.793
1 36.2349 -21.58 138.813
1 36.3634 -21.5108 138.834
1 36.5213 -21.4509 138.853
1 36.7302 -21.3797 138.874
1 36.9775 -21.2953 138.893
1 37.1912 -21.2399 138.913
1 37.364 -21.2137 138.933
1 37.557 -21.212 138.953
1 37.7175 -21.2181 138.974
1 37.8868 -21.2106 138.993
1 38.0375 -21.1761 139.014
1 38.2089 -21.1378 139.033
1 38.3848 -21.1038 139.054
1 38.5591 -21.1095 139.073
1 38.7082 -21.1203 139.093
1 38.8391 -21.1036 139.113
1 38.97 -21.0944 139.134
1 39.1011 -21.0897 139.154
1 39.2244 -21.0943 139.173
1 39.3269 -21.079 139.195
1 39.4091 -21.0583 139.215
1 39.4662 -21.0392 139.234
1 39.5324 -21.0402 139.254
1 39.596 -21.0598 139.275
1 39.6581 -21.0906 139.293
1 39.7433 -21.1471 139.313
1 39.8915 -21.1895 139.333
1 40.0457 -21.2112 139.353
1 40.2114 -21.214 139.374
1 40.3761 -21.212 139.393
1 40.5481 -21.2006 139.414
1 40.7406 -21.2094 139.434
1 40.9006 -21.2225 139.454
1 41.0205 -21.2496 139.474
1 41.1003 -21.2593 139.494
1 41.1721 -21.2843 139.513
1 41.239 -21.3185 139.533
1 41.3029 -21.3583 139.553
1 41.3731 -21.3948 139.573
1 41.4597 -21.4247 139.594
1 41.5324 -21.4314 139.613
1 41.6206 -21.4434 139.634
1 41.718 -21.4586 139.654
1 41.8686 -21.5143 139.674
1 42.0511 -21.5944 139.694
1 42.2288 -21.67 139.714
1 42.4037 -21.7429 139.734
1 42.5946 -21.7727 139.753
1 42.8061 -21.8007 139.774
1 43.0011 -21.8453 139.794
1 43.1626 -21.8804 139.814
1 43.304 -21.9099 139.834
1 43.4095 -21.9166 139.854
1 43.5016 -21.9032 139.874
1 43.6092 -21.8972 139.894
1 43.6896 -21.8808 139.913
1 43.811 -21.8621 139.934
1 43.9649 -21.8357 139.953
1 44.1276 -21.7807 139.973
1 44.2906 -21.7454 139.993
1 44.4852 -21.7352 140.013
1 44.6673 -21.727 140.034
1 44.8655 -21.7397 140.053
1 45.0785 -21.7282 140.074
1 45.3004 -21.7023 140.093
1 45.4989 -21.685 140.113
1 45.7358 -21.6755 140.134
1 45.9877 -21.6774 140.154
1 46.2042 -21.6771 140.173
1 46.431 -21.6889 140.193
1 46.6324 -21.6947 140.213
1 46.8266 -21.6906 140.233
1 47.0058 -21.6564 140.253
1 47.1553 -21.6148 140.273
1 47.3183 -21.5824 140.294
1 47.534 -21.5651 140.314
1 47.7368 -21.5474 140.334
1 47.9973 -21.5289 140.354
1 48.2769 -21.4836 140.374
1 48.5312 -21.4455 140.393
1 48.8251 -21.4458 140.413
1 49.1324 -21.4454 140.433
1 49.4267 -21.4549 140.453
1 49.6898 -21.4503 140.474
1 49.9843 -21.4108 140.494
1 50.2613 -21.3339 140.513
1 50.5222 -21.2716 140.534
1 50.7967 -21.2385 140.554
1 51.0692 -21.1991 140.573
1 51.3486 -21.1497 140.594
1 51.5796 -21.0903 140.614
1 51.7838 -21.0554 140.634
1 51.98 -21.0288 140.654
1 52.1422 -21.0236 140.674
1 52.3051 -21.0214 140.694
1 52.4321 -21.0039 140.714
1 52.5586 -20.9673 140.734
1 52.7002 -20.9465 140.754
1 52.8355 -20.908 140.774
1 52.9693 -20.8895 140.794
1 53.1384 -20.9003 140.814
1 53.2844 -20.9177 140.834
1 53.4224 -20.9024 140.854
1 53.5052 -20.8933 140.874
1 53.5549 -20.8878 140.894
1 53.6079 -20.9052 140.914
1 53.661 -20.906 140.934
1 53.6928 -20.9065 140.954
1 53.7432 -20.9211 140.973
1 53.7946 -20.9203 140.994
1 53.878 -20.9245 141.014
1 53.9512 -20.9479 141.034
1 54.0396 -20.973 141.053
1 54.0926 -20.9881 141.074
1 54.1537 -20.9812 141.094
1 54.2136 -20.9979 141.114
1 54.3171 -21.04 141.134
1 54.4336 -21.1006 141.154
1 54.5479 -21.1483 141.174
1 54.6396 -21.1977 141.194
1 54.7471 -21.2325 141.214
1 54.8116 -21.2533 141.234
1 54.9046 -21.3013 141.254
1 54.9835 -21.3511 141.274
1 55.054 -21.4018 141.294
1 55.1176 -21.4228 141.314
1 55.185 -21.4195 141.334
1 55.2698 -21.4291 141.354
1 55.3437 -21.4557 141.374
1 55.4405 -21.477 141.394
1 55.5429 -21.5012 141.414
1 55.6256 -21.5063 141.434
1 55.6965 -21.4999 141.454
1 55.7683 -21.4804 141.474
1 55.8114 -21.4686 141.494
1 55.8816 -21.4732 141.514
1 55.9468 -21.497 141.534
1 56.0302 -21.5229 141.554
1 56.0883 -21.5322 141.574
1 56.1232 -21.5377 141.594
1 56.1654 -21.5317 141.614
1 56.235 -21.5397 141.634
1 56.2768 -21.5446 141.654
1 56.3232 -21.5381 141.674
1 56.3953 -21.5459 141.694
1 56.4616 -21.5717 141.714
1 56.5014 -21.5872 141.734
1 56.5483 -21.6175 141.754
1 56.5977 -21.6264 141.774
1 56.6486 -21.6224 141.794
1 56.7004 -21.6107 141.814
1 56.7839 -21.6093 141.834
1 56.9226 -21.6321 141.854
1 57.0731 -21.6789 141.874
1 57.2289 -21.7097 141.894
1 57.4093 -21.7218 141.914
1 57.5831 -21.7319 141.934
1 57.7546 -21.7713 141.954
1 57.946 -21.8193 141.974
1 58.1051 -21.8602 141.994
1 58.2448 -21.897 142.014
1 58.3712 -21.901 142.034
1 58.5127 -21.9066 142.054
1 58.6418 -21.9223 142.074
1 58.7502 -21.9468 142.094
1 58.8366 -21.9525 142.114
1 58.9113 -21.9774 142.134
1 59.0084 -21.9984 142.154
1 59.0962 -21.9959 142.174
1 59.2011 -22.0006 142.194
1 59.3083 -22.0159 142.214
1 59.4035 -22.0403 142.234
1 59.5048 -22.0675 142.254
1 59.5966 -22.0991 142.274
1 59.6744 -22.1396 142.294
1 59.7211 -22.1638 142.315
1 59.7492 -22.1784 142.334
1 59.766 -22.1871 142.354
1 59.7842 -22.1862 142.374
1 59.8179 -22.2072 142.394
1 59.8904 -22.2262 142.414
1 59.9994 -22.2413 142.434
1 60.109 -22.263 142.454
1 60.2188 -22.2887 142.474
1 60.3289 -22.3169 142.494
1 60.4391 -22.3465 142.514
1 60.528 -22.3858 142.534
1 60.5813 -22.4094 142.554
1 60.6133 -22.4236 142.574
1 60.6633 -22.4475 142.594
1 60.6933 -22.4619 142.614
1 60.7113 -22.4706 142.634
1 60.7449 -22.4973 142.654
1 60.765 -22.5134 142.674
1 60.7998 -22.5446 142.694
1 60.8207 -22.5633 142.714
0 61.0207 -22.4659 143.774
0 61.0343 -22.4559 143.794
0 61.0424 -22.4498 143.814
0 61.0554 -22.4403 143.834
0 61.0632 -22.4345 143.854
0 61.0452 -22.4094 143.874
0 61.0343 -22.3944 143.894
0 61.0132 -22.3577 143.914
0 60.9778 -22.3141 143.934
0 60.9191 -22.2386 143.954
0 60.8692 -22.1658 143.974
0 60.8246 -22.0944 143.994
0 60.7832 -22.024 144.014
0 60.7583 -21.9818 144.034
0 60.7206 -21.9348 144.054
0 60.698 -21.9066 144.074
0 60.6844 -21.8897 144.094
0 60.6844 -21.8736 144.114
0 60.6925 -21.858 144.134
0 60.6973 -21.8487 144.154
0 60.7083 -21.8371 144.174
0 60.7149 -21.8302 144.194
0 60.7189 -21.826 144.214
0 60.7213 -21.8235 144.234
0 60.7227 -21.822 144.254
0 60.7236 -21.8211 144.274
0 60.7241 -21.8206 144.294
0 60.7244 -21.8203 144.314
0 60.679 -21.7768 144.334
0 60.5832 -21.6858 144.354
0 60.4801 -21.5879 144.374
0 60.3725 -21.486 144.394
0 60.2704 -21.3756 144.414
0 60.1714 -21.2602 144.434
0 60.0972 -21.1634 144.454
0 60.015 -21.0562 144.474
0 59.9427 -20.9702 144.494
0 59.8764 -20.8971 144.514
0 59.8367 -20.8532 144.534
0 59.8128 -20.8268 144.554
0 59.7756 -20.7895 144.574
0 59.7532 -20.767 144.594
0 59.7398 -20.7536 144.614
0 59.7088 -20.7239 144.634
0 59.6902 -20.7061 144.654
0 59.6642 -20.6679 144.674
0 59.6257 -20.6234 144.694
0 59.6025 -20.5967 144.714
0 59.5886 -20.5806 144.734
0 59.5574 -20.5495 144.754
0 59.5386 -20.5308 144.774
0 59.5043 -20.498 144.794
0 59.4608 -20.4567 144.814
0 59.4117 -20.4105 144.834
0 59.3823 -20.3827 144.854
0 59.3646 -20.366 144.874
0 59.331 -20.3345 144.894
0 59.3108 -20.3156 144.914
0 59.2757 -20.2827 144.934
0 59.2317 -20.2414 144.954
0 59.1822 -20.1951 144.974
0 59.1295 -20.1458 144.994
0 59.0749 -20.0947 145.014
0 59.019 -20.0425 145.034
0 58.9855 -20.0112 145.054
0 58.9424 -19.971 145.074
0 58.9165 -19.9468 145.094
0 58.901 -19.9323 145.114
0 58.8917 -19.9236 145.134
0 58.8861 -19.9184 145.154
0 58.8827 -19.9152 145.174
0 58.8577 -19.8919 145.194
0 58.8426 -19.8778 145.214
0 58.8105 -19.8479 145.234
0 58.7682 -19.8085 145.254
0 58.7197 -19.7633 145.274
0 58.6445 -19.6933 145.294
0 58.5762 -19.6298 145.314
0 58.5122 -19.5702 145.334
0 58.4275 -19.4916 145.354
0 58.3305 -19.4015 145.374
0 58.2491 -19.3261 145.394
0 58.154 -19.2379 145.414
0 58.0737 -19.1636 145.434
0 58.0256 -19.1191 145.454
0 57.9735 -19.0709 145.474
0 57.9191 -19.0206 145.494
0 57.8864 -18.9904 145.514
0 57.8437 -18.9509 145.534
0 57.818 -18.9272 145.554
0 57.8026 -18.913 145.574
0 57.7934 -18.9044 145.594
0 57.7878 -18.8993 145.614
0 57.7613 -18.8749 145.634
0 57.7222 -18.8388 145.654
0 57.6523 -18.7744 145.674
0 57.5871 -18.7144 145.694
0 57.5016 -18.6356 145.714
0 57.4037 -18.5457 145.734
0 57.2985 -18.449 145.754
0 57.2121 -18.3697 145.774
0 57.1137 -18.2795 145.794
0 57.0313 -18.204 145.814
0 56.9353 -18.1161 145.834
0 56.8543 -18.0421 145.854
0 56.7825 -17.9764 145.874
0 56.7393 -17.937 145.894
0 56.6901 -17.892 145.914
0 56.6372 -17.8438 145.934
0 56.5822 -17.7935 145.954
0 56.5491 -17.7634 145.974
0 56.5293 -17.7453 145.994
0 56.5174 -17.7345 146.014
0 56.5103 -17.728 146.034
0 56.4826 -17.7028 146.054
0 56.466 -17.6877 146.074
0 56.4561 -17.6786 146.094
0 56.4501 -17.6732 146.114
0 56.4465 -17.6699 146.134
0 56.4444 -17.668 146.154
0 56.4431 -17.6668 146.174
0 56.419 -17.6448 146.194
0 56.4045 -17.6316 146.214
0 56.3958 -17.6237 146.234
0 56.3906 -17.619 146.254
0 56.3874 -17.6161 146.274
0 56.3856 -17.6144 146.294
0 56.3844 -17.6134 146.314
0 56.3838 -17.6128 146.334
0 56.3834 -17.6124 146.354
0 56.3831 -17.6122 146.374
0 56.3596 -17.5908 146.394
0 56.3221 -17.5567 146.414
0 56.2762 -17.515 146.434
0 56.2253 -17.4688 146.454
0 56.1479 -17.3986 146.474
0 56.0312 -17.2928 146.494
0 55.9224 -17.1805 146.514
0 55.8102 -17.0708 146.534
0 55.7275 -16.9773 146.554
0 55.6545 -16.9001 146.574
0 55.5871 -16.8326 146.594
0 55.5232 -16.7709 146.614
0 55.4379 -16.6915 146.634
0 55.3396 -16.6016 146.654
0 55.2572 -16.5265 146.674
0 55.2077 -16.4814 146.694
0 55.178 -16.4544 146.714
0 55.1366 -16.417 146.734
0 55.0883 -16.3735 146.754
0 55.0357 -16.3262 146.774
0 55.0042 -16.2979 146.794
0 54.9853 -16.2809 146.814
0 54.9504 -16.2495 146.834
0 54.8823 -16.1885 146.854
0 54.7943 -16.1097 146.874
0 54.7178 -16.0413 146.894
0 54.6484 -15.9792 146.914
0 54.5831 -15.9208 146.934
0 54.544 -15.8858 146.954
0 54.5205 -15.8648 146.974
0 54.5064 -15.8522 146.994
0 54.4743 -15.8235 147.014
0 54.455 -15.8064 147.034
0 54.4435 -15.796 147.054
0 54.4366 -15.7899 147.074
0 54.3851 -15.744 147.094
0 54.2834 -15.6533 147.114
0 54.1749 -15.5569 147.134
0 54.0625 -15.4569 147.154
0 53.9714 -15.3759 147.174
0 53.893 -15.3063 147.194
0 53.8223 -15.2436 147.214
0 53.7561 -15.1849 147.234
0 53.6927 -15.1287 147.254
0 53.6547 -15.095 147.274
0 53.6318 -15.0748 147.294
0 53.6182 -15.0627 147.314
0 53.6099 -15.0554 147.334
0 53.605 -15.051 147.354
0 53.602 -15.0484 147.374
0 53.6003 -15.0468 147.394
0 53.5992 -15.0459 147.414
0 53.5748 -15.0243 147.434
0 53.5602 -15.0114 147.454
0 53.5514 -15.0036 147.474
0 53.5462 -14.999 147.494
0 53.543 -14.9962 147.514
0 53.5174 -14.9735 147.534
0 53.502 -14.9599 147.554
0 53.469 -14.9308 147.574
0 53.4493 -14.9133 147.594
0 53.4136 -14.8819 147.614
0 53.3923 -14.863 147.634
0 53.3794 -14.8517 147.654
0 53.3717 -14.8449 147.674
0 53.3671 -14.8408 147.694
0 53.3644 -14.8384 147.714
0 53.3627 -14.8369 147.734
0 53.3617 -14.836 147.754
0 53.3611 -14.8355 147.774
0 53.337 -14.8142 147.795
0 53.2987 -14.7805 147.814
0 53.2758 -14.7602 147.834
0 53.2383 -14.7271 147.854
0 53.2157 -14.7073 147.874
0 53.1785 -14.6744 147.894
0 53.1085 -14.6128 147.914
0 53.0427 -14.555 147.934
0 52.9794 -14.4993 147.954
0 52.9176 -14.445 147.974
0 52.8806 -14.4124 147.994
0 52.8583 -14.3929 148.014
0 52.845 -14.3812 148.034
0 52.8132 -14.3532 148.054
0 52.7941 -14.3365 148.074
0 52.7826 -14.3264 148.094
0 52.7757 -14.3204 148.114
0 52.7716 -14.3167 148.134
0 52.7453 -14.2937 148.154
0 52.7057 -14.2589 148.174
0 52.6819 -14.2381 148.194
0 52.6676 -14.2256 148.214
0 52.6352 -14.1972 148.234
0 52.6158 -14.1801 148.254
0 52.6041 -14.1699 148.274
0 52.6052 -14.1571 148.294
0 52.6058 -14.1494 148.314
0 52.6062 -14.1448 148.334
0 52.6065 -14.1421 148.354
0 52.6066 -14.1404 148.374
0 52.5828 -14.1185 148.394
0 52.5686 -14.1054 148.414
0 52.56 -14.0975 148.434
0 52.531 -14.0719 148.454
0 52.5136 -14.0565 148.474
0 52.4793 -14.0264 148.494
0 52.4349 -13.9875 148.514
0 52.3604 -13.9224 148.534
0 52.2679 -13.8417 148.554
0 52.1646 -13.7516 148.574
0 52.0308 -13.635 148.594
0 51.9026 -13.5235 148.614
0 51.7777 -13.415 148.634
0 51.6789 -13.3291 148.654
0 51.6195 -13.2776 148.674
0 51.5839 -13.2466 148.694
0 51.5625 -13.2281 148.714
0 51.5497 -13.217 148.734
0 51.542 -13.2103 148.754
0 51.5374 -13.2063 148.774
0 51.5347 -13.2039 148.794
0 51.533 -13.2024 148.814
0 51.532 -13.2016 148.834
0 51.5314 -13.201 148.854
1 51.5305 -13.2003 150.174
1 51.5305 -13.2003 150.194
1 51.5305 -13.2003 150.214
1 51.5305 -13.2003 150.234
1 51.5305 -13.2003 150.254
1 51.5305 -13.2003 150.274
1 51.5305 -13.2003 150.294
1 51.5305 -13.2003 150.314
1 51.5305 -13.2003 150.334
1 51.5305 -13.2003 150.354
1 51.5305 -13.2003 150.374
1 51.5305 -13.2003 150.394
1 51.5305 -13.2003 150.415
1 51.5305 -13.2003 150.434
1 51.5305 -13.2003 150.454
1 51.552 -13.1902 150.474
1 51.5865 -13.1742 150.494
1 51.6287 -13.1546 150.514
1 51.6756 -13.1328 150.534
1 51.7492 -13.1305 150.554
1 51.8365 -13.1093 150.574
1 51.956 -13.0974 150.594
1 52.0923 -13.0606 150.614
1 52.2173 -13.0187 150.634
1 52.3594 -12.9947 150.654
1 52.5573 -12.9927 150.674
1 52.7432 -12.9928 150.694
1 52.9195 -12.9636 150.714
1 53.0685 -12.9266 150.734
1 53.2035 -12.9157 150.754
1 53.3083 -12.9301 150.774
1 53.4407 -12.9711 150.794
1 53.5656 -13.007 150.814
1 53.6883 -13.0707 150.834
1 53.8074 -13.1203 150.854
1 53.9266 -13.1922 150.874
1 54.0435 -13.2468 150.894
1 54.1592 -13.2911 150.914
1 54.274 -13.3291 150.934
1 54.3862 -13.3329 150.954
1 54.5205 -13.3371 150.974
1 54.6683 -13.3418 150.994
1 54.8457 -13.3374 151.014
1 55.0171 -13.3064 151.034
1 55.185 -13.2595 151.054
1 55.3507 -13.2032 151.074
1 55.5153 -13.1414 151.094
1 55.7029 -13.0976 151.114
1 55.8589 -13.0528 151.134
1 56.0197 -13.0287 151.154
1 56.1833 -13.017 151.174
1 56.3331 -12.9847 151.194
1 56.4665 -12.9469 151.214
1 56.6219 -12.9202 151.234
1 56.7925 -12.931 151.254
1 56.9721 -12.9642 151.274
1 57.1728 -13.0395 151.294
1 57.4158 -13.124 151.314
1 57.6742 -13.1906 151.334
1 57.9418 -13.2467 151.354
1 58.2449 -13.2809 151.374
1 58.5629 -13.3396 151.394
1 58.8444 -13.4004 151.414
1 59.0587 -13.4497 151.434
1 59.2544 -13.4834 151.454
1 59.4172 -13.5166 151.474
1 59.523 -13.5295 151.494
1 59.5865 -13.5373 151.514
1 59.6481 -13.5638 151.534
1 59.7086 -13.6013 151.554
1 59.7902 -13.6369 151.574
1 59.8692 -13.6426 151.594
1 59.9619 -13.659 151.614
1 60.0628 -13.6819 151.634
1 60.1922 -13.7306 151.654
1 60.3385 -13.7947 151.674
1 60.5169 -13.8595 151.694
1 60.6692 -13.9117 151.714
1 60.8276 -13.9476 151.734
1 60.9914 -14.0044 151.754
1 61.1583 -14.0737 151.774
1 61.3036 -14.1287 151.794
1 61.4376 -14.2055 151.814
1 61.5647 -14.2955 151.834
1 61.6643 -14.3715 151.854
1 61.7475 -14.439 151.874
1 61.8288 -14.4947 151.894
1 61.8777 -14.5281 151.914
1 61.907 -14.5482 151.934
1 61.9245 -14.5602 151.954
1 61.9584 -14.5894 151.974
1 62.0021 -14.6289 151.994
1 62.0982 -14.7186 152.014
1 62.1791 -14.7944 152.034
1 62.2743 -14.8839 152.054
1 62.3779 -14.9817 152.074
1 62.4633 -15.0624 152.094
1 62.5378 -15.1328 152.114
1 62.6057 -15.1972 152.134
1 62.6465 -15.2357 152.154
1 62.6942 -15.281 152.174
1 62.7228 -15.3081 152.194
1 62.785 -15.338 152.214
1 62.8674 -15.3697 152.234
1 62.9618 -15.4024 152.254
1 63.1167 -15.4429 152.274
1 63.2765 -15.4727 152.294
1 63.4173 -15.5044 152.314
1 63.5687 -15.5291 152.334
1 63.6827 -15.5661 152.354
1 63.7824 -15.6038 152.374
1 63.8885 -15.6708 152.394
1 63.9753 -15.7332 152.414
1 64.0504 -15.7929 152.434
1 64.1187 -15.8509 152.454
1 64.2058 -15.9301 152.474
1 64.2811 -15.9999 152.494
1 64.3725 -16.0862 152.514
1 64.494 -16.1439 152.534
1 64.6119 -16.1927 152.554
1 64.7505 -16.2584 152.574
1 64.9233 -16.3262 152.594
1 65.0731 -16.4116 152.614
1 65.2308 -16.4994 152.634
1 65.3931 -16.5888 152.654
1 65.5594 -16.7095 152.674
1 65.7051 -16.8267 152.694
1 65.8154 -16.9194 152.714
1 65.9503 -17.0422 152.734
1 66.0771 -17.1607 152.754
1 66.1989 -17.2767 152.774
1 66.3177 -17.3912 152.794
1 66.4118 -17.4823 152.814
1 66.4911 -17.5594 152.834
1 66.5615 -17.6281 152.854
1 66.6576 -17.7078 152.874
1 66.7381 -17.7781 152.894
1 66.8092 -17.8428 152.914
1 66.8955 -17.8658 152.934
1 66.9909 -17.864 152.954
1 67.0918 -17.8472 152.974
1 67.1742 -17.8293 152.994
1 67.2901 -17.8255 153.014
1 67.4115 -17.8012 153.034
1 67.5062 -17.7789 153.054
1 67.6068 -17.75 153.074
1 67.7117 -17.7476 153.094
1 67.8193 -17.761 153.114
1 67.9067 -17.7916 153.134
1 67.9809 -17.8023 153.154
1 68.0701 -17.8237 153.174
1 68.1236 -17.8365 153.194
1 68.2221 -17.8516 153.214
1 68.3341 -17.8691 153.234
1 68.4904 -17.9098 153.254
1 68.6734 -17.9645 153.274
1 68.8277 -18.0124 153.294
1 69.0095 -18.0716 153.314
1 69.1411 -18.1299 153.334
1 69.2655 -18.2104 153.354
1 69.3627 -18.2814 153.374
1 69.4292 -18.3176 153.395
1 69.4918 -18.3621 153.414
1 69.5519 -18.4116 153.434
1 69.6106 -18.4641 153.454
1 69.6911 -18.5412 153.474
1 69.7619 -18.6102 153.494
1 69.8721 -18.7201 153.514
1 69.9834 -18.8316 153.534
1 70.0952 -18.9443 153.554
1 70.2074 -19.0575 153.574
1 70.3197 -19.1712 153.594
1 70.4545 -19.308 153.614
1 70.5804 -19.4359 153.634
1 70.7008 -19.5584 153.654
1 70.7955 -19.6548 153.674
1 70.8748 -19.7355 153.694
1 70.9754 -19.8235 153.714
1 71.0582 -19.8993 153.735
1 71.1302 -19.9677 153.754
1 71.1735 -20.0087 153.774
1 71.2218 -20.0562 153.794
1 71.2508 -20.0848 153.814
1 71.2683 -20.1019 153.834
1 71.3011 -20.1351 153.853
1 71.3874 -20.1936 153.873
1 71.4834 -20.2445 153.893
1 71.5852 -20.2907 153.913
1 71.7123 -20.327 153.933
1 71.811 -20.3718 153.953
1 71.9366 -20.4375 153.973
1 72.0426 -20.4938 153.993
1 72.1507 -20.5736 154.013
1 72.2602 -20.6676 154.033
1 72.3927 -20.7932 154.053
1 72.5249 -20.9085 154.073
1 72.671 -21.047 154.093
1 72.8252 -21.1994 154.113
1 72.9621 -21.3371 154.133
1 73.0887 -21.466 154.153
1 73.2171 -21.5835 154.173
1 73.3606 -21.7235 154.193
1 73.5351 -21.9002 154.213
1 73.7498 -22.0618 154.233
1 73.9442 -22.1681 154.253
1 74.1487 -22.2645 154.273
1 74.3237 -22.3629 154.293
1 74.4945 -22.4615 154.313
1 74.641 -22.5673 154.333
1 74.751 -22.6541 154.353
1 74.8169 -22.7061 154.373
1 74.8867 -22.7547 154.393
1 74.9725 -22.8305 154.413
1 75.0459 -22.8993 154.433
1 75.112 -22.9639 154.453
1 75.1516 -23.0026 154.473
1 75.1973 -23.0492 154.493
1 75.233 -23.0712 154.513
1 75.2544 -23.0845 154.533
1 75.2891 -23.1157 154.553
1 75.3319 -23.1578 154.573
1 75.3795 -23.2065 154.593
1 75.4081 -23.2356 154.613
1 75.4252 -23.2531 154.633
1 75.4574 -23.287 154.653
1 75.4768 -23.3073 154.673
1 75.4883 -23.3195 154.693
1 75.4953 -23.3268 154.713
1 75.5214 -23.3545 154.733
1 75.5453 -23.3653 154.753
1 75.5815 -23.3952 154.773
1 75.6251 -23.4364 154.793
1 75.6513 -23.4612 154.813
1 75.667 -23.4761 154.833
1 75.6983 -23.5084 154.853
1 75.7171 -23.5277 154.873
1 75.7366 -23.5335 154.894
1 75.7483 -23.537 154.913
1 75.7772 -23.5625 154.933
1 75.8027 -23.5719 154.953
1 75.8399 -23.601 154.973
1 75.8623 -23.6185 154.993
1 75.9057 -23.6466 155.013
1 75.9537 -23.6868 155.033
1 76.0043 -23.7344 155.053
1 76.0647 -23.7806 155.073
1 76.1228 -23.8318 155.093
1 76.1877 -23.8801 155.113
1 76.2484 -23.9326 155.133
1 76.3149 -23.9819 155.153
1 76.3848 -24.0292 155.173
1 76.4268 -24.0575 155.193
1 76.4601 -24.0689 155.213
1 76.4884 -24.07 155.233
1 76.5271 -24.0942 155.253
1 76.5504 -24.1087 155.273
1 76.5725 -24.1117 155.294
1 76.6376 -24.0944 155.313
1 76.7285 -24.0648 155.333
1 76.8567 -24.0213 155.353
1 76.9772 -23.9817 155.373
1 77.1014 -23.939 155.393
1 77.2278 -23.9246 155.413
1 77.3336 -23.9037 155.433
1 77.449 -23.8722 155.453
1 77.5265 -23.8477 155.473
1 77.6112 -23.8151 155.493
1 77.714 -23.7766 155.513
1 77.8358 -23.7291 155.533
1 77.9389 -23.6884 155.553
1 78.0309 -23.6517 155.573
1 78.1025 -23.6186 155.593
1 78.1537 -23.5931 155.613
1 78.1926 -23.5723 155.633
1 78.2159 -23.5598 155.653
1 78.2299 -23.5523 155.673
1 78.2466 -23.5422 155.693
1 78.2647 -23.5307 155.713
1 78.2839 -23.5182 155.733
1 78.3171 -23.5345 155.753
1 78.337 -23.5443 155.773
1 78.349 -23.5502 155.793
1 78.3562 -23.5537 155.813
1 78.3687 -23.5503 155.833
1 78.3979 -23.572 155.853
1 78.4591 -23.6023 155.873
1 78.5258 -23.6083 155.893
1 78.6096 -23.5987 155.913
1 78.7336 -23.5981 155.933
1 78.8817 -23.6031 155.953
1 79.0659 -23.6353 155.973
1 79.2634 -23.7198 155.993
1 79.4771 -23.7999 156.013
1 79.7143 -23.8767 156.033
1 79.9519 -23.9524 156.053
1 80.2115 -24.0214 156.073
1 80.471 -24.057 156.093
1 80.7658 -24.0959 156.113
1 81.0463 -24.1139 156.133
1 81.3267 -24.114 156.153
1 81.5771 -24.0847 156.173
1 81.7873 -24.0744 156.193
1 82.0167 -24.0938 156.213
1 82.2362 -24.1067 156.233
1 82.4415 -24.1213 156.253
1 82.6684 -24.1254 156.273
1 82.8782 -24.1349 156.293
1 83.0986 -24.2023 156.313
1 83.339 -24.304 156.333
1 83.5699 -24.4019 156.353
1 83.7958 -24.4673 156.373
1 84.0186 -24.5132 156.393
1 84.239 -24.578 156.413
1 84.3925 -24.6414 156.433
1 84.5142 -24.6987 156.453
1 84.6085 -24.7577 156.473
1 84.6651 -24.793 156.493
1 84.6991 -24.8142 156.513
1 84.7194 -24.8269 156.533
1 84.7317 -24.8346 156.553
1 84.739 -24.8392 156.573
1 84.7654 -24.8361 156.593
1 84.8032 -24.8284 156.613
1 84.8699 -24.8122 156.633
1 84.9401 -24.7914 156.653
1 85.0262 -24.7673 156.673
1 85.1212 -24.7717 156.693
1 85.2001 -24.7686 156.713
1 85.2475 -24.7668 156.733
1 85.276 -24.7656 156.753
1 85.293 -24.765 156.773
1 85.3033 -24.7646 156.793
1 85.3094 -24.7643 156.813
1 85.3131 -24.7642 156.833
1 85.3153 -24.7641 156.853
1 85.3166 -24.764 156.873
1 85.3174 -24.764 156.893
0 85.4251 -24.8869 157.753
0 85.4251 -24.8869 157.773
0 85.4251 -24.8869 157.793
0 85.4251 -24.8869 157.813
0 85.4251 -24.8869 157.833
0 85.4251 -24.8869 157.853
0 85.4251 -24.8869 157.873
0 85.4251 -24.8869 157.893
0 85.4251 -24.8869 157.913
0 85.4251 -24.8869 157.933
0 85.4251 -24.8869 157.953
0 85.4251 -24.8869 157.973
0 85.3825 -24.8377 157.993
0 85.3143 -24.7591 158.013
0 85.2095 -24.6381 158.033
0 85.0825 -24.4919 158.053
0 84.9209 -24.3059 158.074
0 84.7169 -24.0717 158.093
0 84.4872 -23.8086 158.113
0 84.242 -23.5283 158.133
0 83.9442 -23.189 158.153
0 83.6144 -22.8144 158.173
0 83.2867 -22.4432 158.193
0 82.9383 -22.0499 158.213
0 82.6206 -21.6922 158.233
0 82.3429 -21.3803 158.253
0 82.1328 -21.1446 158.273
0 82.0067 -21.0031 158.293
0 81.931 -20.9183 158.313
0 81.8856 -20.8674 158.333
0 81.8666 -20.8312 158.353
0 81.8552 -20.8094 158.373
0 81.8483 -20.7964 158.393
0 81.8442 -20.7886 158.413
0 81.82 -20.7596 158.433
0 81.77 -20.688 158.453
0 81.6637 -20.5009 158.473
0 81.5235 -20.2447 158.493
0 81.3983 -20.0013 158.513
0 81.2739 -19.7711 158.533
0 81.1553 -19.5844 158.553
0 81.0484 -19.4182 158.573
0 80.9843 -19.3185 158.593
0 80.9541 -19.2531 158.613
0 80.9441 -19.2082 158.633
0 80.9464 -19.1758 158.653
0 80.956 -19.1507 158.673
0 80.9617 -19.1357 158.693
0 80.9734 -19.1211 158.713
0 80.9666 -19.0825 158.733
0 80.9406 -19.035 158.753
0 80.9112 -18.9767 158.774
0 80.8716 -18.9174 158.793
0 80.812 -18.8276 158.813
0 80.7322 -18.7251 158.833
0 80.6402 -18.6151 158.853
0 80.4968 -18.4519 158.873
0 80.3002 -18.2327 158.893
0 80.0938 -18.0042 158.913
0 79.8894 -17.7646 158.933
0 79.6558 -17.4999 158.953
0 79.4127 -17.2144 158.973
0 79.1942 -16.9351 158.993
0 78.968 -16.6353 159.013
0 78.7287 -16.329 159.033
0 78.4897 -16.0131 159.053
0 78.2955 -15.7397 159.073
0 78.1198 -15.4977 159.093
0 77.9246 -15.2561 159.113
0 77.7482 -15.0331 159.133
0 77.5748 -14.8271 159.153
0 77.4114 -14.6256 159.173
0 77.262 -14.421 159.193
0 77.1047 -14.2261 159.213
0 76.9733 -14.0553 159.233
0 76.8492 -13.9048 159.253
0 76.7295 -13.7664 159.273
0 76.635 -13.6594 159.293
0 76.5783 -13.5953 159.313
0 76.5443 -13.5567 159.333
0 76.5239 -13.5336 159.353
0 76.5499 -13.559 159.853
0 76.5499 -13.559 159.873
0 76.5499 -13.559 159.893
0 76.5499 -13.559 159.913
0 76.5499 -13.559 159.933
0 76.5499 -13.559 159.953
0 76.5273 -13.535 159.973
0 76.4684 -13.4726 159.993
0 76.3877 -13.3872 160.013
0 76.3021 -13.2821 160.033
0 76.2218 -13.1595 160.053
0 76.1218 -13.0022 160.073
0 76.0018 -12.8302 160.093
0 75.9007 -12.6673 160.113
0 75.811 -12.51 160.133
0 75.7197 -12.3619 160.153
0 75.6275 -12.2193 160.173
0 75.5348 -12.08 160.193
0 75.4106 -11.9246 160.213
0 75.2757 -11.7538 160.233
0 75.1343 -11.5737 160.253
0 74.9889 -11.388 160.273
0 74.8411 -11.1991 160.293
0 74.6605 -10.9903 160.313
0 74.4831 -10.7934 160.333
0 74.2929 -10.5739 160.353
0 74.1096 -10.3708 160.373
0 73.9534 -10.2013 160.393
0 73.7905 -10.0282 160.413
0 73.6234 -9.85305 160.433
0 73.4537 -9.67664 160.453
0 73.2824 -9.49956 160.473
0 73.1415 -9.33982 160.493
0 73.0106 -9.19653 160.513
0 72.8856 -9.06312 160.533
0 72.7642 -8.93567 160.554
0 72.6216 -8.78813 160.573
0 72.4895 -8.65225 160.593
0 72.3869 -8.54706 160.613
0 72.2871 -8.43053 160.633
0 72.2038 -8.33696 160.653
0 72.1306 -8.25717 160.673
0 72.0633 -8.18565 160.693
0 72.0079 -8.11299 160.713
0 71.9595 -8.03965 160.733
0 71.8838 -7.94838 160.753
0 71.815 -7.86999 160.773
0 71.727 -7.77572 160.793
0 71.6274 -7.67195 160.813
0 71.5677 -7.60968 160.833
0 71.5319 -7.57233 160.853
0 71.5104 -7.54991 160.873
0 71.5366 -7.57529 161.353
0 71.5366 -7.57529 161.373
0 71.5366 -7.57529 161.393
0 71.5366 -7.57529 161.413
0 71.5366 -7.57529 161.433
0 71.5366 -7.57529 161.453
0 71.5366 -7.57529 161.473
0 71.5366 -7.57529 161.493
0 71.5366 -7.57529 161.513
0 71.5366 -7.57529 161.533
0 71.5366 -7.5753 161.553
0 71.5132 -7.55169 161.573
0 71.4991 -7.53753 161.593
0 71.4673 -7.50544 161.613
0 71.4248 -7.46259 161.633
0 71.3759 -7.41329 161.653
0 71.2998 -7.33657 161.673
0 71.2388 -7.26079 161.693
0 71.1554 -7.16819 161.713
0 71.0667 -7.05935 161.733
0 70.9899 -6.97049 161.753
0 70.9204 -6.89363 161.773
0 70.8399 -6.79425 161.793
0 70.7682 -6.71109 161.813
0 70.6781 -6.61415 161.833
0 70.6005 -6.53247 161.853
0 70.5069 -6.43645 161.873
0 70.3883 -6.30213 161.893
0 70.2463 -6.1511 161.913
0 70.0904 -5.99011 161.933
0 69.9259 -5.82318 161.953
0 69.7563 -5.65275 161.973
0 69.5835 -5.48027 161.993
0 69.417 -5.30029 162.013
0 69.2696 -5.14555 162.033
0 69.1657 -5.02299 162.053
0 69.0559 -4.90273 162.073
0 68.9425 -4.78386 162.093
0 68.8507 -4.6892 162.113
0 68.7718 -4.60906 162.133
0 68.7007 -4.53765 162.153
0 68.6425 -4.4651 162.173
0 68.5838 -4.39824 162.193
0 68.5009 -4.3115 162.213
0 68.4512 -4.25945 162.233
0 68.3975 -4.20491 162.253
0 68.3415 -4.14889 162.273
0 68.3079 -4.11527 162.293
0 68.2877 -4.09511 162.313
0 68.2756 -4.08301 162.333
0 68.2684 -4.07574 162.353
0 68.264 -4.07139 162.373
0 68.2614 -4.06877 162.393
0 68.6146 -4.4146 163.173
0 68.6146 -4.4146 163.193
0 68.6146 -4.41461 163.213
0 68.6146 -4.41461 163.233
0 68.6146 -4.41461 163.253
0 68.6146 -4.41461 163.273
0 68.5908 -4.39127 163.293
0 68.5528 -4.35395 163.313
0 68.5061 -4.30823 163.333
0 68.4543 -4.25749 163.353
0 68.3994 -4.20374 163.373
0 68.3426 -4.14818 163.393
0 68.2847 -4.09156 163.413
0 68.2344 -4.02789 163.433
0 68.1565 -3.94312 163.453
0 68.062 -3.84571 163.473
0 67.9814 -3.764 163.493
0 67.9174 -3.68529 163.513
0 67.8312 -3.59156 163.533
0 67.7316 -3.48883 163.553
0 67.6322 -3.37429 163.573
0 67.5329 -3.25267 163.593
0 67.4014 -3.11006 163.613
0 67.2746 -2.9781 163.634
0 67.1504 -2.85256 163.653
0 67.0279 -2.73089 163.673
0 66.9146 -2.60507 163.693
0 66.7985 -2.48327 163.713
0 66.7047 -2.38705 163.733
0 66.6567 -2.32281 163.753
0 66.6279 -2.28426 163.773
0 66.6106 -2.26114 163.793
0 66.6003 -2.24726 163.813
0 66.5941 -2.23894 163.833
0 66.5903 -2.23394 163.853
0 66.5881 -2.23094 163.873
0 66.5867 -2.22914 163.893
0 66.5859 -2.22807 163.913
0 66.5854 -2.22742 163.933
1 67.3688 -2.91152 164.413
1 67.4317 -2.97259 164.433
1 67.4934 -3.03248 164.453
1 67.5305 -3.06842 164.473
1 67.5766 -3.11324 164.493
1 67.6043 -3.14014 164.513
1 67.6209 -3.15628 164.533
1 67.6309 -3.16596 164.553
1 67.6369 -3.17177 164.573
1 67.6405 -3.17525 164.593
1 67.6666 -3.20061 164.613
1 67.7061 -3.2391 164.633
1 67.7299 -3.2622 164.653
1 67.768 -3.29933 164.673
1 67.8148 -3.3449 164.693
1 67.8668 -3.39554 164.713
1 67.9458 -3.47252 164.733
1 68.0647 -3.58867 164.753
1 68.1838 -3.70503 164.774
1 68.3506 -3.86825 164.793
1 68.5458 -4.05969 164.813
1 68.8292 -4.33843 164.833
1 69.1875 -4.66179 164.853
1 69.6376 -5.05938 164.873
1 70.1176 -5.44702 164.893
1 70.5701 -5.84492 164.913
1 70.9824 -6.22559 164.933
1 71.3469 -6.57244 164.953
1 71.6357 -6.85168 164.973
1 71.9024 -7.11415 164.993
1 72.1324 -7.34289 165.013
1 72.3637 -7.57523 165.033
1 72.5955 -7.80981 165.053
1 72.7811 -7.99819 165.073
1 72.9389 -8.15886 165.093
1 73.08 -8.30294 165.113
1 73.2111 -8.43708 165.133
1 73.3593 -8.58914 165.153
1 73.4946 -8.72814 165.173
1 73.5989 -8.83542 165.193
1 73.6846 -8.92367 165.213
1 73.7591 -9.00052 165.233
1 73.8501 -9.09444 165.253
1 73.9509 -9.19862 165.273
1 74.0576 -9.30898 165.293
1 74.2356 -9.43197 165.313
1 74.4108 -9.5462 165.333
1 74.6068 -9.64777 165.353
1 74.8382 -9.76589 165.373
1 75.0453 -9.87745 165.393
1 75.2604 -9.97775 165.413
1 75.4577 -10.0788 165.433
1 75.6214 -10.1561 165.453
1 75.7649 -10.2194 165.473
1 75.8963 -10.2741 165.493
1 75.9981 -10.3311 165.513
1 76.0821 -10.3894 165.533
1 76.1554 -10.4486 165.553
1 76.2222 -10.5082 165.573
1 76.3076 -10.5609 165.593
1 76.3812 -10.5853 165.613
1 76.4478 -10.5927 165.633
1 76.533 -10.6141 165.654
1 76.6298 -10.6753 165.673
1 76.7555 -10.7219 165.693
1 76.921 -10.7527 165.713
1 77.0879 -10.7812 165.733
1 77.2784 -10.8328 165.753
1 77.5063 -10.9538 165.773
1 77.7561 -11.0854 165.793
1 78.0189 -11.2235 165.813
1 78.312 -11.3588 165.833
1 78.578 -11.475 165.853
1 78.8277 -11.58 165.873
1 79.0983 -11.6659 165.893
1 79.3509 -11.7841 165.913
1 79.5699 -11.8662 165.933
1 79.8219 -11.9387 165.953
1 80.0714 -12.0124 165.973
1 80.3048 -12.0255 165.993
1 80.5511 -12.027 166.013
1 80.8051 -11.9903 166.033
1 81.0638 -11.9622 166.053
1 81.3172 -11.945 166.073
1 81.5591 -11.94 166.093
1 81.8024 -11.937 166.113
1 82.0608 -11.9344 166.134
1 82.3365 -11.958 166.153
1 82.6225 -11.9662 166.173
1 82.9147 -11.9967 166.193
1 83.2023 -12.0463 166.213
1 83.4729 -12.108 166.233
1 83.7476 -12.1767 166.253
1 83.9798 -12.2308 166.273
1 84.1947 -12.2706 166.293
1 84.3236 -12.2945 166.313
1 84.401 -12.3088 166.333
1 84.4556 -12.3118 166.353
1 84.4966 -12.308 166.373
1 84.5658 -12.3558 166.393
1 84.6747 -12.3976 166.413
1 84.8299 -12.4298 166.433
1 85.013 -12.4564 166.453
1 85.2124 -12.5109 166.473
1 85.4299 -12.5765 166.493
1 85.6273 -12.6605 166.513
1 85.7906 -12.7303 166.533
1 85.9336 -12.7605 166.553
1 86.0195 -12.7787 166.573
1 86.071 -12.7896 166.593
1 86.1018 -12.7961 166.613
1 86.1204 -12.8 166.633
1 86.1537 -12.8276 166.653
1 86.1737 -12.8442 166.673
1 86.2526 -12.8988 166.693
1 86.3673 -12.9454 166.713
1 86.5259 -12.9814 166.733
1 86.7109 -13.0114 166.753
1 86.9117 -13.0378 166.774
1 87.0773 -13.0424 166.793
1 87.2214 -13.065 166.814
1 87.3304 -13.0729 166.833
1 87.3958 -13.0777 166.853
1 87.4351 -13.0806 166.873
1 87.4586 -13.0823 166.893
1 87.4949 -13.1087 166.913
1 87.5695 -13.1388 166.933
1 87.659 -13.1767 166.953
1 87.7573 -13.2193 166.973
1 87.8835 -13.2593 166.993
1 88.0347 -13.2923 167.013
1 88.2147 -13.3521 167.033
1 88.4345 -13.4228 167.053
1 88.6632 -13.5308 167.073
1 88.8889 -13.6669 167.093
1 89.1128 -13.8199 167.113
1 89.3581 -13.978 167.133
1 89.5943 -14.1136 167.153
1 89.8249 -14.2358 167.173
1 90.0514 -14.381 167.193
1 90.2536 -14.5143 167.213
1 90.4412 -14.6405 167.233
1 90.6425 -14.7575 167.253
1 90.8084 -14.8177 167.273
1 90.9532 -14.8437 167.293
1 91.0626 -14.8543 167.313
1 91.1726 -14.8814 167.333
1 91.2386 -14.8977 167.353
1 91.2782 -14.9075 167.373
1 91.302 -14.9133 167.393
1 91.3163 -14.9169 167.413
1 91.3248 -14.919 167.433
1 91.3526 -14.9153 167.453
1 91.3992 -14.9332 167.473
1 91.4715 -14.9648 167.493
1 91.5375 -14.9789 167.513
1 91.6214 -15.0081 167.534
1 91.6944 -15.0208 167.553
1 91.8051 -15.0444 167.573
1 91.9232 -15.1047 167.593
1 92.0157 -15.1667 167.614
1 92.1147 -15.2556 167.633
1 92.2183 -15.3299 167.654
1 92.3022 -15.4004 167.673
1 92.3824 -15.463 167.693
1 92.4522 -15.5264 167.713
1 92.4941 -15.5645 167.733
1 92.5491 -15.6078 167.753
1 92.6037 -15.6596 167.773
1 92.6581 -15.7166 167.793
1 92.7124 -15.7767 167.813
1 92.7666 -15.8386 167.834
1 92.8207 -15.9017 167.853
1 92.883 -15.9601 167.873
1 92.942 -16.021 167.893
1 93.0288 -16.104 167.913
1 93.1024 -16.1797 167.934
1 93.1917 -16.2156 167.953
1 93.2894 -16.2584 167.973
1 93.4456 -16.2905 167.993
1 93.6357 -16.347 168.013
1 93.8164 -16.3977 168.034
1 94.0653 -16.487 168.053
1 94.2813 -16.5575 168.073
1 94.5297 -16.6331 168.093
1 94.7751 -16.7163 168.113
1 94.9971 -16.7781 168.133
1 95.2039 -16.8577 168.153
1 95.4015 -16.9481 168.173
1 95.571 -17.0494 168.194
1 95.7167 -17.1321 168.213
1 95.8788 -17.1938 168.233
1 96.0282 -17.2475 168.254
1 96.1831 -17.3279 168.273
1 96.3507 -17.3885 168.293
1 96.5033 -17.4416 168.314
1 96.64 -17.4649 168.333
1 96.766 -17.5009 168.353
1 96.8868 -17.5141 168.374
1 97.0113 -17.5388 168.393
1 97.1086 -17.5494 168.413
1 97.1896 -17.5516 168.434
1 97.2463 -17.5476 168.453
1 97.2886 -17.5399 168.473
1 97.3352 -17.5618 168.493
1 97.3631 -17.5748 168.513
1 97.4546 -17.5955 168.533
1 97.5614 -17.6249 168.553
1 97.6775 -17.6595 168.573
1 97.7992 -17.6974 168.594
1 97.9242 -17.7373 168.613
1 98.0512 -17.7784 168.633
1 98.1567 -17.8244 168.653
1 98.22 -17.852 168.673
1 98.258 -17.8686 168.693
1 98.289 -17.8733 168.714
1 98.3076 -17.8762 168.733
1 98.3187 -17.8779 168.754
1 98.3254 -17.8789 168.773
1 98.3376 -17.8744 168.793
1 98.3449 -17.8717 168.814
1 98.3786 -17.8914 168.833
1 98.3988 -17.9033 168.853
1 98.4191 -17.9052 168.873
1 98.4621 -17.8972 168.893
1 98.5105 -17.8882 168.913
1 98.5929 -17.8695 168.933
1 98.7169 -17.8716 168.954
1 98.8446 -17.8595 168.973
1 98.9877 -17.8709 168.993
1 99.1173 -17.9003 169.013
1 99.2032 -17.9129 169.033
1 99.3278 -17.9646 169.053
1 99.4544 -18.0133 169.073
1 99.5514 -18.0692 169.094
1 99.6323 -18.0987 169.113
1 99.7116 -18.1074 169.133
1 99.7673 -18.1076 169.154
1 99.8218 -18.1344 169.173
1 99.8838 -18.1721 169.193
1 99.9303 -18.2215 169.213
1 99.9582 -18.2343 169.233
1 99.9749 -18.2648 169.253
1 99.9849 -18.2971 169.274
1 99.991 -18.3651 169.293
1 99.9946 -18.4506 169.313
1 99.9967 -18.5468 169.334
1 99.998 -18.6313 169.353
1 99.9988 -18.7089 169.373
1 99.9993 -18.8042 169.393
1 99.9996 -18.8883 169.413
1 99.9997 -18.9338 169.433
1 99.9998 -18.988 169.453
1 99.9999 -19.0425 169.473
1 99.9999 -19.0752 169.493
1 100 -19.1217 169.513
1 100 -19.2266 169.533
1 100 -19.3261 169.553
1 100 -19.4629 169.573
1 100 -19.6222 169.593
1 100 -19.7718 169.613
1 100 -19.9107 169.634
1 100 -20.0481 169.653
1 100 -20.1528 169.673
1 100 -20.2696 169.693
1 100 -20.3891 169.713
1 100 -20.5149 169.733
1 100 -20.6444 169.753
1 100 -20.7763 169.773
1 100 -20.9049 169.793
1 100 -21.0056 169.814
1 100 -21.1119 169.833
1 100 -21.1993 169.853
1 100 -21.306 169.873
1 100 -21.3971 169.893
1 100 -21.4471 169.913
1 100 -21.4997 169.933
1 100 -21.5312 169.954
1 100 -21.5456 169.973
1 100 -21.5541 169.993
1 100 -21.5865 170.013
1 100 -21.6058 170.033
1 100 -21.6129 170.053
1 100 -21.6171 170.073
1 100 -21.6151 170.094
1 100 -21.641 170.113
1 100 -21.6566 170.134
1 100 -21.6886 170.153
1 100 -21.7304 170.173
1 100 -21.8099 170.193
1 100 -21.8848 170.213
1 100 -21.9525 170.233
1 100 -21.9886 170.253
1 100 -22.0103 170.273
1 100 -22.046 170.293
1 100 -22.0675 170.314
1 100 -22.1032 170.333
1 100 -22.1518 170.353
1 100 -22.2082 170.373
1 100 -22.2421 170.394
1 100 -22.2624 170.413
1 100 -22.2746 170.433
1 100 -22.2819 170.454
1 100 -22.2863 170.473
1 100 -22.3162 170.493
1 100 -22.3341 170.513
1 100 -22.3677 170.533
1 100 -22.4424 170.553
1 100 -22.5691 170.573
1 100 -22.6996 170.594
1 100 -22.8052 170.613
1 100 -22.8686 170.633
1 100 -22.9339 170.653
1 100 -23.0277 170.673
1 100 -23.1659 170.693
1 100 -23.3265 170.713
1 100 -23.5049 170.733
1 100 -23.7213 170.753
1 100 -23.9607 170.773
1 100 -24.2138 170.794
1 100 -24.5026 170.813
1 100 -24.7582 170.833
1 100 -25.0212 170.854
1 100 -25.2855 170.873
1 100 -25.4926 170.893
1 100 -25.6581 170.913
1 100 -25.803 170.933
1 100 -25.9388 170.953
1 100 -26.1029 170.974
1 100 -26.2799 170.993
1 100 -26.4413 171.013
1 100 -26.5617 171.034
1 100 -26.6615 171.053
1 100 -26.7489 171.073
1 100 -26.8014 171.094
1 100 -26.8289 171.113
1 100 -26.8453 171.133
1 100 -26.8552 171.154
1 100 -26.8612 171.173
1 100 -26.8647 171.194
1 100 -26.8945 171.213
1 100 -26.9399 171.233
1 100 -27.0224 171.253
1 100 -27.0995 171.273
1 100 -27.201 171.294
1 100 -27.3132 171.313
1 100 -27.4634 171.332
1 100 -27.6365 171.352
1 100 -27.8233 171.373
1 100 -27.963 171.392
1 100 -28.0469 171.412
1 100 -28.0972 171.433
1 100 -28.1274 171.453
1 100 -28.1455 171.472
1 100 -28.1564 171.492
1 100 -28.1629 171.513
0 100 -28.145 172.173
0 100 -28.1007 172.192
0 100 -28.0465 172.212
0 100 -27.931 172.232
0 100 -27.8065 172.253
0 100 -27.6765 172.273
0 100 -27.5156 172.293
0 100 -27.3638 172.312
0 100 -27.2175 172.332
0 100 -27.0469 172.353
0 100 -26.8894 172.372
0 100 -26.7397 172.393
0 100 -26.5947 172.413
0 100 -26.4525 172.432
0 100 -26.2846 172.453
0 100 -26.0735 172.473
0 100 -25.8368 172.492
0 100 -25.5296 172.512
0 100 -25.1803 172.532
0 100 -24.7783 172.553
0 100 -24.345 172.572
0 100 -23.893 172.593
0 100 -23.4574 172.613
0 100 -23.0318 172.633
0 100 -22.5849 172.653
0 100 -22.1528 172.673
0 100 -21.7297 172.693
0 100 -21.3576 172.712
0 100 -20.9799 172.732
0 100 -20.5621 172.752
0 100 -19.8643 172.773
0 100 -18.8684 172.792
0 100 -17.5845 172.812
0 100 -16.0728 172.833
0 100 -14.3736 172.853
0 100 -12.487 172.873
0 100 -10.5217 172.892
0 100 -8.63216 172.913
0 100 -7.02099 172.932
0 100 -5.93674 172.953
0 100 -5.28619 172.973
0 100 -4.89586 172.992
0 100 -4.66166 173.012
0 100 -4.54952 173.033
0 100 -4.5942 173.473
0 100 -4.5942 173.493
0 100 -4.59421 173.513
0 100 -4.59421 173.533
0 100 -4.53342 173.552
0 100 -4.44018 173.572
0 100 -4.2951 173.593
0 100 -4.06222 173.613
0 100 -3.71604 173.633
0 100 -3.27371 173.653
0 100 -2.77389 173.673
0 100 -2.26801 173.692
0 100 -1.8151 173.712
0 100 -1.34172 173.733
0 100 -0.888578 173.753
0 100 -0.443578 173.773
0 100 -0.0598486 173.793
0 100 0.339074 173.813
0 100 0.695011 173.833
0 100 1.02086 173.853
0 100 1.36088 173.873
0 100 1.70502 173.892
0 100 2.02782 173.913
0 100 2.33345 173.933
0 100 2.60506 173.953
0 100 2.85189 173.973
0 100 3.08381 173.992
0 100 3.28318 174.013
0 100 3.45864 174.033
0 100 3.64763 174.053
0 100 3.81682 174.073
0 100 4.00196 174.093
0 100 4.16878 174.113
0 100 4.35242 174.133
0 99.961 4.54611 174.153
0 99.892 4.71796 174.173
0 99.8049 4.87668 174.193
0 99.7069 5.02751 174.213
0 99.6023 5.17358 174.233
0 99.5167 5.289 174.253
0 99.4424 5.38602 174.273
0 99.4057 5.44874 174.293
0 99.3608 5.51415 174.313
0 99.3339 5.55339 174.333
0 99.3177 5.57694 174.353
0 99.308 5.59106 174.373
0 99.3022 5.59954 174.393
0 99.2528 5.66015 174.413
0 99.1315 5.8075 174.433
0 98.9437 6.03451 174.453
0 98.739 6.28148 174.473
0 98.5239 6.54035 174.493
0 98.3487 6.75097 174.513
0 98.1974 6.93263 174.533
0 98.0683 7.10152 174.553
0 97.9908 7.20286 174.573
0 97.9443 7.26366 174.593
0 97.9165 7.30014 174.613
0 97.8766 7.34966 174.633
0 97.8296 7.40699 174.653
0 97.7398 7.52887 174.673
0 97.6243 7.68944 174.693
0 97.4702 7.90078 174.713
0 97.2694 8.17006 174.733
0 97.0716 8.45116 174.753
0 96.891 8.70708 174.773
0 96.7205 8.94787 174.793
0 96.5716 9.14736 174.813
0 96.4822 9.26705 174.833
0 96.4286 9.33887 174.853
0 96.3964 9.38196 174.873
0 96.3771 9.40781 174.893
0 96.389 9.42868 174.913
0 96.373 9.50157 174.933
0 96.3634 9.5453 174.953
0 96.3342 9.59904 174.973
0 96.27 9.68626 174.993
0 96.1846 9.79354 175.013
0 96.11 9.88538 175.033
0 96.0183 9.9954 175.053
0 95.9634 10.0614 175.073
0 95.9069 10.1285 175.093
0 95.8967 10.2069 175.113
0 95.8907 10.2868 175.133
0 95.9109 10.4058 175.153
0 95.9231 10.5099 175.173
0 95.9384 10.6101 175.193
0 95.9712 10.6755 175.213
0 95.9909 10.7147 175.233
0 96.0107 10.7759 175.253
0 96.0228 10.8782 175.273
0 96.0302 11.0051 175.293
0 96.0348 11.1468 175.313
0 96.0457 11.3022 175.333
0 96.0523 11.4609 175.353
0 96.088 11.599 175.373
0 96.1409 11.7248 175.393
0 96.2279 11.8157 175.413
0 96.3038 11.9081 175.433
0 96.381 12.0064 175.453
0 96.5062 12.0858 175.473
0 96.613 12.1763 175.493
0 96.7323 12.2457 175.513
0 96.8118 12.3251 175.533
0 96.8676 12.4104 175.553
0 96.909 12.4666 175.574
0 96.9417 12.5053 175.593
0 96.9613 12.5285 175.614
0 96.9731 12.5424 175.633
0 96.9802 12.5508 175.653
0 96.9923 12.5608 175.673
0 96.9996 12.5668 175.693
0 97.004 12.5704 175.713
0 97.0537 12.5173 175.733
