0 -0.0789658 -94.2345 59.8766
0 -0.0789658 -94.2345 59.8967
0 -0.0789658 -94.2345 59.9166
0 -0.0789658 -94.2345 59.9367
0 -0.0789658 -94.2345 59.9566
0 -0.0789658 -94.2345 59.9768
0 -0.0789658 -94.2345 59.9969
0 -0.0789658 -94.2345 60.0166
0 -0.0789658 -94.2345 60.0368
0 -0.0789658 -94.2345 60.0566
0 -0.0789658 -94.2345 60.0766
0 -0.0789658 -94.2345 60.0974
0 -0.0789658 -94.2345 60.1166
0 -0.0789658 -94.2345 60.1374
0 -0.0789658 -94.2345 60.1566
0 -0.0789658 -94.2345 60.1767
0 -0.0789658 -94.2345 60.1966
0 -0.0789658 -94.2345 60.2169
0 -0.0789658 -94.2345 60.2367
0 -0.0789658 -94.2345 60.2573
0 -0.0789658 -94.2345 60.2766
0 -0.0789658 -94.2345 60.2966
0 -0.0789658 -94.2345 60.3166
0 -0.0789658 -94.2345 60.3366
0 -0.0789658 -94.2345 60.3566
0 -0.0789658 -94.2345 60.3767
0 -0.0789658 -94.2345 60.3966
0 -0.0789658 -94.2345 60.4166
0 -0.0789658 -94.2345 60.4366
0 -0.0789658 -94.2345 60.4566
0 -0.0789658 -94.2345 60.4766
0 -0.0789658 -94.2345 60.4966
0 -0.0789658 -94.2345 60.5166
0 -0.0789658 -94.2345 60.5366
0 -0.0789658 -94.2345 60.557
0 -0.0789658 -94.2345 60.5771
0 -0.0789658 -94.2345 60.5966
0 -0.0789658 -94.2345 60.6166
0 -0.0789658 -94.2345 60.6366
0 -0.0789658 -94.2345 60.6567
0 -0.0789658 -94.2345 60.6768
0 -0.0789658 -94.2345 60.697
0 -0.0789658 -94.2345 60.7166
0 -0.0789658 -94.2345 60.7369
0 -0.0789658 -94.2345 60.7568
0 -0.0789658 -94.2345 60.7767
0 -0.0789658 -94.2345 60.7967
0 -0.0789658 -94.2345 60.8166
0 -0.0789658 -94.2345 60.8371
0 -0.0789658 -94.2345 60.8567
0 -0.0789658 -94.2345 60.8768
0 -0.0789658 -94.2345 60.8966
0 -0.0370783 -94.2024 60.9167
0 -0.0119457 -94.1831 60.9366
0 0.00313378 -94.1715 60.9566
0 0.0121815 -94.1646 60.9766
0 0.0176101 -94.1604 60.9966
0 0.00185453 -94.1487 61.0166
0 -0.00759883 -94.1416 61.0366
0 -0.0132708 -94.1374 61.0567
0 -0.016674 -94.1348 61.0766
0 -0.018716 -94.1333 61.0976
0 -0.0199411 -94.1324 61.1167
0 -0.0206762 -94.1318 61.1367
0 -0.0211173 -94.1315 61.1567
0 -0.0404001 -94.1221 61.1767
0 -0.0519698 -94.1164 61.1967
0 -0.0589116 -94.113 61.2168
0 -0.0630767 -94.1109 61.2367
0 -0.0605084 -94.1043 61.2567
0 -0.0170409 -94.0681 61.2767
0 0.0599681 -93.9836 61.2967
0 0.120177 -93.9221 61.3167
0 0.156302 -93.8853 61.3367
0 0.183064 -93.8577 61.3585
0 0.199121 -93.8411 61.3767
0 0.208756 -93.8312 61.3967
0 0.176455 -93.8066 61.4166
0 0.099911 -93.764 61.4367
0 0.0298537 -93.7091 61.4566
0 -0.00830496 -93.6253 61.4767
0 -0.0222478 -93.5442 61.4967
0 -0.0305958 -93.4699 61.5167
0 -0.021572 -93.4146 61.5368
0 0.0170155 -93.3544 61.5567
0 0.0733677 -93.2913 61.5767
0 0.159584 -93.21 61.5968
0 0.240735 -93.1339 61.6168
0 0.30991 -93.0662 61.6366
0 0.361665 -93.0146 61.6567
0 0.397846 -92.9782 61.6768
0 0.419554 -92.9563 61.6967
0 0.432579 -92.9432 61.7168
0 0.440394 -92.9353 61.7367
0 0.445083 -92.9305 61.7568
0 0.447897 -92.9277 61.7766
0 0.449585 -92.926 61.7968
0 0.450598 -92.925 61.8167
0 0.451205 -92.9244 61.8371
0 0.45157 -92.924 61.857
0 0.451789 -92.9238 61.8767
0 0.45192 -92.9237 61.8967
0 0.466099 -92.9128 61.9167
0 0.483685 -92.8753 61.9368
0 0.536584 -92.8204 61.9568
0 0.558286 -92.747 61.9768
0 0.594556 -92.6612 61.9968
0 0.606278 -92.5692 62.0168
0 0.59414 -92.5045 62.0368
0 0.572824 -92.4507 62.0568
0 0.502466 -92.39 62.0768
0 0.40777 -92.3196 62.0968
0 0.322785 -92.2474 62.1168
0 0.282074 -92.1929 62.1368
0 0.262791 -92.1546 62.1568
0 0.251221 -92.1317 62.1768
0 0.244278 -92.1179 62.1968
0 0.240113 -92.1096 62.2168
0 0.22352 -92.0897 62.2369
0 0.199463 -92.0627 62.2568
0 0.17092 -92.0314 62.2768
0 0.13968 -91.9977 62.2967
0 0.101671 -91.968 62.3168
0 0.135598 -91.8805 62.3367
0 0.221921 -91.7271 62.3567
0 0.306313 -91.5354 62.3768
0 0.394827 -91.3148 62.3968
0 0.476838 -91.0821 62.417
0 0.5367 -90.8786 62.4392
0 0.563645 -90.7355 62.4568
0 0.54102 -90.6304 62.4767
0 0.488632 -90.5482 62.4967
0 0.384703 -90.4547 62.5168
0 0.293856 -90.368 62.5367
0 0.205634 -90.2911 62.5568
0 0.104678 -90.2048 62.5768
0 -0.0234826 -90.1032 62.5968
0 -0.16807 -89.9926 62.6168
0 -0.288707 -89.9013 62.6368
0 -0.395 -89.8217 62.6568
0 -0.473149 -89.7586 62.6768
0 -0.514851 -89.7151 62.6967
0 -0.559438 -89.6794 62.7167
0 -0.581004 -89.6523 62.7368
0 -0.593943 -89.636 62.7567
0 -0.596518 -89.6206 62.7768
0 -0.598063 -89.6113 62.7967
0 -0.59899 -89.6057 62.817
0 -0.613933 -89.5871 62.8367
0 -0.676473 -89.5415 62.8567
0 -0.767628 -89.4797 62.8768
0 -0.813389 -89.384 62.8967
0 -0.826901 -89.209 62.9168
0 -0.81589 -88.9537 62.9367
0 -0.786181 -88.623 62.9567
0 -0.77025 -88.2157 62.9767
0 -0.762589 -87.7615 62.9967
0 -0.734701 -87.2823 63.0168
0 -0.694596 -86.7599 63.0368
0 -0.64024 -86.2805 63.0567
0 -0.601091 -85.926 63.0768
0 -0.561618 -85.6957 63.0968
0 -0.527272 -85.5458 63.1167
0 -0.50133 -85.45 63.1368
0 -0.485765 -85.3926 63.1567
0 -0.476426 -85.3581 63.1768
0 -0.470822 -85.3374 63.1968
0 -0.46746 -85.325 63.2168
0 -0.465443 -85.3175 63.2367
0 -0.464233 -85.313 63.2568
0 -0.463507 -85.3104 63.2769
0 -0.463071 -85.3088 63.2968
0 -0.457474 -85.3019 63.3169
0 -0.454116 -85.2979 63.3369
0 -0.452101 -85.2954 63.3568
0 -0.450892 -85.2939 63.3769
0 -0.450167 -85.293 63.3968
0 -0.449732 -85.2925 63.4167
0 -0.449471 -85.2922 63.4368
0 -0.449314 -85.292 63.4568
0 -0.443883 -85.286 63.4767
0 -0.440625 -85.2825 63.4969
0 -0.43867 -85.2803 63.5168
0 -0.437497 -85.279 63.5367
0 -0.436793 -85.2783 63.5569
0 -0.431033 -85.272 63.5768
0 -0.422237 -85.2624 63.5968
0 -0.416959 -85.2566 63.6167
0 -0.408451 -85.2473 63.6369
0 -0.398004 -85.2359 63.6567
0 -0.401106 -85.2075 63.6769
0 -0.392275 -85.1788 63.6967
0 -0.376278 -85.15 63.7168
0 -0.355974 -85.1212 63.7367
0 -0.333082 -85.0923 63.7569
0 -0.30327 -85.0578 63.7767
0 -0.274657 -85.0255 63.7967
0 -0.252124 -85.0005 63.8167
0 -0.222501 -84.9683 63.8367
0 -0.199357 -84.9432 63.8568
0 -0.180097 -84.9225 63.8767
0 -0.124306 -84.8749 63.8967
0 0.00314479 -84.7703 63.9167
0 0.128238 -84.5894 63.9368
0 0.327586 -84.3261 63.9567
0 0.601782 -83.9898 63.9768
0 0.947511 -83.5862 63.9967
0 1.40795 -83.1115 64.0168
0 1.91913 -82.6337 64.0368
0 2.4012 -82.2008 64.0567
0 2.74718 -81.8942 64.0767
0 2.95476 -81.7103 64.0968
0 3.05905 -81.5893 64.1167
0 3.10697 -81.5001 64.1369
0 3.13571 -81.4465 64.1567
0 3.15296 -81.4144 64.1767
0 3.16892 -81.3892 64.1967
0 3.17849 -81.3741 64.2167
0 3.18423 -81.365 64.2367
0 3.18768 -81.3596 64.2569
0 3.18975 -81.3563 64.2767
0 3.19099 -81.3544 64.2967
0 3.19173 -81.3532 64.3167
0 3.19218 -81.3525 64.3367
0 3.19245 -81.3521 64.3567
0 3.19261 -81.3518 64.3768
0 3.1927 -81.3517 64.3967
0 3.19276 -81.3516 64.4169
0 3.1928 -81.3515 64.4367
0 3.19282 -81.3515 64.4568
0 3.19283 -81.3515 64.4767
0 3.19284 -81.3514 64.4973
0 3.19284 -81.3514 64.5167
0 3.19284 -81.3514 64.5367
0 3.19285 -81.3514 64.5567
0 3.19285 -81.3514 64.5767
0 3.19285 -81.3514 64.5967
0 3.19285 -81.3514 64.6168
0 3.19285 -81.3514 64.6367
0 3.19285 -81.3514 64.6567
0 3.19285 -81.3514 64.6768
0 3.19285 -81.3514 64.6968
0 3.19285 -81.3514 64.7167
0 3.19285 -81.3514 64.7367
0 3.19285 -81.3514 64.7567
0 3.19285 -81.3514 64.7767
0 3.19285 -81.3514 64.7969
0 3.19285 -81.3514 64.8167
0 3.19285 -81.3514 64.8369
0 3.19285 -81.3514 64.8567
0 3.19285 -81.3514 64.8768
0 3.19285 -81.3514 64.8967
0 3.19285 -81.3514 64.9169
0 3.19285 -81.3514 64.9367
0 3.19285 -81.3514 64.9567
0 3.19285 -81.3514 64.9767
0 3.19285 -81.3514 64.9967
0 3.19285 -81.3514 65.0167
0 3.19285 -81.3514 65.0367
0 3.1523 -81.3301 65.0567
0 3.10768 -81.3066 65.0767
0 3.06062 -81.2818 65.0969
0 2.99179 -81.2456 65.1168
0 2.90987 -81.2026 65.1368
0 2.79975 -81.1449 65.1567
0 2.6523 -81.0677 65.1768
0 2.46199 -80.9683 65.1967
0 2.2718 -80.8603 65.2168
0 2.11686 -80.7743 65.2367
0 2.02947 -80.7167 65.2567
0 1.97704 -80.6822 65.2769
0 1.92516 -80.6508 65.2968
0 1.83273 -80.6003 65.3168
0 1.69547 -80.5277 65.3368
0 1.57217 -80.4631 65.3568
0 1.47771 -80.4137 65.3768
0 1.42104 -80.3841 65.3968
0 1.38703 -80.3664 65.4167
0 1.39697 -80.332 65.4368
0 1.52448 -80.2164 65.4568
0 1.75328 -80.0286 65.4768
0 2.02798 -79.8098 65.4969
0 2.31523 -79.5843 65.5168
0 2.57442 -79.356 65.5368
0 2.81696 -79.1261 65.5568
0 3.03428 -78.907 65.5768
0 3.22632 -78.7288 65.5967
0 3.37239 -78.5985 65.6169
0 3.46572 -78.514 65.6368
0 3.53879 -78.4443 65.6568
0 3.59402 -78.3899 65.6768
0 3.62715 -78.3572 65.6969
0 3.64704 -78.3376 65.7168
0 3.61786 -78.3041 65.7368
0 3.54434 -78.2449 65.7568
0 3.45906 -78.1876 65.7768
0 3.39299 -78.136 65.7968
0 3.35335 -78.105 65.8168
0 3.30896 -78.0755 65.8368
0 3.28233 -78.0578 65.8568
0 3.22514 -78.0255 65.8768
0 3.11401 -77.9562 65.8968
0 3.02308 -77.8738 65.9168
0 2.96131 -77.7648 65.9368
0 2.96409 -77.6553 65.9568
0 3.01711 -77.5336 65.977
0 3.10037 -77.405 65.9968
0 3.20764 -77.2666 66.017
0 3.32371 -77.1292 66.0368
0 3.41291 -76.9935 66.057
0 3.39493 -76.8558 66.077
0 3.3218 -76.7399 66.0969
0 3.23634 -76.6483 66.1168
0 3.15902 -76.559 66.1368
0 3.15916 -76.387 66.1571
0 3.20644 -76.136 66.1769
0 3.30884 -75.8425 66.1968
0 3.49684 -75.5102 66.2168
0 3.711 -75.1726 66.2368
0 3.93534 -74.838 66.2568
0 4.12859 -74.5356 66.2768
0 4.2868 -74.2944 66.2969
0 4.39825 -74.1078 66.3168
0 4.46512 -73.9958 66.3369
0 4.46327 -73.9058 66.3568
0 4.42604 -73.8228 66.3768
0 4.36754 -73.7439 66.3968
0 4.31142 -73.6852 66.417
0 4.28362 -73.6437 66.4368
0 4.26693 -73.6188 66.4568
0 4.25692 -73.6038 66.4768
0 4.25091 -73.5948 66.4969
0 4.22629 -73.5781 66.5169
0 4.16944 -73.5453 66.5368
0 4.05698 -73.4739 66.5568
0 3.94736 -73.4084 66.5769
0 3.83943 -73.3464 66.5968
0 3.71138 -73.2752 66.6168
0 3.59818 -73.2035 66.6368
0 3.46688 -73.1266 66.6568
0 3.34582 -73.0578 66.6768
0 3.21555 -72.9763 66.6968
0 3.12207 -72.9097 66.7168
0 3.02362 -72.8473 66.7368
0 2.92217 -72.7872 66.7568
0 2.80353 -72.711 66.7768
0 2.74822 -72.5396 66.7968
0 2.77441 -72.2731 66.8168
0 2.87737 -71.9239 66.8368
0 3.02139 -71.5008 66.8568
0 3.19579 -71.0567 66.8768
0 3.34064 -70.6368 66.8968
0 3.46732 -70.2618 66.9168
0 3.58261 -69.944 66.9368
0 3.69651 -69.6847 66.9568
0 3.8198 -69.4544 66.977
0 3.93204 -69.2847 66.9968
0 4.03767 -69.1514 67.0168
0 4.13336 -69.0465 67.0368
0 4.19078 -68.9836 67.0569
0 4.18224 -68.9225 67.0769
0 4.09105 -68.8391 67.0972
0 3.95616 -68.7358 67.1168
0 3.80092 -68.614 67.137
0 3.6274 -68.4877 67.1568
0 3.47039 -68.3638 67.1768
0 3.34488 -68.2529 67.1971
0 3.25987 -68.1615 67.2168
0 3.19917 -68.0817 67.237
0 3.1747 -68.0206 67.2569
0 3.166 -67.9773 67.2768
0 3.16676 -67.9448 67.2968
0 3.1732 -67.9186 67.3173
0 3.18304 -67.8964 67.3368
0 3.17327 -67.8648 67.357
0 3.13603 -67.8093 67.3768
0 3.0763 -67.7462 67.3971
0 3.00304 -67.6785 67.4168
0 2.89993 -67.5963 67.4369
0 2.75709 -67.4939 67.4568
0 2.61208 -67.3911 67.477
0 2.4717 -67.2814 67.4968
0 2.35583 -67.1791 67.517
0 2.24867 -67.088 67.5368
0 2.1189 -66.9985 67.557
0 1.99736 -66.9217 67.5768
0 1.90259 -66.8641 67.5968
0 1.8517 -66.8228 67.6168
0 1.78342 -66.7684 67.6373
0 1.72058 -66.7241 67.657
0 1.66697 -66.6794 67.6768
0 1.59701 -66.6228 67.6968
0 1.52317 -66.5525 67.7168
0 1.44101 -66.4806 67.7368
0 1.35384 -66.4078 67.7568
0 1.28557 -66.3459 67.7768
0 1.22863 -66.2907 67.7969
0 1.17849 -66.2393 67.8169
0 1.12645 -66.197 67.8368
0 1.07327 -66.1601 67.8568
0 1.01939 -66.1264 67.8768
0 0.943123 -66.0831 67.8968
0 0.853391 -66.0342 67.9168
0 0.761514 -65.9752 67.9369
0 0.668325 -65.9101 67.9568
0 0.580276 -65.8348 67.9769
0 0.511369 -65.7715 67.9968
0 0.465857 -65.7021 68.0169
0 0.489005 -65.5829 68.0369
0 0.596381 -65.3694 68.057
0 0.771086 -65.0545 68.0768
0 1.00323 -64.6336 68.0971
0 1.30908 -64.1473 68.1168
0 1.61086 -63.6292 68.1369
0 1.86548 -63.1314 68.1568
0 2.05285 -62.6786 68.1768
0 2.16031 -62.3178 68.1969
0 2.17007 -62.052 68.2168
0 2.12729 -61.8363 68.2368
0 2.06916 -61.6695 68.2569
0 2.0018 -61.5321 68.2769
0 1.95126 -61.4242 68.297
0 1.92707 -61.3527 68.3169
0 1.91869 -61.3032 68.3369
0 1.9198 -61.2667 68.3569
0 1.92661 -61.2381 68.3769
0 1.93683 -61.2143 68.3969
0 1.9491 -61.1933 68.4168
0 1.96261 -61.1741 68.4368
0 1.97071 -61.1625 68.4568
0 1.98172 -61.1489 68.4769
0 1.99447 -61.1341 68.4969
0 2.00827 -61.1186 68.5169
0 2.02269 -61.1026 68.5369
0 2.04365 -61.0798 68.5568
0 2.06238 -61.0595 68.5769
0 2.07977 -61.0406 68.5969
0 2.09021 -61.0294 68.617
0 2.10263 -61.016 68.6368
0 2.08767 -60.9959 68.6572
0 2.03385 -60.9599 68.6769
0 1.98529 -60.9196 68.6987
0 1.91128 -60.8714 68.7168
0 1.82813 -60.8119 68.737
0 1.73946 -60.7455 68.7569
0 1.64746 -60.6752 68.777
0 1.55343 -60.6023 68.7968
0 1.49728 -60.5265 68.817
0 1.42472 -60.4503 68.8369
0 1.35276 -60.3671 68.857
0 1.33718 -60.2322 68.8769
0 1.34957 -60.0406 68.8971
0 1.3847 -59.8406 68.9169
0 1.43352 -59.6353 68.9369
0 1.4569 -59.4866 68.9569
0 1.47711 -59.3906 68.9769
0 1.49542 -59.3263 68.9969
0 1.48998 -59.2689 69.0169
0 1.45384 -59.1969 69.0369
0 1.3828 -59.0974 69.0571
0 1.29075 -58.9815 69.0769
0 1.22111 -58.8544 69.0969
0 1.13601 -58.7153 69.1169
0 1.08083 -58.5998 69.1371
0 1.02707 -58.4799 69.1578
0 0.984484 -58.3827 69.177
0 0.977556 -58.3046 69.1969
0 0.992037 -58.2381 69.217
0 0.990403 -58.173 69.2369
0 1.00186 -58.1208 69.2571
0 1.01496 -58.083 69.2769
0 1.02904 -58.0538 69.2969
0 1.04371 -58.0298 69.3169
0 1.05874 -58.0089 69.3369
0 1.07398 -57.9899 69.3577
0 1.08936 -57.972 69.377
0 1.10481 -57.9548 69.3969
0 1.12655 -57.9315 69.4169
0 1.11682 -57.9054 69.4369
0 1.11722 -57.8833 69.4569
0 1.11746 -57.8701 69.477
0 1.1176 -57.8621 69.497
0 1.0949 -57.8452 69.517
0 1.0585 -57.8228 69.5369
0 1.01387 -57.7973 69.5571
0 0.987089 -57.782 69.5769
0 0.977254 -57.7663 69.5971
0 0.971353 -57.7569 69.6169
0 0.967812 -57.7513 69.6371
0 0.971921 -57.7415 69.6569
0 0.957822 -57.717 69.6771
0 0.955599 -57.6958 69.6969
0 0.960502 -57.6767 69.7169
0 0.946874 -57.6467 69.7369
0 0.915881 -57.6165 69.7569
0 0.880701 -57.5798 69.7769
0 0.843003 -57.5392 69.7971
0 0.803787 -57.4963 69.8169
0 0.740805 -57.4398 69.8369
0 0.686398 -57.3874 69.8569
0 0.637131 -57.3374 69.8769
0 0.584701 -57.2952 69.8969
0 0.530368 -57.2578 69.9169
0 0.474887 -57.2232 69.9359
0 0.395817 -57.1782 69.9559
0 0.302571 -57.127 69.9759
0 0.200796 -57.072 69.9959
0 0.0771729 -56.9964 70.0159
0 -0.049062 -56.9006 70.0361
0 -0.143289 -56.7315 70.0559
0 -0.228894 -56.4933 70.0759
0 -0.303158 -56.2068 70.0959
0 -0.364427 -55.8846 70.1159
0 -0.37796 -55.5715 70.1359
0 -0.339699 -55.3089 70.1559
0 -0.293497 -55.0975 70.1759
0 -0.248858 -54.9564 70.1959
0 -0.222074 -54.8717 70.2159
0 -0.206004 -54.8208 70.2359
0 -0.190075 -54.7838 70.2559
0 -0.180517 -54.7616 70.2759
0 -0.174783 -54.7483 70.2959
0 -0.171342 -54.7403 70.3159
0 -0.169278 -54.7355 70.3359
0 -0.191186 -54.7204 70.3559
0 -0.221197 -54.6926 70.3759
0 -0.285529 -54.6516 70.3959
0 -0.364194 -54.5961 70.4159
0 -0.451484 -54.5319 70.4359
0 -0.624291 -54.4008 70.4561
0 -0.907931 -54.1522 70.4759
0 -1.18273 -53.7631 70.496
0 -1.40585 -53.3135 70.5159
0 -1.55757 -52.8579 70.5359
0 -1.6192 -52.4898 70.5561
0 -1.59874 -52.2183 70.5759
0 -1.53531 -52.0113 70.5959
0 -1.44604 -51.8431 70.6159
0 -1.35833 -51.7128 70.6359
0 -1.28862 -51.62 70.6559
0 -1.2468 -51.5643 70.6761
0 -1.21535 -51.5242 70.6959
0 -1.19648 -51.5002 70.716
0 -1.17881 -51.4792 70.7359
0 -1.1682 -51.4666 70.7559
0 -1.14913 -51.4458 70.7759
0 -1.13132 -51.4267 70.7959
0 -1.11428 -51.4087 70.8159
0 -1.09769 -51.3914 70.8359
0 -1.08774 -51.3809 70.8561
0 -1.07541 -51.3681 70.8759
0 -1.06164 -51.3539 70.8961
0 -1.04065 -51.3323 70.916
0 -1.01531 -51.3062 70.9359
0 -0.987356 -51.2776 70.956
0 -0.95783 -51.2475 70.9759
0 -0.880328 -51.174 70.9959
0 -0.722501 -51.0304 71.0161
0 -0.505422 -50.8028 71.0359
0 -0.329625 -50.4937 71.0561
0 -0.20207 -50.1228 71.076
0 -0.0905675 -49.7354 71.0961
0 -0.012276 -49.3252 71.1159
0 0.0351449 -48.9433 71.136
0 0.0703113 -48.6395 71.1559
0 0.074271 -48.4041 71.176
0 0.0831417 -48.2563 71.1959
0 0.0647083 -48.155 71.2161
0 0.0536483 -48.0942 71.236
0 0.0470122 -48.0577 71.2561
0 0.0430306 -48.0358 71.2759
0 0.0406416 -48.0227 71.296
0 0.0457039 -48.0083 71.3159
0 0.0552385 -47.9931 71.3361
0 0.0739587 -47.971 71.3559
0 0.0744295 -47.9321 71.3761
0 0.0336616 -47.8769 71.3959
0 -0.0253714 -47.8055 71.4162
0 -0.0953884 -47.7245 71.4359
0 -0.172021 -47.6376 71.4559
0 -0.2223 -47.5534 71.4759
0 -0.263279 -47.4774 71.4959
0 -0.305197 -47.4128 71.5159
0 -0.323831 -47.3675 71.5361
0 -0.328494 -47.334 71.556
0 -0.324773 -47.3075 71.5759
0 -0.32254 -47.2916 71.596
0 -0.3212 -47.282 71.6159
0 -0.320396 -47.2763 71.636
0 -0.343769 -47.2602 71.6559
0 -0.405519 -47.2252 71.6759
0 -0.466442 -47.1915 71.6959
0 -0.55076 -47.1461 71.7159
0 -0.618726 -47.0997 71.7361
0 -0.707308 -47.0467 71.756
0 -0.784367 -47.0022 71.7761
0 -0.87844 -46.9503 71.796
0 -0.952301 -46.9002 71.8159
0 -1.02055 -46.8574 71.836
0 -1.0615 -46.8318 71.856
0 -1.11001 -46.8039 71.876
0 -1.16307 -46.7745 71.8959
0 -1.21234 -46.7378 71.916
0 -1.2354 -46.7094 71.936
0 -1.24923 -46.6924 71.956
0 -1.25102 -46.6757 71.976
0 -1.24558 -46.6593 71.996
0 -1.2358 -46.643 72.016
0 -1.21689 -46.6204 72.036
0 -1.22299 -46.5879 72.056
0 -1.23759 -46.543 72.076
0 -1.25727 -46.4907 72.0961
0 -1.25603 -46.4466 72.1159
0 -1.29021 -46.3823 72.1366
0 -1.32166 -46.3184 72.156
0 -1.35147 -46.2548 72.176
0 -1.38684 -46.1977 72.1963
0 -1.44959 -46.1319 72.2163
0 -1.55283 -46.0483 72.236
0 -1.6739 -45.9478 72.2562
0 -1.79919 -45.8308 72.276
0 -1.87884 -45.7292 72.296
0 -1.90699 -45.6494 72.3159
0 -1.91078 -45.5891 72.3359
0 -1.9065 -45.5467 72.356
0 -1.89082 -45.5089 72.376
0 -1.8683 -45.4738 72.3961
0 -1.84166 -45.4404 72.416
0 -1.81911 -45.4142 72.4362
0 -1.80558 -45.3985 72.456
0 -1.82158 -45.3764 72.476
0 -1.87287 -45.3317 72.4962
0 -1.92779 -45.2923 72.516
0 -1.95417 -45.2625 72.536
0 -1.96343 -45.2384 72.5562
0 -1.96242 -45.2179 72.576
0 -1.95524 -45.1994 72.5961
0 -1.93779 -45.1761 72.616
0 -1.92075 -45.156 72.6362
0 -1.91052 -45.144 72.6562
0 -1.90438 -45.1368 72.676
0 -1.9007 -45.1324 72.696
0 -1.89849 -45.1298 72.716
0 -1.92132 -45.1156 72.736
0 -1.95917 -45.0944 72.756
0 -1.98188 -45.0817 72.7762
0 -1.9955 -45.0741 72.7961
0 -2.00368 -45.0695 72.816
0 -1.93874 -45.0044 72.836
0 -1.83653 -44.8748 72.856
0 -1.67683 -44.6755 72.876
0 -1.45162 -44.4411 72.896
0 -1.25286 -44.2102 72.916
0 -1.04565 -43.9944 72.936
0 -0.886112 -43.834 72.956
0 -0.79039 -43.7378 72.976
0 -0.732957 -43.68 72.996
0 -0.691864 -43.6391 73.016
0 -0.653939 -43.602 73.036
0 -0.617907 -43.5672 73.056
0 -0.589647 -43.5402 73.076
0 -0.57269 -43.5239 73.096
0 -0.586731 -43.5013 73.116
0 -0.619376 -43.4748 73.1362
0 -0.66319 -43.446 73.156
0 -0.71371 -43.4159 73.176
0 -0.744023 -43.3978 73.196
0 -0.755571 -43.3807 73.216
0 -0.78674 -43.3576 73.236
0 -0.805441 -43.3437 73.2561
0 -0.810021 -43.3292 73.276
0 -0.812769 -43.3204 73.2962
0 -0.814418 -43.3152 73.316
0 -0.839654 -43.2992 73.3362
0 -0.854796 -43.2895 73.356
0 -0.888133 -43.2709 73.376
0 -0.932394 -43.2469 73.396
0 -1.00749 -43.2068 73.4161
0 -1.1011 -43.157 73.436
0 -1.19922 -43.0953 73.4562
0 -1.33102 -43.0198 73.476
0 -1.49415 -42.9108 73.496
0 -1.62746 -42.8072 73.516
0 -1.77391 -42.7005 73.5361
0 -1.90391 -42.6047 73.556
0 -2.04848 -42.5027 73.576
0 -2.20183 -42.397 73.5961
0 -2.36052 -42.2892 73.616
0 -2.5291 -42.1864 73.636
0 -2.64809 -42.1057 73.656
0 -2.73733 -42.0383 73.6761
0 -2.78423 -41.9916 73.696
0 -2.81238 -41.9635 73.716
0 -2.82927 -41.9467 73.736
0 -2.8394 -41.9366 73.756
0 -2.84548 -41.9306 73.776
0 -2.84912 -41.9269 73.796
0 -2.84468 -41.9185 73.816
0 -2.84201 -41.9134 73.8361
0 -2.84041 -41.9103 73.856
0 -2.83945 -41.9085 73.8761
0 -2.83224 -41.9011 73.896
0 -2.82127 -41.8905 73.9161
0 -2.80141 -41.8716 73.936
0 -2.78285 -41.854 73.956
0 -2.77172 -41.8434 73.976
0 -2.75839 -41.8309 73.996
0 -2.77488 -41.8106 74.016
0 -2.77813 -41.7922 74.0361
0 -2.79793 -41.7623 74.056
0 -2.85217 -41.7127 74.0762
0 -2.97616 -41.6259 74.096
0 -3.093 -41.5422 74.116
0 -3.19891 -41.4543 74.136
0 -3.24916 -41.3891 74.156
0 -3.266 -41.3376 74.176
0 -3.26945 -41.3005 74.1995
0 -3.26486 -41.2721 74.216
0 -3.25545 -41.249 74.236
0 -3.2498 -41.235 74.256
0 -3.24641 -41.2267 74.276
0 -3.23772 -41.2156 74.296
0 -3.22584 -41.2027 74.3171
0 -3.17009 -41.1508 74.3361
0 -3.0283 -41.0212 74.356
0 -2.81699 -40.829 74.376
0 -2.56374 -40.5995 74.396
0 -2.30285 -40.3636 74.416
0 -2.03721 -40.124 74.4362
0 -1.7796 -39.892 74.4564
0 -1.50204 -39.6427 74.476
0 -1.20119 -39.3732 74.496
0 -0.903998 -39.1077 74.516
0 -0.651496 -38.8825 74.536
0 -0.475247 -38.7255 74.5561
0 -0.369497 -38.6312 74.576
0 -0.306047 -38.5747 74.5964
0 -0.267978 -38.5407 74.6161
0 -0.245136 -38.5204 74.636
0 -0.23143 -38.5082 74.6561
0 -0.223207 -38.5009 74.6761
0 -0.218273 -38.4965 74.696
0 -0.215313 -38.4938 74.7162
0 -0.213537 -38.4922 74.7361
0 -0.212471 -38.4913 74.756
1 0.274452 -38.4146 75.9561
1 0.274452 -38.4146 75.9761
1 0.274452 -38.4146 75.9961
1 0.274452 -38.4146 76.0161
1 0.274452 -38.4146 76.0363
1 0.274452 -38.4146 76.0561
1 0.274452 -38.4146 76.0761
1 0.274452 -38.4146 76.0961
1 0.274452 -38.4146 76.1163
1 0.274452 -38.4146 76.1361
1 0.274452 -38.4146 76.1561
1 0.274452 -38.4146 76.1761
1 0.274452 -38.4146 76.1962
1 0.274452 -38.4146 76.2174
1 0.274452 -38.4146 76.2361
1 0.274452 -38.4146 76.2561
1 0.274452 -38.4146 76.2764
1 0.274452 -38.4146 76.2962
1 0.274452 -38.4146 76.3161
1 0.274452 -38.4146 76.3363
1 0.274452 -38.4146 76.3561
1 0.274452 -38.4146 76.3761
1 0.274452 -38.4146 76.3961
1 0.299077 -38.4279 76.4162
1 0.338471 -38.4493 76.4361
1 0.362108 -38.4621 76.4569
1 0.37629 -38.4698 76.4761
1 0.384799 -38.4744 76.4961
1 0.389905 -38.4772 76.5163
1 0.392968 -38.4788 76.5361
1 0.394806 -38.4798 76.5561
1 0.395909 -38.4804 76.5761
1 0.39657 -38.4808 76.5961
1 0.396967 -38.481 76.6161
1 0.397206 -38.4811 76.6361
1 0.397349 -38.4812 76.6562
1 0.397434 -38.4813 76.6761
1 0.397486 -38.4813 76.6961
1 0.397517 -38.4813 76.7162
1 0.397535 -38.4813 76.7361
1 0.397546 -38.4813 76.7562
1 0.422166 -38.4947 76.7761
1 0.436938 -38.5027 76.7961
1 0.445801 -38.5075 76.8161
1 0.451119 -38.5104 76.8361
1 0.454309 -38.5121 76.8561
1 0.456224 -38.5132 76.8761
1 0.457373 -38.5138 76.8961
1 0.458062 -38.5142 76.9161
1 0.458475 -38.5144 76.9363
1 0.458723 -38.5145 76.9561
1 0.458872 -38.5146 76.9761
1 0.483568 -38.528 76.9963
1 0.498386 -38.5361 77.0163
1 0.531877 -38.5543 77.0361
1 0.576567 -38.5786 77.0561
1 0.627969 -38.6066 77.0761
1 0.683392 -38.6368 77.0961
1 0.741222 -38.6683 77.1161
1 0.80049 -38.7006 77.1363
1 0.885172 -38.7468 77.1562
1 0.985078 -38.8014 77.1762
1 1.09409 -38.8611 77.1961
1 1.23306 -38.9373 77.2163
1 1.34095 -38.9965 77.2362
1 1.43019 -39.0455 77.2561
1 1.53272 -39.1019 77.2761
1 1.61872 -39.1492 77.2961
1 1.6948 -39.1911 77.3161
1 1.76491 -39.2298 77.3361
1 1.80698 -39.253 77.3563
1 1.85669 -39.2804 77.3761
1 1.88651 -39.2969 77.3961
1 1.92887 -39.3203 77.4161
1 1.95428 -39.3343 77.4368
1 1.99398 -39.3563 77.4562
1 2.06669 -39.3966 77.4762
1 2.13474 -39.4343 77.4964
1 2.20001 -39.4705 77.5162
1 2.288 -39.5194 77.5364
1 2.38961 -39.5759 77.5561
1 2.52375 -39.6506 77.5761
1 2.65298 -39.7226 77.5968
1 2.75489 -39.7795 77.6161
1 2.84039 -39.8273 77.6361
1 2.91605 -39.8696 77.6573
1 2.98579 -39.9086 77.6767
1 3.05198 -39.9457 77.6962
1 3.11602 -39.9816 77.7161
1 3.17878 -40.0168 77.7362
1 3.26507 -40.0653 77.7561
1 3.34116 -40.108 77.7762
1 3.41112 -40.1474 77.7962
1 3.50168 -40.1984 77.8162
1 3.62886 -40.2702 77.8361
1 3.75369 -40.3407 77.8562
1 3.87709 -40.4106 77.8762
1 3.99962 -40.48 77.8961
1 4.12158 -40.5492 77.9161
1 4.24319 -40.6183 77.9362
1 4.36456 -40.6873 77.9562
1 4.48576 -40.7564 77.9764
1 4.60683 -40.8255 77.9961
1 4.75197 -40.9085 78.0165
1 4.91147 -40.9998 78.0362
1 5.05543 -41.0824 78.0594
1 5.19004 -41.1598 78.0762
1 5.31901 -41.234 78.0962
1 5.42048 -41.2924 78.1162
1 5.50546 -41.3414 78.1362
1 5.55644 -41.3708 78.1563
1 5.61111 -41.4023 78.1761
1 5.64392 -41.4212 78.1964
1 5.6636 -41.4326 78.2162
1 5.67541 -41.4394 78.2362
1 5.68249 -41.4435 78.2561
1 5.68674 -41.446 78.2762
1 5.68929 -41.4474 78.2962
1 5.75097 -41.4316 78.3162
1 5.89629 -41.3301 78.3362
1 6.11006 -41.1623 78.3561
1 6.38323 -40.9397 78.3762
1 6.7346 -40.6835 78.3962
1 7.07274 -40.4239 78.4162
1 7.36669 -40.1927 78.4362
1 7.59776 -40.0087 78.4562
1 7.76049 -39.9126 78.4763
1 7.88222 -39.8691 78.4962
1 7.97934 -39.8574 78.5163
1 8.06168 -39.8646 78.5362
1 8.15922 -39.8975 78.5562
1 8.26584 -39.9459 78.5767
1 8.3779 -40.0035 78.5974
1 8.49318 -40.0668 78.6162
1 8.61038 -40.1334 78.6372
1 8.72871 -40.2021 78.6567
1 8.87166 -40.2865 78.6762
1 9.02933 -40.3802 78.6964
1 9.17184 -40.4653 78.7162
1 9.32915 -40.5596 78.7365
1 9.47138 -40.645 78.7562
1 9.60453 -40.7252 78.7766
1 9.73221 -40.8022 78.7962
1 9.88046 -40.8919 78.8162
1 10.041 -40.9891 78.8363
1 10.2088 -41.091 78.8565
1 10.4048 -41.2103 78.8762
1 10.6176 -41.3401 78.8964
1 10.8403 -41.4763 78.9162
1 11.0927 -41.6311 78.9364
1 11.3626 -41.7971 78.9562
1 11.643 -41.9701 78.9763
1 11.9294 -42.1474 78.9963
1 12.1722 -42.2979 79.0163
1 12.4122 -42.4472 79.0366
1 12.627 -42.5811 79.0565
1 12.8029 -42.691 79.0764
1 12.9791 -42.8013 79.0988
1 13.1555 -42.9119 79.1211
1 13.2848 -42.9931 79.1362
1 13.3859 -43.0566 79.1563
1 13.47 -43.1096 79.1762
1 13.5205 -43.1414 79.1962
1 13.5508 -43.1604 79.2162
1 13.569 -43.1719 79.2362
1 13.6034 -43.1936 79.2563
1 13.6475 -43.2214 79.2762
1 13.7209 -43.2679 79.2962
1 13.8119 -43.3255 79.3163
1 13.9369 -43.4047 79.3363
1 14.0822 -43.4969 79.3563
1 14.263 -43.6119 79.3762
1 14.4548 -43.6821 79.3962
1 14.75 -43.6838 79.4162
1 15.0789 -43.6004 79.4363
1 15.4467 -43.4523 79.4563
1 15.8146 -43.2506 79.4763
1 16.1879 -43.0465 79.4962
1 16.5645 -42.8414 79.5162
1 16.9201 -42.6206 79.5363
1 17.2446 -42.4047 79.5563
1 17.5506 -42.192 79.5764
1 17.8458 -41.9813 79.5963
1 18.1345 -41.7721 79.6163
1 18.4009 -41.5778 79.6363
1 18.7219 -41.3753 79.6564
1 19.0827 -41.1307 79.6763
1 19.4677 -40.8615 79.6963
1 19.8676 -40.578 79.7163
1 20.258 -40.2999 79.7364
1 20.6429 -40.0255 79.7562
1 20.987 -39.7804 79.7763
1 21.269 -39.58 79.7963
1 21.4949 -39.4197 79.8164
1 21.6682 -39.2968 79.8363
1 21.7722 -39.2231 79.8564
1 21.8419 -39.1732 79.8763
1 21.8837 -39.1432 79.8963
1 21.9161 -39.1194 79.9163
1 21.9355 -39.1052 79.9363
1 21.9471 -39.0966 79.9564
1 21.9541 -39.0915 79.9763
1 21.9583 -39.0884 79.9964
1 21.9608 -39.0866 80.0164
1 21.9623 -39.0855 80.0364
1 21.9632 -39.0848 80.0563
1 21.9638 -39.0844 80.0763
1 21.9641 -39.0842 80.0963
1 21.9643 -39.084 80.1164
1 21.9717 -39.0782 80.1362
1 21.9761 -39.0747 80.1562
1 21.9788 -39.0726 80.1762
1 21.9804 -39.0713 80.1963
1 21.9813 -39.0706 80.2163
1 22.0053 -39.0861 80.2363
1 22.043 -39.1115 80.2562
1 22.0891 -39.1427 80.2763
1 22.1167 -39.1614 80.2963
1 22.1639 -39.183 80.3164
1 22.2156 -39.2119 80.3364
1 22.2466 -39.2293 80.3563
1 22.3074 -39.2425 80.3763
1 22.4007 -39.2106 80.3964
1 22.5442 -39.162 80.4164
1 22.7134 -39.0742 80.4364
1 22.9244 -38.944 80.4564
1 23.184 -38.8047 80.4763
1 23.4815 -38.6879 80.4963
1 23.786 -38.5629 80.5163
1 24.0946 -38.4331 80.5364
1 24.4101 -38.3302 80.5563
1 24.7266 -38.2787 80.5763
1 25.0552 -38.282 80.5964
1 25.3677 -38.302 80.6164
1 25.6591 -38.3083 80.6365
1 25.8954 -38.303 80.6562
1 26.1139 -38.2485 80.6765
1 26.2833 -38.1901 80.6963
1 26.4041 -38.1423 80.7164
1 26.4958 -38.1008 80.7364
1 26.6158 -38.0318 80.7563
1 26.7453 -37.9521 80.7763
1 26.8881 -37.8602 80.7964
1 27.0695 -37.7721 80.8164
1 27.286 -37.6794 80.8363
1 27.5274 -37.6135 80.8562
1 27.7415 -37.5597 80.8763
1 27.9549 -37.5359 80.8964
1 28.1254 -37.5259 80.9164
1 28.2701 -37.5241 80.9364
1 28.4069 -37.5216 80.9564
1 28.5388 -37.5187 80.9764
1 28.6717 -37.5451 80.9964
1 28.7977 -37.5948 81.0164
1 28.927 -37.6528 81.0364
1 29.0508 -37.7215 81.0565
1 29.1556 -37.7741 81.0764
1 29.2647 -37.8396 81.0964
1 29.3607 -37.8902 81.1165
1 29.4414 -37.9376 81.1363
1 29.4972 -37.9604 81.1564
1 29.5538 -37.9911 81.1763
1 29.5877 -38.0096 81.1966
1 29.6081 -38.0206 81.2163
1 29.6278 -38.0216 81.2363
1 29.6396 -38.0222 81.2564
1 29.6467 -38.0226 81.2763
1 29.6584 -38.0172 81.2963
1 29.6654 -38.014 81.3163
1 29.6696 -38.012 81.3363
1 29.6721 -38.0109 81.3563
1 29.7041 -38.0216 81.3763
1 29.7308 -38.0225 81.3963
1 29.7773 -38.0345 81.4163
1 29.8357 -38.0532 81.4363
1 29.8938 -38.0815 81.4564
1 29.9287 -38.0985 81.4764
1 29.9496 -38.1087 81.4964
1 29.9927 -38.1263 81.5163
1 30.0185 -38.1369 81.5364
1 30.0645 -38.1548 81.5563
1 30.1151 -38.1827 81.5764
1 30.1455 -38.1994 81.5964
1 30.1867 -38.2265 81.6164
1 30.2345 -38.2599 81.6363
1 30.2936 -38.2916 81.6566
1 30.3521 -38.3277 81.6779
1 30.3872 -38.3494 81.6967
1 30.4082 -38.3624 81.7164
1 30.4208 -38.3702 81.7363
1 30.4284 -38.3749 81.7563
1 30.433 -38.3777 81.7763
1 30.4357 -38.3794 81.7966
1 30.4373 -38.3804 81.8163
1 30.4383 -38.381 81.8363
1 30.4389 -38.3813 81.8563
1 30.4393 -38.3816 81.8764
1 30.4395 -38.3817 81.8963
1 30.4396 -38.3818 81.9165
1 30.4397 -38.3818 81.9363
1 30.4397 -38.3818 81.9565
1 30.4397 -38.3819 81.9763
1 30.4398 -38.3819 81.9963
1 30.4398 -38.3819 82.0163
1 30.4398 -38.3819 82.0367
1 30.4398 -38.3819 82.0568
1 30.4398 -38.3819 82.0766
1 30.4398 -38.3819 82.0963
1 30.4398 -38.3819 82.1163
1 30.4398 -38.3819 82.1368
1 30.4398 -38.3819 82.1565
1 30.4398 -38.3819 82.1763
1 30.4398 -38.3819 82.1963
1 30.4398 -38.3819 82.2163
1 30.4398 -38.3819 82.2365
1 30.4398 -38.3819 82.2563
1 30.4398 -38.3819 82.2764
1 30.4398 -38.3819 82.2963
1 30.4398 -38.3819 82.3163
1 30.4398 -38.3819 82.3363
1 30.4398 -38.3819 82.3563
0 30.4517 -38.3731 84.0763
0 30.4544 -38.3712 84.097
0 30.456 -38.37 84.1164
0 30.457 -38.3693 84.1364
0 30.4576 -38.3688 84.1563
0 30.4579 -38.3686 84.1765
0 30.4581 -38.3684 84.1963
0 30.4583 -38.3683 84.2165
0 30.4583 -38.3683 84.2364
0 30.4584 -38.3683 84.2563
0 30.4584 -38.3682 84.2763
0 30.4584 -38.3682 84.2963
0 30.4354 -38.3511 84.3165
0 30.3756 -38.3066 84.3373
0 30.3167 -38.2627 84.3564
0 30.2583 -38.2193 84.3763
0 30.2233 -38.1933 84.3963
0 30.1793 -38.1606 84.4165
0 30.1528 -38.1409 84.4364
0 30.1139 -38.1121 84.4564
0 30.0906 -38.0947 84.4764
0 30.0766 -38.0843 84.4966
0 30.0451 -38.061 84.5164
0 30.0263 -38.047 84.5364
0 29.9919 -38.0215 84.5564
0 29.9713 -38.0062 84.5764
0 29.9358 -37.98 84.5964
0 29.8915 -37.9472 84.6164
0 29.8187 -37.8933 84.6364
0 29.7289 -37.8269 84.6564
0 29.6057 -37.7359 84.6764
0 29.4698 -37.6247 84.6964
0 29.3495 -37.5184 84.7163
0 29.2152 -37.398 84.7364
0 29.0883 -37.2917 84.7564
0 28.9658 -37.194 84.7766
0 28.8459 -37.1014 84.7964
0 28.7042 -36.995 84.8166
0 28.5728 -36.8972 84.8364
0 28.4474 -36.8047 84.8566
0 28.3489 -36.7322 84.8764
0 28.2666 -36.6718 84.8964
0 28.2171 -36.6356 84.9164
0 28.1875 -36.6139 84.9364
0 28.1697 -36.6008 84.9564
0 28.159 -36.593 84.9764
0 28.1526 -36.5883 84.9964
0 28.1488 -36.5855 85.0164
0 28.1539 -36.5781 85.0364
0 28.157 -36.5738 85.0565
0 28.1663 -36.5655 85.0764
0 28.1719 -36.5605 85.0965
0 28.1752 -36.5575 85.1164
0 28.154 -36.5388 85.1365
0 28.1487 -36.522 85.1564
0 28.1455 -36.5119 85.1764
0 28.1436 -36.5058 85.1964
0 28.1424 -36.5021 85.2164
0 28.1184 -36.483 85.2365
0 28.0808 -36.4546 85.2565
0 28.0582 -36.4376 85.2764
0 28.0213 -36.4105 85.2964
0 27.9759 -36.3773 85.3164
0 27.9253 -36.3405 85.3364
0 27.8017 -36.2508 85.3564
0 27.6649 -36.1407 85.3765
0 27.5127 -36.0241 85.3964
0 27.3661 -35.8922 85.4164
0 27.2621 -35.7905 85.4364
0 27.1838 -35.707 85.4566
0 27.1368 -35.6569 85.4764
0 27.1086 -35.6268 85.4965
0 27.0917 -35.6088 85.5164
0 27.0816 -35.5979 85.5366
0 27.0755 -35.5914 85.5565
0 27.0718 -35.5875 85.5766
0 27.0696 -35.5852 85.5964
0 27.0683 -35.5838 85.6169
0 27.0675 -35.583 85.6364
0 27.0819 -35.5711 85.6564
0 27.098 -35.5584 85.6764
0 27.1151 -35.5451 85.6964
0 27.1254 -35.5371 85.7164
0 27.1315 -35.5323 85.7364
0 27.1352 -35.5295 85.7565
0 27.1449 -35.5221 85.7766
0 27.1507 -35.5177 85.7964
0 27.1542 -35.5151 85.8166
0 27.1563 -35.5135 85.8364
0 27.2037 -35.481 85.8566
0 27.317 -35.4041 85.8764
0 27.4625 -35.3062 85.8965
0 27.6274 -35.196 85.9164
0 27.804 -35.0784 85.9366
0 27.9448 -34.9523 85.9564
0 28.0876 -34.8382 85.9765
0 28.2316 -34.7313 85.9964
0 28.3335 -34.6245 86.0169
0 28.4336 -34.5349 86.0364
0 28.4972 -34.4456 86.0565
0 28.5119 -34.3749 86.0766
0 28.4738 -34.2983 86.0964
0 28.404 -34.2182 86.1164
0 28.3386 -34.1531 86.1364
0 28.2599 -34.0742 86.1564
0 28.1657 -33.9927 86.1764
0 28.0621 -33.9098 86.1964
0 27.9369 -33.8032 86.2164
0 27.8221 -33.6994 86.2364
0 27.7372 -33.6142 86.2564
0 27.6701 -33.5404 86.2764
0 27.6063 -33.479 86.2964
0 27.5445 -33.4253 86.3164
0 27.4838 -33.376 86.3365
0 27.4238 -33.3295 86.3564
0 27.3952 -33.2957 86.3765
0 27.3545 -33.2585 86.3964
0 27.3301 -33.2361 86.4169
0 27.3267 -33.1499 86.4364
0 27.2961 -32.9854 86.4564
0 27.2957 -32.7422 86.4764
0 27.3405 -32.4326 86.4966
0 27.4199 -32.0772 86.5165
0 27.4966 -31.6769 86.5366
0 27.5791 -31.2434 86.5564
0 27.6489 -30.7667 86.5766
0 27.7273 -30.2869 86.5964
0 27.7913 -29.8179 86.6166
0 27.8193 -29.3741 86.6364
0 27.8462 -28.999 86.6564
0 27.8581 -28.7435 86.6764
0 27.8653 -28.5903 86.6964
0 27.8893 -28.4852 86.7165
0 27.9038 -28.4222 86.7365
0 27.9124 -28.3844 86.7564
0 27.9176 -28.3617 86.7766
0 27.9208 -28.3481 86.7965
0 27.9226 -28.3399 86.8166
0 27.9313 -28.3291 86.8365
0 27.9366 -28.3226 86.8566
0 27.9397 -28.3187 86.8764
0 27.9567 -28.3044 86.8966
0 27.9745 -28.29 86.9165
0 28.0004 -28.2695 86.9365
0 28.0311 -28.2454 86.9564
0 28.0647 -28.2192 86.9766
0 28.1 -28.1918 86.9965
0 28.1288 -28.1696 87.0164
0 28.1612 -28.1446 87.0364
0 28.1883 -28.1238 87.0564
0 28.2045 -28.1113 87.0764
0 28.2143 -28.1039 87.0964
0 28.2277 -28.0936 87.1165
0 28.2358 -28.0874 87.1364
0 28.2406 -28.0837 87.1565
0 28.2435 -28.0815 87.1764
0 28.2453 -28.0802 87.1966
0 28.2463 -28.0794 87.2165
0 28.2229 -28.0615 87.2366
0 28.2089 -28.0508 87.2565
0 28.1765 -28.027 87.2767
0 28.109 -27.9779 87.2965
0 28.0685 -27.9485 87.3167
0 28.0443 -27.9309 87.3364
0 28.0297 -27.9203 87.3565
0 28.0209 -27.9139 87.3765
0 28.0157 -27.9101 87.3964
0 27.9885 -27.8905 87.4154
0 27.9722 -27.8787 87.4354
0 27.9144 -27.8369 87.4556
0 27.8075 -27.7598 87.4755
0 27.6712 -27.6616 87.4955
0 27.493 -27.5335 87.5154
0 27.2896 -27.3876 87.5355
0 27.071 -27.231 87.5554
0 26.8915 -27.1026 87.5755
0 26.7354 -26.9912 87.5955
0 26.6176 -26.9071 87.6154
0 26.5469 -26.8566 87.6354
0 26.5045 -26.8264 87.6555
0 26.4548 -26.791 87.6755
0 26.425 -26.7698 87.6954
0 26.4072 -26.7571 87.7155
0 26.3964 -26.7494 87.7355
0 26.39 -26.7448 87.7554
0 26.3619 -26.7249 87.7755
0 26.3209 -26.6957 87.7955
0 26.2962 -26.6783 87.8155
0 26.2815 -26.6678 87.8354
0 26.2726 -26.6615 87.8554
0 26.3465 -26.6042 87.8756
0 26.4702 -26.5166 87.8955
0 26.6039 -26.424 87.9157
0 26.7437 -26.3287 87.9355
0 26.8673 -26.245 87.9557
0 26.9414 -26.1947 87.9755
0 26.9859 -26.1646 87.9957
0 27.0126 -26.1465 88.0155
0 27.0286 -26.1356 88.0357
0 27.0382 -26.1291 88.0555
0 27.044 -26.1252 88.0755
0 27.0232 -26.1056 88.0955
0 27.0108 -26.0938 88.1155
0 26.9791 -26.0695 88.1355
0 26.9116 -26.0203 88.1555
0 26.8226 -25.9563 88.1756
0 26.7207 -25.8834 88.1955
0 26.6352 -25.8224 88.2155
0 26.5354 -25.7513 88.2355
0 26.4588 -25.6854 88.2555
0 26.3642 -25.6114 88.2759
0 26.2589 -25.5326 88.2955
0 26.1713 -25.4681 88.3155
0 26.0944 -25.4123 88.3355
0 26.0483 -25.3788 88.3555
0 26.0206 -25.3586 88.3755
0 26.004 -25.3466 88.3955
0 25.9697 -25.3222 88.4155
0 25.9491 -25.3075 88.4355
0 25.9368 -25.2987 88.4558
0 25.905 -25.2763 88.4755
0 25.886 -25.2628 88.4955
0 25.8502 -25.2375 88.5155
0 25.8287 -25.2224 88.5358
0 25.8158 -25.2133 88.5555
0 25.7837 -25.1907 88.5755
0 25.7401 -25.16 88.5955
0 25.6971 -25.1182 88.6155
0 25.647 -25.0761 88.6356
0 25.5925 -25.0336 88.6555
0 25.5598 -25.0081 88.6755
0 25.5158 -24.9757 88.6957
0 25.465 -24.9392 88.7155
0 25.4177 -24.8939 88.7357
0 25.3893 -24.8668 88.7555
0 25.3478 -24.8334 88.7756
0 25.2741 -24.7791 88.7955
0 25.1565 -24.6953 88.8155
0 25.0371 -24.6108 88.8355
0 24.9164 -24.526 88.8555
0 24.8026 -24.4349 88.8755
0 24.693 -24.3398 88.8955
0 24.6272 -24.2828 88.9155
0 24.5707 -24.2254 88.9357
0 24.5369 -24.1909 88.9555
0 24.5166 -24.1702 88.9757
0 24.5044 -24.1578 88.9955
0 24.4971 -24.1503 89.0156
0 24.4927 -24.1459 89.0355
0 24.4901 -24.1432 89.0557
0 24.464 -24.1246 89.0755
0 24.4483 -24.1134 89.0955
0 24.4389 -24.1067 89.1155
0 24.4333 -24.1026 89.1355
0 24.4299 -24.1002 89.1555
0 24.4033 -24.0817 89.1755
0 24.3874 -24.0706 89.1955
0 24.3778 -24.064 89.2155
0 24.3476 -24.043 89.2355
0 24.3294 -24.0304 89.2555
0 24.3015 -23.9996 89.2757
0 24.2357 -23.9471 89.2955
0 24.1225 -23.8646 89.3155
0 23.9638 -23.7409 89.3355
0 23.8099 -23.6034 89.3555
0 23.6588 -23.4575 89.3755
0 23.5416 -23.3174 89.3955
0 23.4618 -23.2039 89.4155
0 23.3968 -23.1127 89.4355
0 23.3408 -23.0348 89.4555
0 23.2824 -22.9711 89.4756
0 23.2474 -22.9329 89.4955
0 23.2264 -22.91 89.5155
0 23.2138 -22.8962 89.5355
0 23.2063 -22.888 89.5555
0 23.2017 -22.883 89.5755
0 23.2066 -22.8739 89.5955
0 23.2095 -22.8684 89.6157
0 23.2113 -22.8651 89.6356
0 23.1876 -22.8461 89.6555
0 23.1734 -22.8348 89.6755
0 23.1402 -22.811 89.6955
0 23.1203 -22.7968 89.7155
0 23.0836 -22.7713 89.7356
0 23.0369 -22.7391 89.7555
0 22.9841 -22.7029 89.7757
0 22.9525 -22.6811 89.7955
0 22.9088 -22.6511 89.8157
0 22.8825 -22.6332 89.8355
0 22.8668 -22.6224 89.8556
0 22.8326 -22.599 89.8755
0 22.7874 -22.5681 89.8955
0 22.7355 -22.5326 89.9158
0 22.7043 -22.5114 89.9355
0 22.6856 -22.4986 89.9555
0 22.6497 -22.4741 89.9756
0 22.6281 -22.4594 89.9955
0 22.5904 -22.4336 90.0157
0 22.5677 -22.4182 90.0355
0 22.5294 -22.3921 90.0557
0 22.5064 -22.3764 90.0755
0 22.4926 -22.367 90.0957
0 22.4843 -22.3614 90.1155
0 22.4793 -22.358 90.1357
0 22.4763 -22.356 90.1555
0 22.4745 -22.3547 90.1756
0 22.4735 -22.354 90.1955
0 22.4728 -22.3536 90.2156
0 22.4724 -22.3533 90.2356
0 22.4722 -22.3531 90.2555
0 22.4721 -22.353 90.2755
0 22.4472 -22.3361 90.2956
0 22.4323 -22.326 90.3155
0 22.4233 -22.3199 90.3355
0 22.418 -22.3162 90.3555
0 22.4346 -22.3001 90.3755
0 22.4844 -22.2627 90.3955
0 22.5541 -22.2124 90.4156
0 22.6109 -22.1376 90.4355
0 22.6477 -22.0557 90.4557
0 22.645 -21.9896 90.4755
0 22.6186 -21.9331 90.4958
0 22.5779 -21.8823 90.5156
0 22.5038 -21.818 90.5357
0 22.4594 -21.7795 90.5555
0 22.4079 -21.7395 90.5757
0 22.3846 -21.7091 90.5956
0 22.3706 -21.691 90.6156
0 22.3374 -21.6632 90.6355
0 22.2678 -21.6128 90.6556
0 22.1762 -21.5489 90.6755
0 22.0716 -21.4769 90.6957
0 21.9341 -21.3832 90.7156
0 21.8267 -21.3102 90.7358
0 21.7124 -21.2329 90.7555
0 21.6189 -21.1697 90.7756
0 21.5628 -21.1318 90.7955
0 21.5291 -21.109 90.8158
0 21.5089 -21.0954 90.8355
0 21.4968 -21.0872 90.8556
0 21.4895 -21.0823 90.8756
0 21.5449 -21.0373 90.8958
0 21.5732 -20.9795 90.9155
0 21.5652 -20.9281 90.9356
0 21.5105 -20.8637 90.9556
0 21.4527 -20.8083 90.9758
0 21.4256 -20.7686 90.9956
0 21.4093 -20.7447 91.0156
0 21.3996 -20.7305 91.0356
0 21.3937 -20.7219 91.0556
0 21.3902 -20.7167 91.0756
0 21.3881 -20.7136 91.0956
0 21.3945 -20.7054 91.1156
0 21.3982 -20.7004 91.1356
0 21.4005 -20.6974 91.1556
0 21.4019 -20.6956 91.1758
0 21.3777 -20.6778 91.1956
0 21.3133 -20.6335 91.2157
0 21.2496 -20.5903 91.2356
0 21.1864 -20.5475 91.2557
0 21.1061 -20.482 91.2756
0 21.0579 -20.4426 91.2956
0 21.0289 -20.419 91.3156
0 20.9942 -20.3817 91.3356
0 20.9733 -20.3593 91.3556
0 20.9608 -20.3459 91.3758
0 20.9609 -20.3314 91.3956
0 20.9685 -20.3162 91.4156
0 20.9731 -20.3071 91.4356
0 20.9758 -20.3017 91.4556
0 20.9775 -20.2984 91.4756
0 20.9785 -20.2965 91.4956
0 20.9791 -20.2953 91.5156
0 20.9794 -20.2946 91.5356
0 20.9797 -20.2942 91.5556
0 20.9798 -20.2939 91.5759
0 20.9799 -20.2938 91.5956
0 20.9799 -20.2937 91.6156
0 20.9875 -20.2872 91.6432
0 20.9997 -20.2769 91.6595
0 21.007 -20.2707 91.6756
0 21.0114 -20.267 91.6958
0 21.014 -20.2648 91.7156
1 21.2246 -20.3713 93.1358
1 21.2246 -20.3713 93.1556
1 21.2246 -20.3713 93.1756
1 21.2246 -20.3713 93.1957
1 21.2246 -20.3713 93.2156
1 21.2246 -20.3713 93.2356
1 21.2246 -20.3713 93.2556
1 21.2246 -20.3713 93.2757
1 21.2246 -20.3713 93.2959
1 21.2246 -20.3713 93.3157
1 21.2246 -20.3713 93.3356
1 21.2246 -20.3713 93.3556
1 21.2246 -20.3713 93.3756
1 21.2246 -20.3713 93.3957
1 21.2246 -20.3713 93.4156
1 21.2246 -20.3713 93.4356
1 21.2246 -20.3713 93.4557
1 21.2246 -20.3713 93.4757
1 21.2246 -20.3713 93.4957
1 21.2246 -20.3713 93.5156
1 21.2246 -20.3713 93.5356
1 21.2246 -20.3713 93.5557
1 21.2246 -20.3713 93.5756
1 21.2322 -20.3649 93.5959
1 21.2368 -20.3611 93.6156
1 21.2471 -20.3524 93.6358
1 21.2609 -20.3409 93.6556
1 21.2768 -20.3277 93.6756
1 21.2863 -20.3197 93.6956
1 21.2921 -20.3149 93.7161
1 21.2955 -20.3121 93.7357
1 21.3052 -20.304 93.7557
1 21.3436 -20.3097 93.7757
1 21.3916 -20.3299 93.7957
1 21.4204 -20.3421 93.8157
1 21.4627 -20.3662 93.8357
1 21.5207 -20.3912 93.8557
1 21.5805 -20.4231 93.8757
1 21.6489 -20.4528 93.8956
1 21.69 -20.4706 93.9157
1 21.7396 -20.4982 93.9358
1 21.7943 -20.5316 93.9556
1 21.8347 -20.5454 93.9757
1 21.859 -20.5537 93.9956
1 21.8985 -20.5756 94.0158
1 21.9222 -20.5887 94.0357
1 21.9364 -20.5966 94.0557
1 21.945 -20.6013 94.0758
1 21.99 -20.576 94.0957
1 22.0969 -20.5046 94.1158
1 22.241 -20.4057 94.1357
1 22.4151 -20.2841 94.1557
1 22.6474 -20.1212 94.1757
1 22.9147 -19.9337 94.1956
1 23.2233 -19.7178 94.2157
1 23.5493 -19.5236 94.2357
1 23.8608 -19.3255 94.2557
1 24.1485 -19.17 94.2758
1 24.4018 -19.0538 94.2957
1 24.6623 -18.9413 94.3157
1 24.8714 -18.8711 94.3357
1 25.0573 -18.8202 94.3557
1 25.2466 -18.8045 94.3757
1 25.4254 -18.8175 94.3957
1 25.5902 -18.854 94.4158
1 25.7465 -18.9046 94.4357
1 25.8728 -18.9464 94.4558
1 26.006 -19.0003 94.4765
1 26.086 -19.0326 94.4957
1 26.1339 -19.052 94.5157
1 26.1627 -19.0637 94.5357
1 26.18 -19.0707 94.5557
1 26.1903 -19.0749 94.5757
1 26.1965 -19.0774 94.5957
1 26.2328 -19.0903 94.6157
1 26.2546 -19.098 94.6357
1 26.2676 -19.1027 94.6557
1 26.2755 -19.1055 94.6757
1 26.2802 -19.1072 94.6957
1 26.3078 -19.1257 94.7157
1 26.3244 -19.1368 94.7357
1 26.3344 -19.1435 94.7557
1 26.3404 -19.1475 94.7758
1 26.3439 -19.1499 94.7958
1 26.3461 -19.1513 94.8157
1 26.3474 -19.1522 94.8359
1 26.3482 -19.1527 94.8557
1 26.3486 -19.153 94.8757
1 26.3489 -19.1532 94.8957
1 26.3491 -19.1533 94.9157
1 26.3492 -19.1534 94.9357
1 26.3492 -19.1534 94.9557
1 26.3493 -19.1535 94.9757
1 26.3493 -19.1535 94.9957
1 26.3493 -19.1535 95.0158
1 26.3493 -19.1535 95.0357
1 26.3493 -19.1535 95.0559
1 26.3741 -19.171 95.0757
1 26.4093 -19.1679 95.0958
1 26.4708 -19.1388 95.1157
1 26.5481 -19.0941 95.1357
1 26.6598 -19.0577 95.1557
1 26.7921 -19.0264 95.1757
1 26.9211 -19.0428 95.1957
1 27.0481 -19.0879 95.2157
1 27.1739 -19.1503 95.2357
1 27.2989 -19.2231 95.2557
1 27.4481 -19.3198 95.2757
1 27.5871 -19.4132 95.2957
1 27.7446 -19.5224 95.3162
1 27.9132 -19.6411 95.3358
1 28.084 -19.7344 95.3557
1 28.2604 -19.8437 95.3757
1 28.4155 -19.9449 95.3958
1 28.5825 -20.0591 95.4157
1 28.781 -20.1989 95.4357
1 28.9984 -20.3542 95.4558
1 29.227 -20.5189 95.4757
1 29.4378 -20.6715 95.4957
1 29.6377 -20.8168 95.5159
1 29.8555 -20.9758 95.5357
1 30.084 -21.1431 95.5558
1 30.3146 -21.2843 95.5757
1 30.5626 -21.3658 95.5959
1 30.8169 -21.3804 95.6157
1 31.0993 -21.3733 95.6358
1 31.3744 -21.3352 95.6557
1 31.6451 -21.2786 95.6758
1 31.9092 -21.1802 95.6959
1 32.1288 -21.0825 95.7157
1 32.2809 -21.011 95.7357
1 32.3721 -20.9681 95.7557
1 32.4512 -20.9606 95.7757
1 32.4987 -20.9562 95.7957
1 32.5272 -20.9535 95.8158
1 32.5686 -20.9701 95.8357
1 32.5935 -20.9801 95.8557
1 32.6327 -21.0044 95.8758
1 32.6563 -21.0189 95.8958
1 32.6947 -21.0459 95.9158
1 32.7421 -21.0804 95.9357
1 32.7949 -21.1194 95.9557
1 32.8266 -21.1428 95.9757
1 32.8456 -21.1568 95.9957
1 32.857 -21.1652 96.0157
1 32.8638 -21.1703 96.0357
1 32.8679 -21.1733 96.0558
1 32.8704 -21.1751 96.0757
1 32.8718 -21.1762 96.0959
1 32.8727 -21.1769 96.1157
1 32.8733 -21.1773 96.1358
1 32.8736 -21.1775 96.1558
1 32.8738 -21.1777 96.1757
1 32.8739 -21.1777 96.1958
1 32.874 -21.1778 96.2157
1 32.874 -21.1778 96.2357
1 32.874 -21.1778 96.2557
1 32.874 -21.1779 96.2757
1 32.874 -21.1779 96.2957
1 32.8741 -21.1779 96.3157
1 32.8741 -21.1779 96.3359
1 32.8741 -21.1779 96.3557
1 32.8741 -21.1779 96.3757
1 32.8741 -21.1779 96.3957
1 32.8741 -21.1779 96.4157
1 32.8741 -21.1779 96.4357
1 32.8741 -21.1779 96.4557
1 32.8741 -21.1779 96.4758
1 32.8741 -21.1779 96.4958
1 32.8741 -21.1779 96.5163
1 32.8741 -21.1779 96.5357
1 32.8741 -21.1779 96.5558
1 32.8741 -21.1779 96.5757
1 32.8741 -21.1779 96.5957
1 32.8741 -21.1779 96.6158
1 32.8741 -21.1779 96.6357
1 32.8741 -21.1779 96.6558
1 32.8741 -21.1779 96.6758
1 32.8741 -21.1779 96.6958
1 32.8741 -21.1779 96.7158
1 32.8741 -21.1779 96.7358
1 32.8984 -21.1962 96.756
1 32.9373 -21.2255 96.7763
1 33.0092 -21.2796 96.7958
1 33.1009 -21.3488 96.8162
1 33.2123 -21.4211 96.8359
1 33.3518 -21.5196 96.8558
1 33.5083 -21.6338 96.8772
1 33.6506 -21.7391 96.8958
1 33.8085 -21.8575 96.9158
1 33.9516 -21.9654 96.9358
1 34.1304 -22.0729 96.956
1 34.347 -22.1364 96.9758
1 34.57 -22.1494 96.9958
1 34.8096 -22.1256 97.0158
1 35.0999 -22.0548 97.0358
1 35.4041 -21.9997 97.0558
1 35.672 -21.948 97.0758
1 35.9424 -21.9173 97.0958
1 36.1696 -21.8928 97.1158
1 36.354 -21.9156 97.1358
1 36.4887 -21.948 97.1558
1 36.5936 -21.9862 97.1758
1 36.6805 -22.0279 97.1958
1 36.7327 -22.0529 97.2163
1 36.764 -22.0679 97.236
1 36.8068 -22.0956 97.2559
1 36.8565 -22.131 97.2759
1 36.9104 -22.171 97.2958
1 36.9427 -22.1951 97.3158
1 36.9861 -22.2282 97.3358
1 37.0121 -22.2482 97.3559
1 37.0517 -22.2789 97.3758
1 37.0833 -22.2915 97.3958
1 37.1023 -22.2991 97.4159
1 37.1376 -22.3225 97.4359
1 37.1829 -22.3553 97.456
1 37.2579 -22.4126 97.4758
1 37.3269 -22.4658 97.4958
1 37.4001 -22.5108 97.517
1 37.444 -22.5378 97.5358
1 37.4943 -22.5729 97.5558
1 37.5485 -22.6128 97.5758
1 37.6049 -22.6555 97.5958
1 37.6627 -22.7 97.6159
1 37.7212 -22.7456 97.636
1 37.7564 -22.773 97.6558
1 37.8014 -22.8082 97.6758
1 37.8523 -22.8483 97.6958
1 37.8829 -22.8723 97.7158
1 37.9329 -22.8999 97.7359
1 37.963 -22.9165 97.7558
1 37.981 -22.9264 97.7759
1 37.9918 -22.9324 97.7959
1 37.9983 -22.936 97.816
1 38.0022 -22.9381 97.8358
1 38.0045 -22.9394 97.8558
1 38.0059 -22.9402 97.8759
1 38.0067 -22.9406 97.8958
1 38.0073 -22.9409 97.9282
1 38.0076 -22.9411 97.9359
1 38.0077 -22.9412 97.9559
1 38.0078 -22.9412 97.9759
1 38.0079 -22.9413 97.996
1 38.008 -22.9413 98.0158
1 38.008 -22.9413 98.036
1 38.008 -22.9413 98.0558
1 38.008 -22.9413 98.0759
1 38.0285 -22.9291 98.0958
1 38.0817 -22.8975 98.1158
1 38.1751 -22.842 98.1359
1 38.3132 -22.7603 98.1559
1 38.4781 -22.6628 98.176
1 38.6386 -22.5682 98.1959
1 38.7966 -22.4753 98.2159
1 38.953 -22.3836 98.2361
1 39.1324 -22.3117 98.2558
1 39.2607 -22.2566 98.276
1 39.3821 -22.2306 98.296
1 39.4788 -22.2342 98.316
1 39.5368 -22.2363 98.336
1 39.5716 -22.2376 98.3558
1 39.6164 -22.2574 98.3758
1 39.6671 -22.2884 98.3959
1 39.7214 -22.3262 98.4159
1 39.8016 -22.387 98.4359
1 39.8974 -22.4618 98.456
1 40.0025 -22.545 98.4759
1 40.1132 -22.6332 98.4959
1 40.2272 -22.7245 98.516
1 40.3431 -22.8176 98.5358
1 40.4602 -22.9118 98.5559
1 40.5779 -23.0068 98.5759
1 40.696 -23.1022 98.5959
1 40.8143 -23.1979 98.6158
1 40.9327 -23.2938 98.6359
1 41.0274 -23.3706 98.6559
1 41.0842 -23.4167 98.6759
1 41.1183 -23.4443 98.6959
1 41.1387 -23.4609 98.7159
1 41.151 -23.4709 98.736
1 41.1584 -23.4768 98.7559
1 41.1628 -23.4804 98.776
1 41.1655 -23.4826 98.7959
1 41.167 -23.4839 98.8159
1 41.168 -23.4846 98.8359
1 41.1686 -23.4851 98.856
1 41.1689 -23.4854 98.8759
1 41.1691 -23.4856 98.896
1 41.1692 -23.4857 98.9159
1 41.1693 -23.4857 98.9358
1 41.1694 -23.4857 98.9558
1 41.1694 -23.4858 98.9759
1 41.1694 -23.4858 98.9958
1 41.1694 -23.4858 99.0158
1 41.1694 -23.4858 99.0359
1 41.1694 -23.4858 99.0559
1 41.1694 -23.4858 99.0759
1 41.1694 -23.4858 99.0959
1 41.1694 -23.4858 99.116
1 41.1694 -23.4858 99.1358
1 41.1694 -23.4858 99.1559
1 41.1694 -23.4858 99.176
1 41.1694 -23.4858 99.1959
1 41.1694 -23.4858 99.2159
1 41.1694 -23.4858 99.236
1 41.1694 -23.4858 99.2559
1 41.1931 -23.5051 99.2759
1 41.2073 -23.5166 99.2959
1 41.2364 -23.5118 99.3158
1 41.3156 -23.4737 99.3361
1 41.4043 -23.4275 99.3561
1 41.5066 -23.3707 99.3759
1 41.6328 -23.3326 99.396
1 41.7498 -23.2865 99.4158
1 41.8642 -23.2665 99.4359
1 41.9535 -23.2429 99.4559
1 42.0307 -23.2481 99.4759
1 42.0771 -23.2512 99.4963
1 42.1049 -23.2531 99.5158
1 42.1452 -23.2736 99.536
1 42.1694 -23.2859 99.5559
1 42.1839 -23.2933 99.576
1 42.1926 -23.2977 99.5958
1 42.1979 -23.3004 99.616
1 42.201 -23.302 99.6359
1 42.2029 -23.3029 99.6558
1 42.204 -23.3035 99.6761
1 42.2283 -23.3232 99.6959
1 42.2842 -23.3119 99.7159
1 42.3796 -23.2704 99.7358
1 42.4988 -23.2109 99.756
1 42.6116 -23.1521 99.7759
1 42.7442 -23.1133 99.7959
1 42.933 -23.0947 99.8159
1 43.0906 -23.0915 99.8359
1 43.2323 -23.1287 99.856
1 43.3645 -23.1901 99.8759
1 43.4989 -23.2603 99.896
1 43.6502 -23.3612 99.916
1 43.7959 -23.4552 99.936
1 43.9304 -23.5508 99.9559
1 44.0345 -23.6278 99.976
1 44.1441 -23.7132 99.9959
1 44.2567 -23.8037 100.018
1 44.3478 -23.8777 100.036
1 44.4259 -23.9417 100.056
1 44.4728 -23.9801 100.076
1 44.5009 -24.0032 100.096
1 44.5178 -24.017 100.116
1 44.5279 -24.0253 100.136
1 44.534 -24.0303 100.156
1 44.5376 -24.0332 100.176
1 44.5398 -24.035 100.196
1 44.5411 -24.0361 100.216
1 44.5419 -24.0368 100.236
1 44.5424 -24.0371 100.256
1 44.5427 -24.0374 100.276
1 44.5428 -24.0375 100.296
1 44.5429 -24.0376 100.316
1 44.543 -24.0376 100.336
1 44.543 -24.0377 100.356
1 44.5431 -24.0377 100.376
1 44.5431 -24.0377 100.396
1 44.5431 -24.0377 100.416
1 44.5431 -24.0377 100.436
1 44.5431 -24.0377 100.456
1 44.5431 -24.0377 100.476
1 44.5431 -24.0377 100.496
1 44.5431 -24.0377 100.516
1 44.5431 -24.0377 100.536
1 44.5431 -24.0377 100.556
1 44.5431 -24.0377 100.576
1 44.5431 -24.0377 100.596
1 44.5431 -24.0377 100.616
1 44.5665 -24.0574 100.636
1 44.5806 -24.0692 100.656
1 44.6125 -24.0959 100.676
1 44.6317 -24.1119 100.696
1 44.6666 -24.1412 100.716
1 44.7189 -24.1729 100.736
1 44.7971 -24.2313 100.756
1 44.8674 -24.286 100.776
1 44.9097 -24.3188 100.796
1 44.935 -24.3385 100.816
1 44.9502 -24.3503 100.836
1 44.9593 -24.3574 100.856
1 44.9882 -24.3813 100.876
1 45.0055 -24.3957 100.896
1 45.0238 -24.3988 100.916
1 45.0348 -24.4007 100.936
1 45.0414 -24.4018 100.956
1 45.0453 -24.4024 100.976
1 45.089 -24.3803 100.996
1 45.1645 -24.3391 101.016
1 45.2825 -24.3061 101.036
1 45.3947 -24.2639 101.056
1 45.5034 -24.2162 101.076
1 45.6413 -24.1795 101.096
1 45.7527 -24.1408 101.116
1 45.8923 -24.1096 101.136
1 46.0488 -24.083 101.156
1 46.2075 -24.0647 101.176
1 46.3548 -24.057 101.196
1 46.5159 -24.0447 101.216
1 46.6775 -24.0352 101.236
1 46.8472 -24.0219 101.256
1 46.9931 -24.0229 101.276
1 47.1688 -24.0415 101.296
1 47.3183 -24.0618 101.316
1 47.4729 -24.0721 101.336
1 47.6097 -24.0874 101.356
1 47.7438 -24.1003 101.376
1 47.8916 -24.1373 101.396
1 48.0035 -24.1796 101.416
1 48.1019 -24.2196 101.436
1 48.1609 -24.2436 101.456
1 48.2195 -24.2781 101.476
1 48.2547 -24.2988 101.496
1 48.2758 -24.3113 101.516
1 48.2885 -24.3187 101.536
1 48.2961 -24.3232 101.556
1 48.3007 -24.3259 101.576
1 48.3034 -24.3275 101.596
1 48.305 -24.3285 101.616
1 48.306 -24.329 101.636
1 48.3066 -24.3294 101.656
1 48.307 -24.3296 101.676
1 48.3072 -24.3297 101.696
1 48.3281 -24.3189 101.716
1 48.3847 -24.3218 101.736
1 48.4603 -24.3018 101.756
1 48.5705 -24.2884 101.776
1 48.7014 -24.2789 101.796
1 48.8681 -24.2921 101.817
1 49.0329 -24.2988 101.836
1 49.243 -24.3422 101.856
1 49.4779 -24.3768 101.876
1 49.7069 -24.417 101.896
1 49.9739 -24.4394 101.916
1 50.2199 -24.4417 101.936
1 50.4324 -24.4424 101.956
1 50.5598 -24.4428 101.976
1 50.6363 -24.443 101.996
1 50.6822 -24.4432 102.016
1 50.7097 -24.4433 102.036
1 50.7262 -24.4433 102.056
1 50.7362 -24.4434 102.076
1 50.7652 -24.4638 102.096
1 50.7826 -24.476 102.116
1 50.7931 -24.4834 102.136
1 50.7994 -24.4878 102.156
1 50.8111 -24.485 102.176
1 50.8412 -24.5037 102.196
1 50.8904 -24.5299 102.216
1 50.9429 -24.566 102.236
1 50.9975 -24.6081 102.256
1 51.0533 -24.6539 102.276
1 51.1178 -24.6963 102.296
1 51.2026 -24.7627 102.316
1 51.2766 -24.823 102.336
1 51.3439 -24.8797 102.356
1 51.4052 -24.9032 102.376
1 51.4629 -24.907 102.396
1 51.5414 -24.9193 102.416
1 51.6303 -24.9059 102.436
1 51.7045 -24.8874 102.456
1 51.8139 -24.8762 102.476
1 51.9293 -24.8433 102.496
1 52.0634 -24.8235 102.516
1 52.2086 -24.8116 102.536
1 52.3397 -24.8148 102.556
1 52.4912 -24.8114 102.576
1 52.6469 -24.8095 102.596
1 52.7613 -24.7981 102.616
1 52.8509 -24.7811 102.636
1 52.9046 -24.7709 102.656
1 52.9598 -24.7854 102.676
1 53.0009 -24.7887 102.696
1 53.0336 -24.7853 102.716
1 53.0532 -24.7832 102.736
1 53.0649 -24.782 102.756
1 53.072 -24.7812 102.776
1 53.0762 -24.7808 102.796
1 53.0788 -24.7805 102.816
1 53.0803 -24.7803 102.836
1 53.0812 -24.7802 102.856
1 53.0817 -24.7802 102.876
1 53.0821 -24.7802 102.896
1 53.0823 -24.7801 102.916
1 53.0824 -24.7801 102.936
1 53.0825 -24.7801 102.956
1 53.1054 -24.8008 102.976
1 53.1192 -24.8132 102.996
1 53.1505 -24.8413 103.016
1 53.1692 -24.8582 103.036
1 53.1804 -24.8684 103.056
1 53.2101 -24.8951 103.076
1 53.2588 -24.9265 103.096
1 53.311 -24.9661 103.116
1 53.3423 -24.9898 103.136
1 53.384 -25.0248 103.156
1 53.409 -25.0457 103.176
1 53.424 -25.0583 103.196
1 53.433 -25.0659 103.216
1 53.4613 -25.0911 103.236
1 53.5012 -25.127 103.256
1 53.5251 -25.1485 103.276
1 53.5395 -25.1615 103.296
1 53.5481 -25.1692 103.316
1 53.5761 -25.1946 103.336
1 53.593 -25.2098 103.356
1 53.6031 -25.219 103.376
1 53.6091 -25.2245 103.396
1 53.6128 -25.2277 103.416
1 53.6149 -25.2297 103.436
1 53.6582 -25.2106 103.456
1 53.726 -25.1789 103.476
1 53.8296 -25.1295 103.496
1 53.9337 -25.0797 103.516
1 54.082 -25.0405 103.536
1 54.2129 -24.9969 103.556
1 54.3335 -24.9507 103.576
1 54.4478 -24.903 103.596
1 54.5584 -24.8544 103.616
1 54.6897 -24.8262 103.636
1 54.8315 -24.7795 103.656
1 54.9797 -24.7218 103.676
1 55.1756 -24.6687 103.696
1 55.3644 -24.6018 103.716
1 55.57 -24.517 103.736
1 55.7857 -24.4215 103.756
1 55.9864 -24.3294 103.776
1 56.2221 -24.2509 103.796
1 56.4269 -24.1748 103.816
1 56.6001 -24.1042 103.836
1 56.7332 -24.0467 103.856
1 56.8422 -23.9971 103.876
1 56.9076 -23.9673 103.896
1 56.9549 -23.9439 103.916
1 56.9833 -23.9298 103.936
1 57.0003 -23.9214 103.956
1 57.0186 -23.9108 103.976
1 57.0376 -23.899 103.996
1 57.049 -23.8919 104.016
1 57.0558 -23.8877 104.036
1 57.0599 -23.8851 104.056
1 57.0624 -23.8836 104.076
1 57.0719 -23.8772 104.096
1 57.0776 -23.8733 104.116
1 57.081 -23.871 104.136
1 57.0831 -23.8696 104.156
1 57.0843 -23.8688 104.176
1 57.0851 -23.8683 104.196
0 56.4388 -23.2762 105.675
0 56.4184 -23.2573 105.695
0 56.3832 -23.2249 105.715
0 56.3391 -23.1842 105.735
0 56.2898 -23.1387 105.755
0 56.2373 -23.0903 105.775
0 56.1828 -23.0401 105.795
0 56.1042 -22.9677 105.815
0 56.0341 -22.9032 105.835
0 55.9691 -22.8434 105.855
0 55.9071 -22.7864 105.875
0 55.8469 -22.7311 105.895
0 55.7878 -22.6769 105.915
0 55.7294 -22.6232 105.935
0 55.6713 -22.57 105.955
0 55.5904 -22.4959 105.975
0 55.4728 -22.3883 105.995
0 55.3642 -22.276 106.015
0 55.2298 -22.1455 106.035
0 55.1029 -22.0252 106.055
0 54.9425 -21.8633 106.075
0 54.7748 -21.6722 106.095
0 54.6127 -21.489 106.115
0 54.462 -21.3047 106.135
0 54.3332 -21.1465 106.155
0 54.2407 -21.025 106.175
0 54.1388 -20.9101 106.195
0 54.0544 -20.8203 106.215
0 53.9653 -20.7188 106.235
0 53.8966 -20.6312 106.255
0 53.8169 -20.5311 106.275
0 53.7618 -20.4388 106.295
0 53.6903 -20.3358 106.315
0 53.5854 -20.2055 106.335
0 53.5263 -20.0594 106.355
0 53.4661 -19.8817 106.375
0 53.4265 -19.6747 106.395
0 53.3911 -19.4557 106.415
0 53.4088 -19.2034 106.435
0 53.435 -18.91 106.455
0 53.4875 -18.5815 106.475
0 53.5793 -18.2529 106.495
0 53.7006 -17.8872 106.515
0 53.8184 -17.5092 106.535
0 53.9496 -17.1507 106.555
0 54.0593 -16.8198 106.575
0 54.1858 -16.4894 106.595
0 54.2794 -16.1796 106.615
0 54.3629 -15.9464 106.635
0 54.419 -15.7693 106.655
0 54.4585 -15.6258 106.676
0 54.4903 -15.5339 106.695
0 54.4858 -15.4575 106.715
0 54.4594 -15.3904 106.735
0 54.4516 -15.3444 106.755
0 54.4233 -15.2956 106.775
0 54.3907 -15.2392 106.795
0 54.3986 -15.158 106.815
0 54.407 -15.0404 106.835
0 54.4319 -14.8896 106.855
0 54.486 -14.6771 106.875
0 54.5362 -14.4376 106.895
0 54.5979 -14.1388 106.915
0 54.6904 -13.8258 106.935
0 54.7343 -13.5032 106.955
0 54.7945 -13.1861 106.975
0 54.8324 -12.8565 106.995
0 54.8728 -12.5463 107.015
0 54.9146 -12.2477 107.035
0 54.9455 -12.0311 107.055
0 54.9618 -11.8693 107.075
0 54.9694 -11.7404 107.095
0 54.9955 -11.6527 107.115
0 54.9873 -11.5786 107.135
0 54.9585 -11.5125 107.155
0 54.9411 -11.4729 107.175
0 54.9068 -11.4277 107.195
0 54.8862 -11.4005 107.217
0 54.8738 -11.3842 107.235
0 54.8425 -11.3529 107.255
0 54.8237 -11.3341 107.275
0 54.8124 -11.3229 107.295
0 54.8056 -11.3161 107.315
0 54.8015 -11.312 107.335
0 54.7991 -11.3096 107.355
0 54.7737 -11.2866 107.375
0 54.7584 -11.2729 107.395
0 54.7253 -11.2431 107.415
0 54.6815 -11.2037 107.435
0 54.6312 -11.1587 107.455
0 54.601 -11.1316 107.475
0 54.5829 -11.1154 107.495
0 54.572 -11.1056 107.515
0 54.5655 -11.0998 107.535
0 54.5616 -11.0963 107.555
0 54.5593 -11.0942 107.575
0 54.5579 -11.0929 107.595
0 54.533 -11.0707 107.615
0 54.5181 -11.0573 107.635
0 54.5092 -11.0493 107.655
0 54.5038 -11.0445 107.675
0 54.5006 -11.0416 107.695
0 54.5068 -11.0342 107.715
0 54.5105 -11.0297 107.735
0 54.5208 -11.0213 107.755
0 54.5271 -11.0163 107.775
0 54.5389 -11.0076 107.795
0 54.546 -11.0024 107.815
0 54.5502 -10.9992 107.835
0 54.5528 -10.9973 107.855
0 54.5543 -10.9962 107.875
0 54.5313 -10.974 107.895
0 54.4934 -10.9393 107.915
0 54.4467 -10.8969 107.935
0 54.3706 -10.8286 107.955
0 54.2529 -10.7232 107.975
0 54.1182 -10.5899 107.995
0 53.9973 -10.4614 108.015
0 53.8687 -10.3085 108.035
0 53.7192 -10.1525 108.055
0 53.5893 -10.0104 108.075
0 53.4631 -9.88241 108.095
0 53.3471 -9.75708 108.115
0 53.2373 -9.63339 108.135
0 53.1795 -9.55343 108.155
0 53.1206 -9.48408 108.175
0 53.107 -9.43186 108.195
0 53.0988 -9.40053 108.215
0 53.0697 -9.36037 108.235
0 53.0523 -9.33627 108.255
0 53.0418 -9.32181 108.275
0 53.0113 -9.29177 108.297
0 52.9688 -9.25239 108.315
0 52.9408 -9.19679 108.335
0 52.9538 -9.14703 108.355
0 52.9808 -9.07459 108.375
0 53.0162 -8.98856 108.395
0 53.0324 -8.87301 108.415
0 53.0695 -8.75531 108.435
0 53.0867 -8.62077 108.455
0 53.1487 -8.51307 108.475
0 53.1616 -8.42704 108.495
0 53.1694 -8.37543 108.515
0 53.1497 -8.32305 108.535
0 53.1461 -8.28577 108.555
0 53.1439 -8.2634 108.575
0 53.1426 -8.24997 108.595
0 53.1418 -8.24192 108.615
0 53.1413 -8.23709 108.635
0 53.1491 -8.22834 108.655
0 53.1539 -8.22309 108.675
0 53.1648 -8.2141 108.695
0 53.1471 -8.18729 108.715
0 53.1365 -8.17121 108.735
0 53.1058 -8.14016 108.755
0 53.0388 -8.07873 108.775
0 52.9824 -8.01463 108.795
0 52.8998 -7.93341 108.815
0 52.8585 -7.87882 108.835
0 52.8093 -7.82469 108.855
0 52.799 -7.74956 108.875
0 52.8202 -7.65597 108.895
0 52.8303 -7.5678 108.915
0 52.8855 -7.45578 108.935
0 52.8917 -7.33514 108.955
0 52.901 -7.22484 108.975
0 52.904 -7.12664 108.995
0 52.9139 -7.0618 109.015
0 52.8954 -7.00148 109.035
0 52.8681 -6.93797 109.055
0 52.8273 -6.87845 109.075
0 52.7784 -6.82133 109.096
0 52.749 -6.78707 109.115
0 52.7314 -6.76651 109.135
0 52.7427 -6.74354 109.155
0 52.7576 -6.72384 109.175
0 52.7665 -6.71201 109.195
0 52.7719 -6.70492 109.215
0 52.7751 -6.70067 109.235
0 52.777 -6.69811 109.255
0 52.7863 -6.69067 109.275
0 52.7919 -6.68621 109.295
0 52.7708 -6.66211 109.315
0 52.7337 -6.62625 109.335
0 52.6951 -6.57742 109.357
0 52.672 -6.54812 109.375
0 52.6337 -6.50914 109.395
0 52.5943 -6.45845 109.416
0 52.5463 -6.40664 109.435
0 52.493 -6.35417 109.455
0 52.4365 -6.3013 109.475
0 52.3781 -6.24821 109.495
0 52.3186 -6.19499 109.515
0 52.2584 -6.1417 109.535
0 52.1977 -6.08838 109.555
0 52.1368 -6.03503 109.575
0 52.0512 -5.96035 109.595
0 51.9753 -5.89422 109.615
0 51.9298 -5.85454 109.635
0 51.8779 -5.80941 109.655
0 51.8222 -5.76103 109.675
0 51.7642 -5.71069 109.695
0 51.7022 -5.62711 109.715
0 51.6622 -5.54489 109.735
0 51.619 -5.43617 109.755
0 51.5875 -5.30679 109.775
0 51.5632 -5.16504 109.795
0 51.5184 -4.99458 109.815
0 51.464 -4.83897 109.835
0 51.3656 -4.67566 109.855
0 51.2624 -4.49697 109.875
0 51.1592 -4.34112 109.895
0 51.0478 -4.20512 109.915
0 50.9644 -4.09615 109.935
0 50.8648 -3.98831 109.955
0 50.7803 -3.90239 109.975
0 50.7296 -3.85084 109.996
0 50.7074 -3.81376 110.015
0 50.7159 -3.78064 110.035
0 50.7429 -3.74991 110.055
0 50.781 -3.72062 110.075
0 50.8039 -3.70304 110.095
0 50.8258 -3.68635 110.115
0 50.8389 -3.67634 110.135
0 50.8549 -3.66419 110.155
0 50.8646 -3.65691 110.175
0 50.8703 -3.65253 110.195
0 50.8738 -3.64991 110.215
0 50.8759 -3.64834 110.235
0 50.8523 -3.62614 110.255
0 50.8382 -3.61283 110.275
0 50.8297 -3.60484 110.295
0 50.7999 -3.5788 110.315
0 50.782 -3.56318 110.336
0 50.7712 -3.55381 110.355
0 50.7648 -3.54818 110.376
0 50.7828 -3.53394 110.395
0 50.7936 -3.5254 110.415
1 50.8099 -3.51258 111.095
1 50.8099 -3.51258 111.115
1 50.8099 -3.51258 111.135
1 50.8099 -3.51258 111.155
1 50.8099 -3.51258 111.175
1 50.8099 -3.51258 111.195
1 50.8099 -3.51258 111.215
1 50.8099 -3.51258 111.235
1 50.8099 -3.51258 111.255
1 50.8099 -3.51258 111.275
1 50.8099 -3.51258 111.295
1 50.8099 -3.51258 111.315
1 50.8347 -3.53383 111.335
1 50.8495 -3.54658 111.355
1 50.8914 -3.56936 111.375
1 50.9165 -3.58303 111.395
1 50.9563 -3.6125 111.417
1 51.005 -3.65145 111.435
1 51.0589 -3.69611 111.455
1 51.1242 -3.7381 111.475
1 51.188 -3.78459 111.495
1 51.284 -3.84905 111.515
1 51.3909 -3.93039 111.535
1 51.5127 -4.01586 111.555
1 51.6351 -4.10987 111.575
1 51.7578 -4.20903 111.595
1 51.8808 -4.31131 111.615
1 52.0201 -4.40356 111.635
1 52.1365 -4.47441 111.655
1 52.2799 -4.5421 111.675
1 52.4534 -4.60319 111.695
1 52.6887 -4.63903 111.715
1 52.9146 -4.64905 111.735
1 53.1267 -4.64948 111.755
1 53.3443 -4.63939 111.775
1 53.6061 -4.63318 111.795
1 53.8617 -4.61361 111.815
1 54.1111 -4.55387 111.835
1 54.3732 -4.49777 111.855
1 54.5964 -4.43271 111.875
1 54.7743 -4.3728 111.895
1 54.9333 -4.31017 111.915
1 55.1054 -4.26778 111.935
1 55.2551 -4.25382 111.955
1 55.3914 -4.25695 111.975
1 55.5059 -4.27488 111.995
1 55.643 -4.28686 112.015
1 55.7718 -4.30564 112.036
1 55.8955 -4.32853 112.056
1 56.0383 -4.34366 112.076
1 56.146 -4.34247 112.096
1 56.2547 -4.32128 112.115
1 56.342 -4.29834 112.136
1 56.4164 -4.27436 112.155
1 56.4831 -4.24977 112.175
1 56.5452 -4.22482 112.195
1 56.6045 -4.19967 112.215
1 56.7087 -4.18626 112.235
1 56.7933 -4.16808 112.255
1 56.8905 -4.16907 112.275
1 56.9953 -4.18161 112.295
1 57.1128 -4.19522 112.315
1 57.2519 -4.20532 112.335
1 57.39 -4.21756 112.355
1 57.5495 -4.22109 112.375
1 57.7138 -4.22533 112.395
1 57.9356 -4.23643 112.415
1 58.1454 -4.23955 112.435
1 58.348 -4.23796 112.455
1 58.5928 -4.24603 112.476
1 58.8163 -4.24761 112.495
1 59.0676 -4.29588 112.515
1 59.3193 -4.34416 112.535
1 59.5692 -4.36042 112.555
1 59.8181 -4.35761 112.575
1 60.0359 -4.35897 112.595
1 60.1888 -4.3501 112.615
1 60.3249 -4.32545 112.635
1 60.4612 -4.31768 112.655
1 60.5873 -4.29376 112.675
1 60.7175 -4.2865 112.695
1 60.8483 -4.25714 112.715
1 60.9731 -4.25249 112.735
1 61.1247 -4.24735 112.755
1 61.2824 -4.21566 112.775
1 61.4296 -4.17181 112.795
1 61.5624 -4.12651 112.815
1 61.6643 -4.08986 112.835
1 61.7255 -4.06787 112.855
1 61.7622 -4.05467 112.875
1 61.7842 -4.04676 112.895
1 61.7974 -4.04201 112.915
1 61.8053 -4.03916 112.935
1 61.8101 -4.03745 112.955
1 61.8129 -4.03642 112.975
1 61.8146 -4.03581 112.995
1 61.8157 -4.03544 113.015
1 61.8163 -4.03521 113.035
1 61.8167 -4.03508 113.055
1 61.8169 -4.035 113.075
1 61.8412 -4.0576 113.095
1 61.8881 -4.08801 113.115
1 61.9404 -4.12892 113.135
1 61.9717 -4.15346 113.155
1 61.9987 -4.16239 113.175
1 62.0149 -4.16775 113.195
1 62.057 -4.18787 113.215
1 62.1063 -4.22264 113.235
1 62.1683 -4.26044 113.255
1 62.2054 -4.28312 113.275
1 62.2518 -4.31944 113.295
1 62.3037 -4.36395 113.315
1 62.3672 -4.40766 113.335
1 62.4134 -4.42817 113.355
1 62.4634 -4.43104 113.375
1 62.5842 -4.42728 113.395
1 62.6871 -4.40991 113.415
1 62.7933 -4.38074 113.435
1 62.9098 -4.3388 113.455
1 63.0406 -4.28351 113.475
1 63.1495 -4.23529 113.495
1 63.2694 -4.2142 113.515
1 63.3718 -4.18654 113.535
1 63.486 -4.14565 113.555
1 63.609 -4.12906 113.575
1 63.7051 -4.10982 113.595
1 63.8155 -4.07407 113.615
1 63.9346 -4.02844 113.635
1 64.0506 -3.9826 113.655
1 64.1731 -3.93099 113.675
1 64.2912 -3.88163 113.695
1 64.4149 -3.82798 113.716
1 64.5561 -3.76834 113.735
1 64.6855 -3.71432 113.755
1 64.816 -3.65799 113.775
1 64.9473 -3.6003 113.795
1 65.0789 -3.54183 113.815
1 65.2108 -3.48294 113.835
1 65.3511 -3.41812 113.855
1 65.5205 -3.37297 113.875
1 65.6974 -3.31321 113.895
1 65.8806 -3.27695 113.915
1 66.0517 -3.22594 113.935
1 66.2313 -3.19507 113.955
1 66.4003 -3.14741 113.975
1 66.5712 -3.0841 113.995
1 66.7819 -2.99143 114.015
1 67.0085 -2.88692 114.035
1 67.2446 -2.77547 114.055
1 67.4782 -2.66551 114.075
1 67.7328 -2.54771 114.095
1 68.0001 -2.42537 114.115
1 68.2832 -2.29503 114.135
1 68.5677 -2.1655 114.155
1 68.8224 -2.05074 114.175
1 69.0591 -1.94493 114.195
1 69.2544 -1.85865 114.216
1 69.4331 -1.77874 114.235
1 69.61 -1.69736 114.255
1 69.7776 -1.62051 114.275
1 69.9397 -1.54643 114.295
1 70.0984 -1.47406 114.315
1 70.2778 -1.39415 114.335
1 70.4777 -1.30452 114.355
1 70.69 -1.20916 114.375
1 70.8708 -1.12955 114.395
1 71.0101 -1.06797 114.415
1 71.1018 -1.02578 114.436
1 71.165 -0.995246 114.456
1 71.2112 -0.971715 114.476
1 71.247 -0.952398 114.495
1 71.2849 -0.930453 114.516
1 71.3158 -0.912127 114.537
1 71.3425 -0.895986 114.555
1 71.3668 -0.881169 114.575
1 71.3977 -0.862053 114.595
1 71.4552 -0.831777 114.615
1 71.6141 -0.791663 114.635
1 71.8101 -0.721698 114.655
1 72.0282 -0.633995 114.675
1 72.2516 -0.540765 114.695
1 72.4391 -0.462758 114.715
1 72.5824 -0.402463 114.735
1 72.723 -0.377142 114.755
1 72.8394 -0.381376 114.775
1 72.9331 -0.408269 114.795
1 73.0451 -0.468245 114.815
1 73.1443 -0.523744 114.835
1 73.2276 -0.581431 114.855
1 73.3333 -0.660006 114.875
1 73.4287 -0.726749 114.895
1 73.5416 -0.81086 114.915
1 73.6331 -0.885769 114.935
1 73.7199 -0.950398 114.955
1 73.8183 -1.00516 114.975
1 73.9237 -1.05402 114.995
1 74.0178 -1.07013 115.015
1 74.1288 -1.09111 115.035
1 74.2725 -1.10664 115.055
1 74.4369 -1.15192 115.075
1 74.6046 -1.1869 115.095
1 74.7823 -1.21106 115.115
1 74.9353 -1.24183 115.135
1 75.1197 -1.29294 115.155
1 75.3074 -1.327 115.175
1 75.489 -1.35561 115.195
1 75.6524 -1.38454 115.215
1 75.7731 -1.39368 115.235
1 75.8918 -1.41567 115.255
1 75.9939 -1.41598 115.275
1 76.0551 -1.41616 115.296
1 76.1236 -1.43633 115.315
1 76.1647 -1.44843 115.335
1 76.2211 -1.47577 115.355
1 76.2866 -1.51229 115.375
1 76.3576 -1.55434 115.395
1 76.4238 -1.60436 115.415
1 76.4635 -1.63437 115.436
1 76.5417 -1.66439 115.455
1 76.6194 -1.66964 115.475
1 76.7195 -1.65189 115.495
1 76.8957 -1.62796 115.515
1 77.0939 -1.5756 115.535
1 77.3515 -1.52318 115.556
1 77.5987 -1.45401 115.579
1 77.8087 -1.38744 115.596
1 77.9883 -1.32695 115.615
1 78.165 -1.29969 115.635
1 78.2792 -1.27886 115.655
1 78.4101 -1.27451 115.676
1 78.543 -1.28456 115.696
1 78.6617 -1.27376 115.715
1 78.7873 -1.28003 115.735
1 78.9088 -1.30098 115.755
1 79.0126 -1.30121 115.775
1 79.1291 -1.31419 115.795
1 79.2615 -1.3305 115.815
1 79.4033 -1.3489 115.835
1 79.5273 -1.34337 115.855
1 79.656 -1.3531 115.875
1 79.7875 -1.37202 115.896
1 79.9206 -1.39649 115.915
1 80.0775 -1.41649 115.935
1 80.1943 -1.42063 115.955
1 80.2872 -1.41527 115.975
1 80.3972 -1.42531 115.995
1 80.4632 -1.43133 116.015
1 80.5109 -1.43069 116.035
1 80.5395 -1.4303 116.055
1 80.5567 -1.43007 116.075
1 80.5751 -1.42568 116.096
1 80.5861 -1.42305 116.115
1 80.6161 -1.44685 116.135
1 80.6882 -1.47446 116.156
1 80.7852 -1.47119 116.175
1 80.8742 -1.45722 116.196
1 80.9813 -1.42906 116.215
1 81.1453 -1.41014 116.236
1 81.2974 -1.37913 116.255
1 81.4657 -1.36639 116.276
1 81.6208 -1.37239 116.296
1 81.7599 -1.39385 116.315
1 81.8748 -1.4281 116.335
1 81.975 -1.47005 116.355
1 82.0352 -1.49522 116.375
1 82.0945 -1.53589 116.395
1 82.1382 -1.55615 116.416
1 82.1877 -1.59389 116.436
1 82.2487 -1.63801 116.456
1 82.3166 -1.68598 116.475
1 82.3805 -1.74037 116.496
1 82.4189 -1.77301 116.516
1 82.4419 -1.79259 116.536
1 82.487 -1.82589 116.556
1 82.5369 -1.83822 116.575
1 82.6289 -1.85551 116.596
1 82.7687 -1.83494 116.615
1 82.9371 -1.79174 116.637
1 83.0919 -1.74664 116.656
1 83.2693 -1.68887 116.676
1 83.5064 -1.64186 116.696
1 83.7642 -1.5717 116.715
1 84.0035 -1.49925 116.736
1 84.2237 -1.42948 116.756
1 84.4096 -1.36881 116.776
1 84.552 -1.32103 116.796
1 84.6684 -1.28099 116.816
1 84.7382 -1.25696 116.835
1 84.7882 -1.23858 116.855
1 84.8494 -1.24956 116.875
1 84.8941 -1.25222 116.895
1 84.929 -1.24989 116.915
1 84.966 -1.2407 116.935
1 84.9963 -1.23131 116.956
1 85.0225 -1.22181 116.975
1 85.0383 -1.21611 116.995
1 85.0477 -1.21269 117.015
1 85.0614 -1.20679 117.035
1 85.0696 -1.20325 117.056
1 85.0746 -1.20112 117.075
1 85.0775 -1.19985 117.096
1 85.0793 -1.19909 117.116
1 85.0804 -1.19863 117.135
0 85.3456 -0.0455961 117.975
0 85.2155 0.10133 117.995
0 85.0677 0.267927 118.015
0 84.9092 0.446275 118.035
0 84.7756 0.608861 118.056
0 84.6022 0.810826 118.075
0 84.3661 1.09184 118.095
0 84.1156 1.39409 118.115
0 83.8327 1.73498 118.136
0 83.5381 2.10232 118.155
0 83.2207 2.51478 118.176
0 82.9365 2.90223 118.195
0 82.672 3.27457 118.216
0 82.4034 3.66702 118.236
0 82.1085 4.09725 118.256
0 81.8288 4.49151 118.276
0 81.5899 4.84155 118.296
0 81.3674 5.16166 118.315
0 81.1226 5.48626 118.336
0 80.9041 5.75848 118.355
0 80.6774 6.025 118.376
0 80.4456 6.288 118.395
0 80.2426 6.52645 118.416
0 80.0248 6.77246 118.436
0 79.8061 7.02632 118.455
0 79.5947 7.28825 118.475
0 79.3715 7.58403 118.496
0 79.1249 7.92903 118.515
0 78.8883 8.27772 118.535
0 78.6654 8.63176 118.555
0 78.4587 8.99201 118.575
0 78.2535 9.35244 118.595
0 78.0569 9.71586 118.615
0 77.8981 10.0233 118.636
0 77.7862 10.2713 118.655
0 77.7027 10.4488 118.675
0 77.6527 10.5553 118.696
0 77.6226 10.6192 118.716
0 77.6046 10.6575 118.735
0 77.5938 10.6805 118.755
0 77.5873 10.6943 118.776
0 77.5775 10.7151 119.776
0 77.5856 10.7181 119.795
0 77.5904 10.7199 119.815
0 77.5933 10.721 119.835
0 77.595 10.7216 119.856
0 77.596 10.722 119.875
0 77.5723 10.7479 119.895
0 77.5092 10.8147 119.916
0 77.4226 10.906 119.936
0 77.3298 11.0151 119.956
0 77.2332 11.1348 119.976
0 77.1099 11.2864 119.995
0 76.897 11.5339 120.015
0 76.6461 11.8447 120.036
0 76.3888 12.1649 120.056
0 76.168 12.4711 120.076
0 75.9365 12.7913 120.095
0 75.7643 13.0404 120.115
0 75.5949 13.2692 120.135
0 75.4766 13.4349 120.156
0 75.3809 13.5598 120.176
0 75.3235 13.6347 120.196
0 75.2971 13.6826 120.215
0 75.2813 13.7114 120.236
0 75.2798 13.7316 120.256
0 75.279 13.7437 120.276
0 75.2865 13.7539 120.296
0 75.4197 13.7273 120.776
0 75.4198 13.7273 120.796
0 75.4199 13.7273 120.816
0 75.4199 13.7273 120.836
0 75.4199 13.7273 120.856
0 75.4199 13.7273 120.876
0 75.3705 13.7783 120.896
0 75.3161 13.8343 120.916
0 75.2996 13.8737 120.936
0 75.2729 13.9257 120.956
0 75.265 13.9597 120.976
0 75.2436 14.0085 120.996
0 75.214 14.066 121.016
0 75.1795 14.1289 121.036
0 75.1341 14.192 121.056
0 75.1149 14.2328 121.076
0 75.0866 14.2855 121.096
0 75.0201 14.368 121.116
0 74.9634 14.4458 121.136
0 74.8959 14.549 121.156
0 74.8138 14.6646 121.176
0 74.698 14.8131 121.196
0 74.5789 14.953 121.216
0 74.4657 15.0906 121.236
0 74.356 15.2267 121.256
0 74.2484 15.362 121.276
0 74.1341 15.4939 121.296
0 74.0156 15.6238 121.316
0 73.8776 15.7806 121.336
0 73.7449 15.9254 121.356
0 73.6153 16.0629 121.376
0 73.5206 16.1736 121.396
0 73.4388 16.2653 121.416
0 73.3477 16.3737 121.436
0 73.268 16.4641 121.456
0 73.1951 16.5436 121.476
0 73.1514 16.5914 121.496
0 73.1252 16.62 121.516
0 73.1095 16.6372 121.536
0 73.1 16.6475 121.556
0 73.0944 16.6536 121.576
0 73.091 16.6574 121.596
0 73.0889 16.6596 121.616
0 73.0877 16.6609 121.636
1 73.1484 16.5997 122.256
1 73.1735 16.5744 122.276
1 73.1885 16.5592 122.296
1 73.1975 16.5501 122.316
1 73.2029 16.5446 122.336
1 73.2062 16.5414 122.356
1 73.2332 16.5141 122.376
1 73.2493 16.4977 122.395
1 73.2591 16.4879 122.415
1 73.2649 16.482 122.435
1 73.2684 16.4785 122.455
1 73.2705 16.4763 122.475
1 73.2717 16.4751 122.495
1 73.2725 16.4743 122.515
1 73.2729 16.4738 122.535
1 73.2732 16.4736 122.555
1 73.2734 16.4734 122.575
1 73.2735 16.4733 122.595
1 73.3236 16.4226 122.615
1 73.3786 16.3669 122.635
1 73.4367 16.3081 122.655
1 73.4965 16.2474 122.675
1 73.5573 16.1857 122.695
1 73.6188 16.1233 122.715
1 73.6807 16.0605 122.735
1 73.7677 15.9721 122.755
1 73.8698 15.8682 122.775
1 73.9809 15.7551 122.795
1 74.1454 15.621 122.815
1 74.3632 15.5195 122.835
1 74.6442 15.4501 122.855
1 75.0341 15.3937 122.876
1 75.4599 15.2965 122.895
1 75.915 15.177 122.915
1 76.3797 15.041 122.935
1 76.802 14.9108 122.955
1 77.1989 14.7838 122.975
1 77.5653 14.6517 122.995
1 77.8562 14.5654 123.015
1 78.111 14.474 123.035
1 78.3197 14.4053 123.055
1 78.5484 14.3337 123.075
1 78.8189 14.3074 123.095
1 79.0993 14.3014 123.115
1 79.4167 14.3194 123.135
1 79.7405 14.3462 123.155
1 80.0912 14.3873 123.175
1 80.3793 14.4419 123.195
1 80.6451 14.5112 123.215
1 80.9068 14.5563 123.235
1 81.1347 14.5751 123.255
1 81.3283 14.5365 123.275
1 81.4921 14.4959 123.295
1 81.6704 14.4305 123.315
1 81.8574 14.3501 123.335
1 82.0892 14.2405 123.355
1 82.2991 14.1662 123.375
1 82.5514 14.0978 123.395
1 82.7979 14.0215 123.415
1 83.0722 13.9515 123.435
1 83.364 13.85 123.455
1 83.6583 13.7267 123.475
1 83.962 13.5927 123.495
1 84.2633 13.4496 123.515
1 84.5622 13.3361 123.535
1 84.8684 13.2074 123.555
1 85.1702 13.1021 123.575
1 85.478 12.978 123.595
1 85.7573 12.8667 123.615
1 86.0196 12.763 123.635
1 86.2475 12.6905 123.655
1 86.4556 12.6016 123.675
1 86.6363 12.4969 123.695
1 86.8167 12.3534 123.715
1 86.9729 12.2133 123.735
1 87.1145 12.0754 123.755
1 87.2233 11.9657 123.775
1 87.2887 11.8999 123.795
1 87.3279 11.8604 123.815
1 87.3514 11.8367 123.835
1 87.3655 11.8225 123.855
1 87.4057 11.7894 123.875
1 87.501 11.7239 123.895
1 87.6524 11.6469 123.915
1 87.837 11.5981 123.935
1 88.0652 11.539 123.955
1 88.3192 11.5087 123.975
1 88.6128 11.4331 123.995
1 88.8832 11.3493 124.015
1 89.1396 11.2605 124.035
1 89.3167 11.2151 124.055
1 89.4462 11.1958 124.075
1 89.5239 11.1841 124.095
1 89.5706 11.1772 124.115
1 89.5986 11.173 124.135
1 89.6391 11.1433 124.155
1 89.6872 11.0982 124.175
1 89.716 11.0712 124.195
1 89.7333 11.055 124.215
1 89.7437 11.0452 124.235
1 89.797 11.02 124.255
1 89.876 10.9855 124.275
1 89.9937 10.9531 124.295
1 90.0876 10.9414 124.315
1 90.191 10.9149 124.335
1 90.3004 10.8445 124.355
1 90.4134 10.7476 124.375
1 90.5285 10.6348 124.395
1 90.5976 10.5672 124.415
1 90.7093 10.5147 124.435
1 90.8698 10.4788 124.455
1 91.06 10.4178 124.475
1 91.2679 10.3415 124.495
1 91.51 10.2286 124.518
1 91.7256 10.1135 124.535
1 91.9252 10.0319 124.555
1 92.1152 9.93538 124.575
1 92.2761 9.85743 124.595
1 92.4429 9.76303 124.615
1 92.5898 9.68625 124.635
1 92.7713 9.63469 124.655
1 92.9503 9.59082 124.675
1 93.1511 9.55874 124.695
1 93.3651 9.49874 124.715
1 93.5635 9.4495 124.735
1 93.7059 9.42714 124.755
1 93.8847 9.40752 124.775
1 94.062 9.38228 124.795
1 94.2385 9.35361 124.815
1 94.3677 9.34346 124.835
1 94.5152 9.32371 124.855
1 94.6271 9.31888 124.875
1 94.7409 9.29524 124.895
1 94.9026 9.23946 124.915
1 95.1162 9.13647 124.935
1 95.4309 9.02552 124.961
1 95.6896 8.91003 124.976
1 95.9148 8.82642 124.995
1 96.0963 8.72046 125.015
1 96.2285 8.62898 125.035
1 96.3078 8.57409 125.055
1 96.3786 8.51325 125.075
1 96.4211 8.47674 125.095
1 96.4465 8.45484 125.115
1 96.4618 8.44169 125.135
1 96.471 8.43381 125.155
1 96.4765 8.42908 125.175
1 96.4798 8.42624 125.195
1 96.4818 8.42453 125.215
1 96.483 8.42351 125.235
1 96.4837 8.4229 125.255
1 96.4841 8.42253 125.275
1 96.4844 8.42231 125.295
1 96.4845 8.42218 125.315
1 96.4846 8.4221 125.335
1 96.4847 8.42205 125.355
1 96.4847 8.42202 125.375
1 96.4847 8.42201 125.395
1 96.4847 8.42199 125.415
1 96.4848 8.42199 125.435
