0 -0.918998 -100 54.8172
0 -0.93662 -100 54.8372
0 -0.947193 -100 54.8572
0 -0.953537 -100 54.8772
0 -0.957343 -100 54.8973
0 -0.959627 -100 54.9172
0 -0.960997 -100 54.9372
0 -0.961819 -100 54.9572
0 -0.962313 -100 54.9772
0 -0.962609 -100 54.9972
0 -0.962786 -100 55.0172
0 -0.962893 -100 55.0372
0 -0.962957 -100 55.0572
0 -0.976319 -100 55.0772
0 -1.05595 -100 55.0973
0 -1.19337 -100 55.1172
0 -1.31172 -100 55.1372
0 -1.4366 -100 55.1572
0 -1.58345 -100 55.1772
0 -1.74357 -100 55.1972
0 -1.89369 -100 55.2172
0 -2.0018 -100 55.2372
0 -2.06666 -100 55.2572
0 -2.10558 -100 55.2772
0 -2.12441 -100 55.2972
0 -2.13571 -100 55.3172
0 -2.14249 -100 55.3374
0 -2.18263 -100 55.3572
0 -2.25637 -100 55.3775
0 -2.35483 -100 55.3972
0 -2.48176 -100 55.4172
0 -2.62587 -100 55.4372
0 -2.76225 -100 55.4572
0 -2.86222 -100 55.4773
0 -2.91322 -100 55.4972
0 -2.93932 -100 55.5176
0 -2.95498 -100 55.5373
0 -2.96437 -100 55.5572
0 -2.97001 -100 55.5772
0 -3.00971 -100 55.5972
0 -3.10624 -100 55.6172
0 -3.21426 -100 55.6372
0 -3.29727 -100 55.6573
0 -3.3426 -100 55.6772
0 -3.3698 -100 55.6973
0 -3.40433 -100 55.7172
0 -3.42505 -100 55.7372
0 -3.433 -100 55.7572
0 -3.43329 -100 55.7772
0 -3.43346 -100 55.7972
0 -3.43356 -100 55.8172
0 -3.45185 -100 55.8374
0 -3.48105 -100 55.8572
0 -3.5168 -100 55.8774
0 -3.57474 -100 55.8972
0 -3.64153 -100 55.9175
0 -3.73642 -100 55.9372
0 -3.8482 -100 55.9573
0 -4.00679 -100 55.9772
0 -4.17082 -100 55.9974
0 -4.31985 -100 56.0176
0 -4.44599 -100 56.0372
0 -4.57238 -100 56.0572
0 -4.71738 -100 56.0772
0 -4.88323 -100 56.0972
0 -5.08025 -100 56.1172
0 -5.28737 -99.968 56.1372
0 -5.46813 -99.8847 56.1572
0 -5.63759 -99.7791 56.1772
0 -5.81362 -99.6861 56.1973
0 -6.0123 -99.5933 56.2173
0 -6.22471 -99.5007 56.2373
0 -6.42681 -99.4157 56.2574
0 -6.58105 -99.3412 56.2772
0 -6.67359 -99.2966 56.2972
0 -6.72912 -99.2698 56.3173
0 -6.78112 -99.2463 56.3373
0 -6.83102 -99.2249 56.3572
0 -6.86096 -99.2121 56.3772
0 -6.87892 -99.2044 56.3973
0 -6.8897 -99.1997 56.4172
0 -6.89617 -99.197 56.4373
0 -6.90005 -99.1953 56.4572
0 -6.90238 -99.1943 56.4772
0 -6.90377 -99.1937 56.4973
0 -6.92331 -99.186 56.5172
0 -6.93504 -99.1814 56.5374
0 -6.96077 -99.1712 56.5573
0 -6.97622 -99.1652 56.5788
0 -6.98548 -99.1615 56.5972
0 -6.98667 -99.1506 56.6174
0 -6.98301 -99.1354 56.6372
0 -6.98081 -99.1262 56.6572
0 -6.97949 -99.1207 56.6772
0 -6.99741 -99.1101 56.6973
0 -7.08308 -99.0743 56.7173
0 -7.18635 -99.0221 56.7372
0 -7.30461 -98.9688 56.7572
0 -7.39435 -98.9295 56.7773
0 -7.46697 -98.8987 56.7973
0 -7.52932 -98.8728 56.8172
0 -7.58553 -98.85 56.8372
0 -7.63805 -98.829 56.8573
0 -7.68836 -98.8091 56.8772
0 -7.75617 -98.7826 56.8973
0 -7.81568 -98.7594 56.9174
0 -7.85138 -98.7455 56.9374
0 -7.8728 -98.7371 56.9574
0 -7.9233 -98.7175 56.9773
0 -7.97244 -98.6985 56.9973
0 -8.03961 -98.6725 57.0172
0 -8.13648 -98.6352 57.0373
0 -8.23234 -98.5982 57.0572
0 -8.30873 -98.5688 57.0772
0 -8.35456 -98.5512 57.0973
0 -8.38206 -98.5406 57.1174
0 -8.39857 -98.5342 57.1373
0 -8.40847 -98.5304 57.1573
0 -8.41441 -98.5281 57.1772
0 -8.41797 -98.5268 57.1974
0 -8.42011 -98.5259 57.2173
0 -8.41707 -98.5166 57.2373
0 -8.41524 -98.511 57.2573
0 -8.41415 -98.5077 57.2774
0 -8.41349 -98.5056 57.2973
0 -8.4131 -98.5044 57.3173
0 -8.41286 -98.5037 57.3373
0 -8.41272 -98.5033 57.3573
0 -8.41263 -98.503 57.3774
0 -8.42714 -98.4868 57.3973
0 -8.43153 -98.4682 57.4172
0 -8.42983 -98.4482 57.4373
0 -8.42448 -98.4274 57.4574
0 -8.42127 -98.4149 57.4773
0 -8.47606 -98.3857 57.4972
0 -8.58461 -98.3391 57.5173
0 -8.66436 -98.2951 57.5373
0 -8.72683 -98.2526 57.5573
0 -8.76 -98.2182 57.5773
0 -8.79454 -98.1815 57.5974
0 -8.81526 -98.1595 57.6173
0 -8.82338 -98.1374 57.6374
0 -8.82825 -98.1242 57.6573
0 -8.82685 -98.1074 57.6773
0 -8.82601 -98.0973 57.6974
0 -8.82551 -98.0913 57.7173
0 -8.82089 -98.0788 57.7374
0 -8.81379 -98.0625 57.7573
0 -8.80521 -98.0439 57.7773
0 -8.80006 -98.0327 57.7974
0 -8.79698 -98.026 57.8173
0 -8.79512 -98.0219 57.8373
0 -8.79401 -98.0195 57.8573
0 -8.79334 -98.0181 57.8773
0 -8.79294 -98.0172 57.8973
0 -8.78838 -98.0079 57.9173
0 -8.78564 -98.0022 57.9373
0 -8.77967 -97.99 57.9574
0 -8.77609 -97.9827 57.9773
0 -8.76961 -97.9695 57.9973
0 -8.76573 -97.9616 58.0173
0 -8.75907 -97.948 58.0373
0 -8.75074 -97.931 58.0573
0 -8.74141 -97.912 58.0773
0 -8.73581 -97.9006 58.0973
0 -8.72812 -97.8849 58.1173
0 -8.71917 -97.8667 58.1375
0 -8.70947 -97.847 58.1574
0 -8.69931 -97.8263 58.1773
0 -8.69321 -97.8139 58.1973
0 -8.68955 -97.8065 58.2173
0 -8.68736 -97.802 58.2373
0 -8.68604 -97.7993 58.2575
0 -8.70423 -97.7904 58.2774
0 -8.71515 -97.7851 58.2974
0 -8.71302 -97.7642 58.3173
0 -8.70741 -97.7429 58.3373
0 -8.70404 -97.7302 58.3573
0 -8.69767 -97.7137 58.3773
0 -8.69385 -97.7038 58.3973
0 -8.71056 -97.6905 58.4173
0 -8.73958 -97.6753 58.4374
0 -8.77601 -97.6588 58.4573
0 -8.79352 -97.6401 58.4773
0 -8.79969 -97.6201 58.4973
0 -8.82241 -97.6008 58.5173
0 -8.85506 -97.5819 58.5373
0 -8.91271 -97.5559 58.5573
0 -8.97219 -97.5171 58.5773
0 -9.03864 -97.4545 58.5973
0 -9.1314 -97.3863 58.6173
0 -9.18705 -97.3453 58.6373
0 -9.25429 -97.2973 58.6573
0 -9.33284 -97.2539 58.6773
0 -9.4373 -97.2061 58.6973
0 -9.55306 -97.1467 58.7174
0 -9.70966 -97.057 58.7373
0 -9.84824 -96.9547 58.7573
0 -9.97177 -96.8359 58.7773
0 -10.0479 -96.7217 58.7973
0 -10.132 -96.6386 58.8173
0 -10.2402 -96.5671 58.8375
0 -10.3822 -96.4952 58.8573
0 -10.5252 -96.4303 58.8774
0 -10.6689 -96.3698 58.8974
0 -10.7702 -96.3173 58.9173
0 -10.8309 -96.2858 58.9373
0 -10.8674 -96.2669 58.9574
0 -10.9086 -96.2484 58.9774
0 -10.9333 -96.2373 58.9973
0 -10.9438 -96.2216 59.0174
0 -10.9459 -96.2032 59.0374
0 -10.9471 -96.1922 59.0573
0 -10.9436 -96.1766 59.0774
0 -10.9758 -96.1439 59.0974
0 -11.0102 -96.1081 59.1176
0 -11.0653 -96.0632 59.1374
0 -11.1564 -96.0146 59.1576
0 -11.2413 -95.9531 59.1773
0 -11.3613 -95.8695 59.1973
0 -11.5176 -95.7563 59.2177
0 -11.7306 -95.6021 59.2373
0 -11.9737 -95.4142 59.2575
0 -12.2632 -95.2171 59.2774
0 -12.5265 -95.0451 59.2974
0 -12.7433 -94.9204 59.3175
0 -12.9084 -94.8224 59.3374
0 -13.0075 -94.7635 59.3574
0 -13.0669 -94.7282 59.3774
0 -13.1026 -94.707 59.3974
0 -13.1198 -94.6852 59.4179
0 -13.1455 -94.6559 59.4375
0 -13.196 -94.615 59.4578
0 -13.2811 -94.56 59.4774
0 -13.3673 -94.5037 59.4974
0 -13.4499 -94.4375 59.5174
0 -13.5503 -94.3583 59.5373
0 -13.657 -94.2621 59.5573
0 -13.7874 -94.1486 59.5773
0 -13.9279 -94.0156 59.5975
0 -14.0148 -93.807 59.6174
0 -14.0963 -93.4679 59.6373
0 -14.1456 -93.0565 59.6573
0 -14.195 -92.655 59.6774
0 -14.231 -92.3543 59.6973
0 -14.2458 -92.1476 59.7175
0 -14.2209 -91.9782 59.7373
0 -14.1656 -91.8479 59.7575
0 -14.1011 -91.7412 59.7773
0 -14.0311 -91.6486 59.7974
0 -14.0023 -91.5596 59.8174
0 -13.9803 -91.4535 59.8375
0 -13.9918 -91.3301 59.8575
0 -14.0184 -91.2056 59.8775
0 -14.07 -91.0637 59.8978
0 -14.141 -90.9209 59.9175
0 -14.2306 -90.8039 59.9374
0 -14.2867 -90.7073 59.9575
0 -14.316 -90.6397 59.9775
0 -14.325 -90.5799 59.9974
0 -14.3303 -90.5441 60.0181
0 -14.3293 -90.513 60.0375
0 -14.3243 -90.4847 60.0575
0 -14.317 -90.4582 60.0775
0 -14.3083 -90.4327 60.0975
0 -14.3189 -90.4006 60.1175
0 -14.3456 -90.374 60.1375
0 -14.4223 -90.3363 60.1575
0 -14.5045 -90.2896 60.1775
0 -14.574 -90.2544 60.1976
0 -14.6318 -90.2164 60.2175
0 -14.6578 -90.1744 60.2374
0 -14.6604 -90.1204 60.2575
0 -14.649 -90.0592 60.2774
0 -14.6335 -90.0034 60.2975
0 -14.6199 -89.9603 60.3175
0 -14.6321 -89.9272 60.3375
0 -14.6799 -89.8928 60.3575
0 -14.729 -89.8648 60.3775
0 -14.7787 -89.8408 60.3975
0 -14.8085 -89.8264 60.4175
0 -14.8264 -89.8178 60.4374
0 -14.8372 -89.8126 60.4575
0 -14.864 -89.8022 60.4775
0 -14.9003 -89.7888 60.4975
0 -14.9832 -89.759 60.5174
0 -15.0693 -89.717 60.5374
0 -15.153 -89.6581 60.5574
0 -15.2354 -89.5891 60.5774
0 -15.3171 -89.514 60.5975
0 -15.3982 -89.4352 60.6175
0 -15.4792 -89.3543 60.6375
0 -15.5557 -89.2624 60.6575
0 -15.6177 -89.1904 60.6774
0 -15.6754 -89.14 60.6974
0 -15.7671 -89.0784 60.7175
0 -15.8836 -89.0199 60.7374
0 -15.974 -88.9776 60.7575
0 -16.0487 -88.945 60.7775
0 -16.0892 -88.9158 60.7975
0 -16.1136 -88.8983 60.8175
0 -16.1282 -88.8877 60.8375
0 -16.1574 -88.8742 60.8575
0 -16.175 -88.8661 60.8776
0 -16.2017 -88.8444 60.8975
0 -16.2588 -88.817 60.9176
0 -16.2888 -88.7909 60.9375
0 -16.2982 -88.756 60.9575
0 -16.2953 -88.7157 60.9775
0 -16.3054 -88.665 60.9975
0 -16.3029 -88.6153 61.0175
0 -16.2928 -88.5662 61.0375
0 -16.2868 -88.5368 61.0576
0 -16.3037 -88.5119 61.0776
0 -16.355 -88.4825 61.0976
0 -16.402 -88.4481 61.1174
0 -16.4465 -88.4106 61.1374
0 -16.5101 -88.364 61.1575
0 -16.5603 -88.3095 61.1774
0 -16.6479 -88.2456 61.1974
0 -16.7581 -88.1761 61.2176
0 -16.8612 -88.1103 61.2374
0 -16.9601 -88.0468 61.2576
0 -17.0772 -87.9775 61.2774
0 -17.2217 -87.888 61.2975
0 -17.362 -87.7934 61.3175
0 -17.5041 -87.7056 61.3375
0 -17.6058 -87.636 61.3575
0 -17.6626 -87.5846 61.3775
0 -17.6924 -87.544 61.3975
0 -17.7311 -87.5125 61.4174
0 -17.7915 -87.4697 61.4376
0 -17.8651 -87.42 61.4584
0 -17.9508 -87.3759 61.4774
0 -18.023 -87.3424 61.4974
0 -18.0829 -87.3054 61.5176
0 -18.1396 -87.2762 61.5374
0 -18.1694 -87.2489 61.5575
0 -18.183 -87.2228 61.5774
0 -18.1827 -87.1877 61.5984
0 -18.1782 -87.1569 61.6174
0 -18.1712 -87.1287 61.6374
0 -18.1671 -87.1118 61.6574
0 -18.1854 -87.0945 61.6774
0 -18.238 -87.0699 61.6975
0 -18.2638 -86.982 61.7174
0 -18.2813 -86.7931 61.7374
0 -18.2662 -86.5231 61.7574
0 -18.2175 -86.1939 61.7774
0 -18.1412 -85.8469 61.7974
0 -18.0577 -85.4895 61.8175
0 -17.9762 -85.1535 61.8375
0 -17.9334 -84.851 61.8575
0 -17.9205 -84.5963 61.8776
0 -17.9184 -84.3878 61.8974
0 -17.9887 -84.2029 61.9175
0 -18.107 -84.0424 61.9374
0 -18.2966 -83.8823 61.9574
0 -18.5124 -83.7398 61.9775
0 -18.7439 -83.6082 61.9978
0 -18.9594 -83.4799 62.0175
0 -19.1527 -83.3814 62.0376
0 -19.2858 -83.3049 62.0574
0 -19.3612 -83.2486 62.0774
0 -19.4022 -83.2045 62.0974
0 -19.4224 -83.1676 62.1174
0 -19.4346 -83.1455 62.1374
0 -19.4419 -83.1323 62.1576
0 -19.4676 -83.1172 62.1774
0 -19.4831 -83.1081 62.1974
0 -19.4923 -83.1027 62.2174
0 -19.5192 -83.0923 62.2374
0 -19.5568 -83.0789 62.2574
0 -19.622 -83.0566 62.2775
0 -19.6997 -83.0186 62.2974
0 -19.7891 -82.9816 62.3176
0 -19.8598 -82.9419 62.3374
0 -19.9665 -82.8968 62.3574
0 -20.0948 -82.8485 62.3774
0 -20.2577 -82.7913 62.3974
0 -20.4413 -82.7288 62.4174
0 -20.5902 -82.6667 62.4377
0 -20.7441 -82.6085 62.4575
0 -20.901 -82.5525 62.4777
0 -21.0598 -82.498 62.4974
0 -21.2413 -82.4374 62.5177
0 -21.4149 -82.3803 62.5374
0 -21.5407 -82.339 62.5575
0 -21.6594 -82.3004 62.5774
0 -21.7522 -82.2703 62.5975
0 -21.8295 -82.2454 62.6174
0 -21.9192 -82.2166 62.6376
0 -22.0162 -82.1855 62.6575
0 -22.1394 -82.1463 62.6775
0 -22.2783 -82.1021 62.6974
0 -22.4483 -82.0482 62.7174
0 -22.6112 -81.9848 62.7374
0 -22.7742 -81.9263 62.7575
0 -22.8833 -81.8453 62.7774
0 -22.8826 -81.714 62.7975
0 -22.8116 -81.542 62.8175
0 -22.6821 -81.3167 62.8375
0 -22.5271 -81.0596 62.8575
0 -22.4107 -80.8088 62.8775
0 -22.3132 -80.551 62.8974
0 -22.2551 -80.3103 62.9175
0 -22.2675 -80.1233 62.9375
0 -22.3145 -79.9863 62.9577
0 -22.3603 -79.8863 62.9774
0 -22.4316 -79.8124 62.9976
0 -22.4963 -79.7611 63.0175
0 -22.5571 -79.7234 63.0378
0 -22.6155 -79.6939 63.0575
0 -22.6506 -79.6761 63.0778
0 -22.6716 -79.6655 63.0976
0 -22.6842 -79.6591 63.1176
0 -22.6918 -79.6553 63.1375
0 -22.7183 -79.6461 63.1576
0 -22.7342 -79.6406 63.1775
0 -22.7437 -79.6373 63.1975
0 -22.7494 -79.6353 63.2177
0 -22.7529 -79.6341 63.2375
0 -22.7549 -79.6334 63.2575
0 -22.7562 -79.6329 63.2775
0 -22.7569 -79.6327 63.2975
0 -22.7531 -79.6216 63.3174
0 -22.7465 -79.604 63.3375
0 -22.7339 -79.5716 63.3574
0 -22.7221 -79.5412 63.3775
0 -22.702 -79.4902 63.3974
0 -22.6857 -79.4487 63.4175
0 -22.6716 -79.4129 63.4377
0 -22.6632 -79.3914 63.4575
0 -22.6581 -79.3785 63.4777
0 -22.6551 -79.3708 63.4975
0 -22.6532 -79.3661 63.5178
0 -22.6521 -79.3634 63.5375
0 -22.6472 -79.3508 63.5577
0 -22.6399 -79.3323 63.5775
0 -22.6312 -79.3104 63.5977
0 -22.613 -79.2645 63.6181
0 -22.5892 -79.2044 63.6377
0 -22.4964 -79.07 63.6575
0 -22.2962 -78.8251 63.6777
0 -22.0069 -78.5027 63.6975
0 -21.681 -78.1774 63.7177
0 -21.337 -77.8617 63.7375
0 -21.0006 -77.5739 63.7575
0 -20.712 -77.3359 63.7775
0 -20.4443 -77.1461 63.7975
0 -20.2325 -77.0179 63.8175
0 -20.0643 -76.9264 63.8375
0 -19.9414 -76.8789 63.8575
0 -19.8365 -76.8355 63.8775
0 -19.747 -76.8058 63.8975
0 -19.6712 -76.7954 63.9177
0 -19.6212 -76.7781 63.9375
0 -19.5912 -76.7677 63.9575
0 -19.5732 -76.7615 63.9775
0 -19.5579 -76.7466 63.9975
0 -19.5442 -76.7266 64.0175
0 -19.536 -76.7147 64.0375
0 -19.531 -76.7075 64.0575
0 -19.5281 -76.7031 64.0775
0 -19.5217 -76.6895 64.0975
0 -19.5089 -76.6591 64.1175
0 -19.4921 -76.6188 64.1376
0 -19.473 -76.5724 64.1575
0 -19.4433 -76.5004 64.1776
0 -19.4027 -76.4021 64.1975
0 -19.351 -76.277 64.2177
0 -19.2788 -76.1032 64.2375
0 -19.1896 -75.8896 64.2575
0 -19.09 -75.6525 64.2775
0 -18.9886 -75.4125 64.2977
0 -18.9092 -75.2253 64.3175
0 -18.8616 -75.1129 64.3377
0 -18.833 -75.0455 64.3575
0 -18.8159 -75.0051 64.3777
0 -18.8056 -74.9808 64.3975
0 -18.7994 -74.9662 64.4177
0 -18.7957 -74.9575 64.4375
0 -18.7935 -74.9522 64.4577
0 -18.7922 -74.9491 64.4775
0 -18.7914 -74.9472 64.4977
0 -18.7909 -74.9461 64.5175
0 -18.7906 -74.9454 64.5377
0 -18.7904 -74.945 64.5575
0 -18.7903 -74.9447 64.5775
0 -18.7902 -74.9446 64.5975
0 -18.7902 -74.9445 64.6175
0 -18.7902 -74.9445 64.6375
0 -18.7902 -74.9444 64.6575
0 -18.8123 -74.9367 64.6775
0 -18.8257 -74.932 64.6975
0 -18.8336 -74.9293 64.7175
0 -18.8384 -74.9276 64.7375
0 -18.8635 -74.9189 64.7576
0 -18.8785 -74.9136 64.7775
0 -18.9097 -74.9028 64.7975
0 -18.9285 -74.8963 64.8175
0 -18.9397 -74.8924 64.8376
0 -18.9465 -74.89 64.8576
0 -18.9505 -74.8886 64.8775
0 -18.9529 -74.8878 64.8975
0 -18.9544 -74.8873 64.9175
0 -18.904 -74.8232 64.9375
0 -18.8002 -74.7288 64.9575
0 -18.6864 -74.6086 64.9775
0 -18.5444 -74.4806 64.9975
0 -18.3657 -74.3261 65.0175
0 -18.2216 -74.1811 65.0375
0 -18.1452 -74.0452 65.0577
0 -18.0948 -73.9037 65.0775
0 -18.1098 -73.732 65.0977
0 -18.1494 -73.531 65.1175
0 -18.2309 -73.3155 65.1377
0 -18.3254 -73.0991 65.1575
0 -18.4053 -72.8899 65.1775
0 -18.5038 -72.6883 65.1975
0 -18.6106 -72.5215 65.2175
0 -18.73 -72.3564 65.2375
0 -18.8299 -72.1889 65.2575
0 -18.9181 -72.0199 65.2775
0 -19.0142 -71.8613 65.2975
0 -19.1002 -71.6975 65.3175
0 -19.1849 -71.5419 65.3375
0 -19.219 -71.3954 65.3575
0 -19.2573 -71.2884 65.3775
0 -19.3029 -71.2164 65.398
0 -19.3528 -71.1654 65.4178
0 -19.4055 -71.127 65.4375
0 -19.4597 -71.0962 65.4575
0 -19.5375 -71.0621 65.4775
0 -19.6068 -71.0339 65.498
0 -19.6711 -71.0092 65.5175
0 -19.755 -70.9789 65.5375
0 -19.828 -70.9529 65.5577
0 -19.9399 -70.9141 65.5775
0 -20.0297 -70.8831 65.5975
0 -20.0836 -70.8646 65.6175
0 -20.1159 -70.8534 65.6375
0 -20.158 -70.839 65.6576
0 -20.1833 -70.8303 65.6776
0 -20.2164 -70.8061 65.6975
0 -20.2544 -70.7725 65.7175
0 -20.2951 -70.7332 65.7375
0 -20.3376 -70.6906 65.7575
0 -20.3812 -70.646 65.7775
0 -20.4434 -70.5811 65.7975
0 -20.5169 -70.5041 65.8176
0 -20.6018 -70.4311 65.8376
0 -20.7118 -70.3415 65.8575
0 -20.8368 -70.242 65.8775
0 -20.9481 -70.1443 65.8976
0 -21.0559 -70.0589 65.9177
0 -21.1616 -69.981 65.9375
0 -21.2661 -69.9076 65.9576
0 -21.3241 -69.8522 65.9775
0 -21.3771 -69.7999 65.9975
0 -21.4089 -69.7685 66.0177
0 -21.428 -69.7497 66.0375
0 -21.4347 -69.727 66.0576
0 -21.4341 -69.7021 66.0775
0 -21.4701 -69.6491 66.0976
0 -21.5464 -69.5602 66.1177
0 -21.6287 -69.4689 66.1376
0 -21.7329 -69.357 66.1577
0 -21.8502 -69.233 66.1775
0 -21.9802 -69.1129 66.1976
0 -22.0766 -69.0219 66.2175
0 -22.1804 -68.952 66.2376
0 -22.2427 -68.9101 66.2576
0 -22.2754 -68.8736 66.2776
0 -22.295 -68.8517 66.2976
0 -22.3298 -68.8309 66.3177
0 -22.3691 -68.7995 66.3375
0 -22.3926 -68.7806 66.3577
0 -22.4251 -68.7503 66.3775
0 -22.4813 -68.6942 66.3976
0 -22.5749 -68.615 66.4178
0 -22.6448 -68.5371 66.4375
0 -22.7052 -68.4714 66.4577
0 -22.7414 -68.432 66.4775
0 -22.7631 -68.4083 66.4976
0 -22.7761 -68.3942 66.5183
0 -22.7792 -68.3743 66.5376
0 -22.7764 -68.351 66.5577
0 -22.7979 -68.3294 66.578
0 -22.8107 -68.3165 66.5977
0 -22.8137 -68.2973 66.6177
0 -22.8156 -68.2858 66.6375
0 -22.8166 -68.279 66.6576
0 -22.8173 -68.2748 66.6776
0 -22.8408 -68.2648 66.6976
0 -22.8549 -68.2587 66.7175
0 -22.8587 -68.2437 66.7376
0 -22.8841 -68.2271 66.7576
0 -22.9456 -68.202 66.7776
0 -23.0241 -68.1604 66.7975
0 -23.0849 -68.1051 66.8176
0 -23.1353 -68.0417 66.8377
0 -23.184 -67.9846 66.8576
0 -23.2317 -67.9315 66.8776
0 -23.302 -67.8731 66.8976
0 -23.358 -67.8077 66.9178
0 -23.4101 -67.7496 66.9376
0 -23.4553 -67.6844 66.9579
0 -23.4777 -67.6339 66.9777
0 -23.5096 -67.5847 66.9977
0 -23.5241 -67.5439 67.0176
0 -23.5187 -67.4853 67.0377
0 -23.4967 -67.4048 67.0576
0 -23.4879 -67.3037 67.0776
0 -23.4685 -67.2092 67.0976
0 -23.494 -67.1146 67.1176
0 -23.5326 -67.0502 67.1377
0 -23.6023 -66.9964 67.1576
0 -23.6674 -66.9565 67.1776
0 -23.7251 -66.9137 67.1976
0 -23.755 -66.8766 67.2176
0 -23.7915 -66.8355 67.2376
0 -23.832 -66.792 67.2576
0 -23.8936 -66.7281 67.2776
0 -23.9725 -66.6632 67.2977
0 -24.0572 -66.5866 67.3176
0 -24.1687 -66.4953 67.3376
0 -24.2777 -66.414 67.3576
0 -24.3805 -66.3276 67.3776
0 -24.4796 -66.238 67.3978
0 -24.5765 -66.1465 67.4176
0 -24.6769 -66.0653 67.4378
0 -24.7981 -65.9713 67.4576
0 -24.8849 -65.8847 67.4779
0 -24.9557 -65.814 67.4976
0 -24.9936 -65.7602 67.5178
0 -25.0397 -65.7205 67.5376
0 -25.0628 -65.6853 67.5576
0 -25.1001 -65.6567 67.5776
0 -25.1177 -65.6282 67.5978
0 -25.1519 -65.6036 67.6176
0 -25.1912 -65.57 67.6376
0 -25.2618 -65.5348 67.6576
0 -25.3183 -65.4836 67.6776
0 -25.3616 -65.4114 67.6976
0 -25.4159 -65.308 67.7176
0 -25.4816 -65.197 67.7376
0 -25.554 -65.0816 67.7576
0 -25.64 -64.986 67.7776
0 -25.7294 -64.8911 67.7976
0 -25.7972 -64.8041 67.8176
0 -25.8758 -64.7144 67.8376
0 -25.9419 -64.6418 67.858
0 -25.9815 -64.5982 67.8776
0 -26.0053 -64.5721 67.8976
0 -26.0196 -64.5564 67.9176
0 -26.0518 -64.5395 67.9376
0 -26.0665 -64.5181 67.9576
0 -26.0752 -64.5052 67.9776
0 -26.1042 -64.49 67.9976
0 -26.1689 -64.466 68.0176
0 -26.2504 -64.4253 68.0376
0 -26.29 -64.3028 68.0576
0 -26.3319 -64.092 68.0776
0 -26.3752 -63.8279 68.0976
0 -26.3956 -63.5393 68.1176
0 -26.4308 -63.2399 68.1376
0 -26.4462 -62.9297 68.1576
0 -26.4851 -62.6505 68.1776
0 -26.5448 -62.423 68.1976
0 -26.6123 -62.215 68.2176
0 -26.6721 -62.0711 68.2378
0 -26.7271 -61.9656 68.2576
0 -26.7794 -61.8832 68.2778
0 -26.8587 -61.8189 68.2976
0 -26.9304 -61.7728 68.3178
0 -26.9973 -61.7377 68.3376
0 -27.0568 -61.6976 68.3578
0 -27.1405 -61.6586 68.3776
0 -27.234 -61.6087 68.3978
0 -27.3142 -61.5714 68.4176
0 -27.3816 -61.5299 68.4377
0 -27.4367 -61.4743 68.4576
0 -27.4649 -61.4293 68.4777
0 -27.5059 -61.3948 68.4976
0 -27.5258 -61.3625 68.5177
0 -27.5811 -61.3167 68.5376
0 -27.6096 -61.2775 68.5576
0 -27.6413 -61.2233 68.5776
0 -27.6796 -61.1718 68.5978
0 -27.722 -61.1218 68.6176
0 -27.7956 -61.077 68.6376
0 -27.8592 -61.0311 68.6576
0 -27.9456 -60.9888 68.6778
0 -27.9975 -60.9634 68.6976
0 -28.048 -60.9291 68.7176
0 -28.1024 -60.9012 68.7376
0 -28.1593 -60.8771 68.7577
0 -28.1934 -60.8626 68.7776
0 -28.238 -60.8466 68.7977
0 -28.2889 -60.8296 68.8178
0 -28.3437 -60.8121 68.8377
0 -28.3718 -60.7899 68.8578
0 -28.4081 -60.7576 68.8777
0 -28.4977 -60.7046 68.8977
0 -28.5904 -60.6347 68.9183
0 -28.7093 -60.5476 68.9377
0 -28.8196 -60.4573 68.9576
0 -28.9249 -60.3652 68.9777
0 -29.0076 -60.291 68.9981
0 -29.101 -60.2202 69.0183
0 -29.1814 -60.1705 69.0382
0 -29.2249 -60.129 69.0576
0 -29.2462 -60.0924 69.0778
0 -29.259 -60.0704 69.0976
0 -29.2667 -60.0573 69.1176
0 -29.2713 -60.0494 69.1376
0 -29.2984 -60.0373 69.1576
0 -29.3146 -60.0301 69.1776
0 -29.3197 -60.0141 69.1976
0 -29.3179 -59.9929 69.2177
0 -29.3122 -59.9684 69.2377
0 -29.3039 -59.9421 69.2576
0 -29.2895 -59.903 69.2776
0 -29.2714 -59.8563 69.2977
0 -29.2558 -59.8166 69.3178
0 -29.2464 -59.7928 69.3377
0 -29.2603 -59.7596 69.3579
0 -29.293 -59.7324 69.3777
0 -29.337 -59.7087 69.3977
0 -29.3829 -59.6756 69.4176
0 -29.4301 -59.6368 69.4377
0 -29.4537 -59.6019 69.4576
0 -29.4631 -59.5693 69.4777
0 -29.4687 -59.5498 69.4977
0 -29.4673 -59.5265 69.5177
0 -29.457 -59.4892 69.5378
0 -29.4413 -59.4437 69.5577
0 -29.4271 -59.4048 69.5777
0 -29.4138 -59.3698 69.5977
0 -29.401 -59.3373 69.6178
0 -29.3934 -59.3177 69.6376
0 -29.384 -59.2945 69.6579
0 -29.3784 -59.2805 69.6776
0 -29.3947 -59.2532 69.6978
0 -29.424 -59.2179 69.7177
0 -29.4809 -59.1589 69.7378
0 -29.559 -59.0973 69.7576
0 -29.65 -59.0342 69.7777
0 -29.8023 -58.9671 69.7976
0 -29.9868 -58.8863 69.8177
0 -30.1662 -58.8044 69.8376
0 -30.3426 -58.722 69.8578
0 -30.4681 -58.6537 69.8777
0 -30.5633 -58.5939 69.8978
0 -30.6156 -58.5464 69.9177
0 -30.6375 -58.4947 69.9369
0 -30.6459 -58.4521 69.9567
0 -30.6461 -58.4149 69.9768
0 -30.6415 -58.381 69.9967
0 -30.6388 -58.3607 70.0169
0 -30.6323 -58.3369 70.0367
0 -30.6237 -58.311 70.0569
0 -30.6138 -58.284 70.0768
0 -30.6031 -58.2561 70.0967
0 -30.5919 -58.2279 70.1167
0 -30.5804 -58.1994 70.1367
0 -30.5687 -58.1707 70.1568
0 -30.5569 -58.142 70.1768
0 -30.5744 -58.1175 70.1968
0 -30.5801 -58.0912 70.2167
0 -30.5787 -58.0639 70.2368
0 -30.5977 -58.0288 70.2567
0 -30.6289 -57.9889 70.2767
0 -30.6476 -57.9649 70.2967
0 -30.6738 -57.9202 70.3167
0 -30.7094 -57.8746 70.3367
0 -30.7505 -57.8285 70.3567
0 -30.795 -57.782 70.3768
0 -30.8415 -57.7353 70.3967
0 -30.8892 -57.6886 70.4167
0 -30.9179 -57.6605 70.4367
0 -30.9303 -57.6322 70.4567
0 -30.9576 -57.5964 70.4767
0 -30.9691 -57.5634 70.4967
0 -30.9713 -57.5321 70.5168
0 -30.9924 -57.4946 70.5367
0 -31.0051 -57.4721 70.5567
0 -31.0079 -57.447 70.5767
0 -31.0295 -57.4133 70.597
0 -31.067 -57.3858 70.6167
0 -31.1341 -57.3433 70.6367
0 -31.2237 -57.3033 70.6567
0 -31.322 -57.2534 70.6767
0 -31.4551 -57.2018 70.6967
0 -31.5796 -57.1449 70.7169
0 -31.679 -57.1037 70.7367
0 -31.7833 -57.053 70.7567
0 -31.8706 -57.0155 70.7767
0 -31.9183 -56.9814 70.7967
0 -31.9421 -56.9494 70.8167
0 -31.9516 -56.9187 70.8367
0 -31.9525 -56.8888 70.8567
0 -31.9778 -56.8636 70.8767
0 -31.993 -56.8485 70.8968
0 -32.0221 -56.8208 70.9167
0 -32.0347 -56.7926 70.9367
0 -32.0623 -56.7571 70.9569
0 -32.0741 -56.7242 70.9767
0 -32.0764 -56.693 70.9967
0 -32.1025 -56.6671 71.0167
0 -32.1134 -56.64 71.0372
0 -32.1151 -56.6123 71.0567
0 -32.1362 -56.577 71.0767
0 -32.1688 -56.5372 71.0967
0 -32.1836 -56.5018 71.1167
0 -32.1877 -56.4691 71.1368
0 -32.1853 -56.438 71.1569
0 -32.2039 -56.4006 71.1767
0 -32.2399 -56.3711 71.1967
0 -32.2863 -56.3462 71.2169
0 -32.3342 -56.3126 71.2367
0 -32.3781 -56.2623 71.2567
0 -32.3997 -56.2207 71.2767
0 -32.4079 -56.1842 71.2967
0 -32.4328 -56.1437 71.3169
0 -32.4462 -56.0507 71.3367
0 -32.4216 -55.8531 71.3568
0 -32.3974 -55.5611 71.3767
0 -32.3735 -55.2122 71.3968
0 -32.3747 -54.8219 71.4167
0 -32.4078 -54.4449 71.4368
0 -32.4462 -54.1306 71.4567
0 -32.5146 -53.9159 71.4767
0 -32.5507 -53.7753 71.4968
0 -32.5627 -53.6674 71.5167
0 -32.565 -53.5909 71.5369
0 -32.5615 -53.5333 71.5567
0 -32.5594 -53.4988 71.5768
0 -32.5784 -53.4591 71.5967
0 -32.64 -53.4208 71.6167
0 -32.7021 -53.3907 71.6367
0 -32.7345 -53.3609 71.6567
0 -32.7791 -53.3358 71.6767
0 -32.8512 -53.2946 71.6968
0 -32.9148 -53.251 71.7167
0 -33.0032 -53.2105 71.7369
0 -33.1018 -53.1601 71.7567
0 -33.2064 -53.1038 71.7767
0 -33.2895 -53.0511 71.7969
0 -33.3597 -53.0007 71.8167
0 -33.4726 -52.9372 71.8368
0 -33.5908 -52.885 71.8567
0 -33.7074 -52.8277 71.8769
0 -33.8482 -52.7603 71.8968
0 -33.9784 -52.6939 71.9168
0 -34.1275 -52.6212 71.9367
0 -34.2628 -52.5517 71.9567
0 -34.3897 -52.4842 71.9767
0 -34.4863 -52.4249 71.9968
0 -34.5648 -52.3705 72.0169
0 -34.6119 -52.3379 72.0367
0 -34.6606 -52.2995 72.0568
0 -34.6898 -52.2765 72.0767
0 -34.7279 -52.2438 72.0967
0 -34.7459 -52.2125 72.1167
0 -34.7771 -52.1749 72.1367
0 -34.7959 -52.1523 72.1573
0 -34.8277 -52.12 72.1767
0 -34.8419 -52.0889 72.1968
0 -34.871 -52.0514 72.2167
0 -34.8835 -52.0171 72.2367
0 -34.8862 -51.9848 72.2567
0 -34.8878 -51.9654 72.2768
0 -34.8888 -51.9538 72.2967
0 -34.8845 -51.935 72.3171
0 -34.8771 -51.912 72.3367
0 -34.8678 -51.8865 72.3568
0 -34.8827 -51.8524 72.3767
0 -34.9171 -51.825 72.3967
0 -34.9328 -51.7967 72.4171
0 -34.9677 -51.7728 72.4368
0 -34.9837 -51.7467 72.4567
0 -34.9885 -51.7193 72.4767
0 -34.9816 -51.6794 72.4967
0 -34.9726 -51.6437 72.5169
0 -34.9877 -51.6036 72.5367
0 -35.0173 -51.5608 72.5567
0 -35.0351 -51.5351 72.5767
0 -35.0663 -51.501 72.5967
0 -35.1056 -51.4618 72.6167
0 -35.1292 -51.4383 72.6367
0 -35.1434 -51.4242 72.6568
0 -35.147 -51.404 72.6768
0 -35.1746 -51.3849 72.6968
0 -35.1863 -51.3617 72.7169
0 -35.1933 -51.3478 72.7368
0 -35.1926 -51.3278 72.757
0 -35.1922 -51.3157 72.7768
0 -35.1871 -51.2968 72.7968
0 -35.184 -51.2855 72.8167
0 -35.1822 -51.2787 72.8368
0 -35.1762 -51.2629 72.857
0 -35.1726 -51.2535 72.8768
0 -35.1655 -51.2361 72.8968
0 -35.1613 -51.2257 72.9167
0 -35.1539 -51.2078 72.9368
0 -35.1494 -51.197 72.9567
0 -35.1673 -51.1719 72.9767
0 -35.1987 -51.1381 72.9968
0 -35.238 -51.0991 73.0168
0 -35.3126 -51.0617 73.0368
0 -35.378 -51.0206 73.0568
0 -35.4172 -50.996 73.0767
0 -35.4613 -50.9625 73.0968
0 -35.534 -50.9168 73.1167
0 -35.5726 -50.8776 73.1368
0 -35.6214 -50.8472 73.1569
0 -35.6457 -50.8173 73.1768
0 -35.6859 -50.7923 73.1968
0 -35.7306 -50.7587 73.2171
0 -35.783 -50.7316 73.2368
0 -35.8655 -50.7014 73.2569
0 -35.9357 -50.6646 73.2768
0 -36.0034 -50.6356 73.2968
0 -36.0695 -50.6113 73.3168
0 -36.1093 -50.5967 73.3368
0 -36.1538 -50.5694 73.3569
0 -36.2317 -50.5391 73.3768
0 -36.304 -50.514 73.3968
0 -36.3681 -50.4804 73.4168
0 -36.4578 -50.4465 73.4368
0 -36.5628 -50.4124 73.4567
0 -36.6771 -50.3782 73.4768
0 -36.8178 -50.3254 73.4969
0 -36.9535 -50.2802 73.5168
0 -37.1071 -50.2209 73.5368
0 -37.22 -50.1668 73.5568
0 -37.3135 -50.1275 73.577
0 -37.3696 -50.104 73.5967
0 -37.4033 -50.0898 73.6168
0 -37.4235 -50.0814 73.6367
0 -37.4613 -50.0695 73.6568
0 -37.484 -50.0624 73.677
0 -37.4927 -50.0464 73.6968
0 -37.5237 -50.03 73.7168
0 -37.5422 -50.0202 73.7368
0 -37.5485 -50.0025 73.7568
0 -37.5523 -49.9919 73.7768
0 -37.5546 -49.9856 73.7968
0 -37.5559 -49.9818 73.8168
0 -37.5567 -49.9795 73.8368
0 -37.5572 -49.9781 73.857
0 -37.5575 -49.9773 73.8768
0 -37.5577 -49.9768 73.8968
0 -37.5578 -49.9765 73.9168
1 -14.1714 -52.9139 76.2968
1 -14.1676 -52.9065 76.3169
1 -14.1653 -52.9021 76.3369
1 -14.164 -52.8995 76.3569
1 -14.1576 -52.887 76.3769
1 -14.1537 -52.8796 76.3969
1 -14.1459 -52.8642 76.4168
1 -14.1411 -52.8551 76.4369
1 -14.1383 -52.8495 76.4568
1 -14.131 -52.8354 76.4769
1 -14.1267 -52.8269 76.4969
1 -14.1185 -52.811 76.5169
1 -14.1135 -52.8014 76.537
1 -14.105 -52.7849 76.5569
1 -14.0999 -52.7749 76.5769
1 -14.0968 -52.769 76.5969
1 -14.095 -52.7654 76.6169
1 -14.0939 -52.7632 76.6369
1 -14.0932 -52.7619 76.657
1 -14.0928 -52.7612 76.6769
1 -14.087 -52.7499 76.6975
1 -14.067 -52.73 76.7169
1 -14.0053 -52.6787 76.7374
1 -13.8966 -52.5846 76.7569
1 -13.7575 -52.4987 76.777
1 -13.6021 -52.384 76.7969
1 -13.4424 -52.263 76.817
1 -13.2726 -52.1612 76.8369
1 -13.0911 -52.06 76.8569
1 -12.8915 -51.9573 76.8768
1 -12.6736 -51.8767 76.8969
1 -12.4853 -51.8124 76.9169
1 -12.2852 -51.757 76.9369
1 -12.1076 -51.708 76.9569
1 -11.9195 -51.6729 76.9769
1 -11.7419 -51.6591 76.9969
1 -11.5778 -51.6352 77.0169
1 -11.3978 -51.6154 77.0369
1 -11.225 -51.611 77.0572
1 -11.0397 -51.603 77.077
1 -10.8639 -51.6058 77.0969
1 -10.6768 -51.6023 77.1172
1 -10.483 -51.5952 77.1371
1 -10.326 -51.5884 77.1569
1 -10.1838 -51.6049 77.1771
1 -10.0339 -51.6225 77.1975
1 -9.87342 -51.6301 77.2175
1 -9.71958 -51.6196 77.2374
1 -9.56967 -51.5984 77.2569
1 -9.38134 -51.5684 77.2774
1 -9.16414 -51.5225 77.2973
1 -8.91148 -51.4885 77.3172
1 -8.65445 -51.4743 77.3371
1 -8.39482 -51.4722 77.3572
1 -8.07596 -51.4631 77.3775
1 -7.82005 -51.4663 77.397
1 -7.52041 -51.4733 77.4169
1 -7.23531 -51.4846 77.4369
1 -6.98274 -51.488 77.4569
1 -6.74968 -51.4866 77.4769
1 -6.55209 -51.4719 77.4969
1 -6.40978 -51.4738 77.5177
1 -6.30065 -51.4856 77.5369
1 -6.21142 -51.5034 77.557
1 -6.15789 -51.5141 77.5769
1 -6.12577 -51.5205 77.597
1 -6.1065 -51.5243 77.6169
1 -6.09493 -51.5267 77.6372
1 -6.0821 -51.5171 77.6569
1 -6.05067 -51.5221 77.6769
1 -6.00807 -51.5358 77.6969
1 -5.98251 -51.5441 77.7169
1 -5.94345 -51.5598 77.7369
1 -5.92002 -51.5692 77.7569
1 -5.88223 -51.5856 77.7769
1 -5.85956 -51.5954 77.7969
1 -5.82224 -51.612 77.8169
1 -5.79985 -51.622 77.8369
1 -5.78642 -51.628 77.8569
1 -5.75465 -51.6424 77.8769
1 -5.73559 -51.651 77.8969
1 -5.70045 -51.6669 77.9169
1 -5.67936 -51.6765 77.9369
1 -5.66671 -51.6822 77.9569
1 -5.65912 -51.6856 77.9771
1 -5.65457 -51.6877 77.997
1 -5.65184 -51.6889 78.0171
1 -5.6502 -51.6897 78.0369
1 -5.64921 -51.6901 78.057
1 -5.64862 -51.6904 78.0771
1 -5.64827 -51.6905 78.097
1 -5.64806 -51.6906 78.117
1 -5.64793 -51.6907 78.137
1 -5.64785 -51.6907 78.1569
1 -5.64781 -51.6908 78.1771
1 -5.64778 -51.6908 78.1969
1 -5.64776 -51.6908 78.217
1 -5.64775 -51.6908 78.2369
1 -5.64775 -51.6908 78.257
1 -5.64774 -51.6908 78.277
1 -5.64774 -51.6908 78.297
1 -5.64774 -51.6908 78.3172
1 -5.64774 -51.6908 78.3369
1 -5.64774 -51.6908 78.357
1 -5.64774 -51.6908 78.3769
1 -5.64774 -51.6908 78.3971
1 -5.64774 -51.6908 78.4169
1 -5.64774 -51.6908 78.4369
1 -5.64774 -51.6908 78.457
1 -5.64774 -51.6908 78.4769
1 -5.64774 -51.6908 78.4971
1 -5.64774 -51.6908 78.5172
1 -5.64774 -51.6908 78.5371
1 -5.64774 -51.6908 78.5571
1 -5.64774 -51.6908 78.5773
1 -5.64774 -51.6908 78.5969
1 -5.64774 -51.6908 78.617
1 -5.64183 -51.6799 78.6371
1 -5.63829 -51.6734 78.657
1 -5.63617 -51.6695 78.6771
1 -5.63489 -51.6671 78.697
1 -5.63413 -51.6657 78.717
1 -5.63367 -51.6649 78.7371
1 -5.63339 -51.6644 78.7571
1 -5.63323 -51.6641 78.777
1 -5.63313 -51.6639 78.797
1 -5.60937 -51.6745 78.8171
1 -5.5211 -51.6211 78.8369
1 -5.39997 -51.5401 78.8569
1 -5.25904 -51.4428 78.8771
1 -5.06536 -51.3344 78.897
1 -4.83333 -51.2427 78.917
1 -4.61309 -51.1513 78.937
1 -4.37563 -51.1052 78.957
1 -4.16215 -51.1104 78.9771
1 -3.96312 -51.1466 78.9971
1 -3.77282 -51.2014 79.0171
1 -3.5642 -51.2784 79.0371
1 -3.39185 -51.3468 79.0571
1 -3.21772 -51.421 79.0771
1 -3.04256 -51.4989 79.0971
1 -2.86685 -51.579 79.1171
1 -2.71438 -51.6493 79.1371
1 -2.57587 -51.7138 79.1571
1 -2.44577 -51.7748 79.1771
1 -2.27378 -51.8561 79.1971
1 -2.10021 -51.9385 79.2171
1 -1.9023 -52.0328 79.2371
1 -1.6899 -52.1345 79.2571
1 -1.44552 -52.2518 79.2771
1 -1.20545 -52.3674 79.2971
1 -0.991385 -52.4708 79.3171
1 -0.792984 -52.5669 79.3371
1 -0.604032 -52.6586 79.3571
1 -0.438012 -52.7258 79.3771
1 -0.315119 -52.7775 79.3971
1 -0.241384 -52.8085 79.4172
1 -0.197142 -52.8271 79.437
1 -0.164521 -52.8277 79.457
1 -0.144948 -52.828 79.477
1 -0.133205 -52.8282 79.4971
1 -0.126159 -52.8283 79.5171
1 -0.069304 -52.8406 79.537
1 0.0113337 -52.8709 79.5571
1 0.0829696 -52.9005 79.577
1 0.149199 -52.9296 79.5971
1 0.188936 -52.9472 79.617
1 0.212778 -52.9577 79.6371
1 0.227084 -52.964 79.657
1 0.235667 -52.9678 79.6771
1 0.240817 -52.97 79.697
1 0.249995 -52.9608 79.717
1 0.255502 -52.9553 79.737
1 0.258806 -52.952 79.757
1 0.260789 -52.95 79.777
1 0.261979 -52.9488 79.797
1 0.262692 -52.9481 79.8171
1 0.26312 -52.9477 79.837
1 0.263377 -52.9474 79.8573
1 0.263532 -52.9473 79.877
1 0.263624 -52.9472 79.8973
1 0.269769 -52.9365 79.917
1 0.273457 -52.9302 79.937
1 0.275669 -52.9264 79.957
1 0.276997 -52.9241 79.9774
1 0.277793 -52.9227 79.997
1 0.278271 -52.9219 80.017
1 0.278558 -52.9214 80.037
1 0.284821 -52.9105 80.057
1 0.288579 -52.904 80.0772
1 0.290834 -52.9001 80.097
1 0.292187 -52.8978 80.1171
1 0.292999 -52.8964 80.137
1 0.293486 -52.8955 80.1573
1 0.293778 -52.895 80.177
1 0.293953 -52.8947 80.197
1 0.294059 -52.8945 80.217
1 0.294122 -52.8944 80.2371
1 0.29416 -52.8943 80.257
1 0.294182 -52.8943 80.277
1 0.294196 -52.8943 80.297
1 0.294204 -52.8943 80.3182
1 0.294209 -52.8943 80.337
1 0.357965 -52.8718 80.358
1 0.465099 -52.8116 80.377
1 0.604333 -52.752 80.3979
1 0.786249 -52.6707 80.4177
1 1.01691 -52.6218 80.437
1 1.30592 -52.6275 80.457
1 1.65299 -52.6778 80.477
1 2.12175 -52.7453 80.4971
1 2.72056 -52.847 80.517
1 3.45472 -52.9598 80.537
1 4.29899 -53.0356 80.5571
1 5.19847 -53.0453 80.577
1 6.10853 -53.0053 80.5971
1 6.99731 -52.9021 80.617
1 7.83862 -52.7842 80.637
1 8.63415 -52.6697 80.657
1 9.33927 -52.5438 80.6772
1 9.97765 -52.4454 80.697
1 10.5194 -52.3387 80.717
1 10.9384 -52.2458 80.737
1 11.2319 -52.1587 80.757
1 11.4081 -52.1064 80.777
1 11.5137 -52.075 80.797
1 11.5772 -52.0562 80.817
1 11.6152 -52.0449 80.837
1 11.638 -52.0381 80.857
1 11.6517 -52.0341 80.8772
1 11.6599 -52.0316 80.897
1 11.6649 -52.0302 80.9171
1 11.6678 -52.0293 80.937
1 11.6696 -52.0288 80.957
1 11.6707 -52.0285 80.977
1 11.6713 -52.0283 80.997
1 11.6717 -52.0282 81.017
1 11.6719 -52.0281 81.037
1 11.6721 -52.028 81.057
1 11.6721 -52.028 81.0771
1 11.6722 -52.028 81.097
1 11.6722 -52.028 81.1172
1 11.6722 -52.028 81.137
1 11.6723 -52.028 81.157
1 11.6723 -52.028 81.1772
1 11.6723 -52.028 81.197
1 11.6723 -52.028 81.2172
1 11.6723 -52.028 81.237
1 11.6723 -52.028 81.2573
1 11.6723 -52.028 81.277
1 11.6723 -52.028 81.2972
1 11.6723 -52.028 81.317
1 11.6723 -52.028 81.337
1 11.6723 -52.028 81.357
1 11.6723 -52.028 81.3771
1 11.6723 -52.028 81.3972
1 11.6788 -52.0173 81.4171
1 11.6827 -52.0109 81.4374
1 11.685 -52.0071 81.457
1 11.6864 -52.0048 81.4773
1 11.6873 -52.0034 81.497
1 11.7056 -51.9922 81.5172
1 11.7588 -51.9541 81.537
1 11.833 -51.8998 81.557
1 11.9311 -51.8363 81.577
1 12.0501 -51.7565 81.5971
1 12.1931 -51.6675 81.617
1 12.3506 -51.573 81.637
1 12.5233 -51.4645 81.6573
1 12.6988 -51.3586 81.6771
1 12.9005 -51.2333 81.6972
1 13.136 -51.0864 81.7171
1 13.3921 -50.9267 81.7373
1 13.6787 -50.7495 81.7574
1 13.9773 -50.5729 81.7773
1 14.2899 -50.3861 81.797
1 14.6339 -50.2067 81.8172
1 14.9721 -50.053 81.8371
1 15.3227 -49.9503 81.8572
1 15.6853 -49.9017 81.8772
1 16.0256 -49.8834 81.897
1 16.3637 -49.8957 81.9173
1 16.6937 -49.9374 81.937
1 17.0187 -49.9972 81.957
1 17.3518 -50.0801 81.9773
1 17.6602 -50.1745 81.9971
1 17.9494 -50.2527 82.0172
1 18.2088 -50.331 82.0371
1 18.4686 -50.3998 82.0572
1 18.6946 -50.4481 82.0771
1 18.8934 -50.495 82.0971
1 19.0984 -50.5547 82.1172
1 19.303 -50.5992 82.1372
1 19.4441 -50.6164 82.1572
1 19.5512 -50.6405 82.1771
1 19.6337 -50.6455 82.1971
1 19.7125 -50.6515 82.217
1 19.7823 -50.6689 82.2372
1 19.8465 -50.6931 82.257
1 19.9299 -50.7351 82.2771
1 20.0316 -50.7772 82.2971
1 20.1598 -50.8438 82.3171
1 20.3106 -50.9146 82.3371
1 20.4458 -50.9847 82.3571
1 20.594 -51.0684 82.3771
1 20.7499 -51.1602 82.3971
1 20.888 -51.2431 82.4172
1 21.0154 -51.3206 82.4371
1 21.0919 -51.3671 82.4571
1 21.1601 -51.4089 82.4771
1 21.201 -51.434 82.4971
1 21.2255 -51.449 82.5171
1 21.2403 -51.4581 82.5373
1 21.2491 -51.4635 82.5571
1 21.2544 -51.4667 82.5772
1 21.2576 -51.4687 82.5971
1 21.2595 -51.4699 82.6171
1 21.2606 -51.4706 82.6372
1 21.2613 -51.471 82.6572
1 21.2617 -51.4712 82.6773
1 21.262 -51.4714 82.6971
1 21.2621 -51.4715 82.7173
1 21.2691 -51.4609 82.7371
1 21.2732 -51.4546 82.7571
1 21.2757 -51.4507 82.7771
1 21.2841 -51.4378 82.7971
1 21.2891 -51.4301 82.8171
1 21.2921 -51.4254 82.8371
1 21.2939 -51.4227 82.8571
1 21.295 -51.421 82.8771
1 21.3026 -51.4094 82.8971
1 21.3071 -51.4024 82.9171
1 21.3098 -51.3982 82.9372
1 21.4025 -51.3606 82.9571
1 21.4833 -51.3181 82.9773
1 21.5978 -51.2775 82.9971
1 21.7585 -51.2753 83.0172
1 21.9692 -51.3103 83.0371
1 22.2726 -51.3868 83.0571
1 22.6131 -51.4978 83.0771
1 22.9465 -51.6261 83.0971
1 23.323 -51.7596 83.1171
1 23.703 -51.8825 83.1371
1 24.0921 -51.9888 83.1571
1 24.4391 -52.0906 83.1771
1 24.7686 -52.1679 83.1971
1 25.0727 -52.2061 83.2171
1 25.3326 -52.2167 83.2371
1 25.573 -52.2006 83.2571
1 25.8051 -52.1919 83.2771
1 26.0139 -52.1965 83.2971
1 26.1866 -52.1946 83.3171
1 26.3378 -52.1889 83.3371
1 26.454 -52.1664 83.3571
1 26.5423 -52.1441 83.3771
1 26.6209 -52.1116 83.3971
1 26.7085 -52.0979 83.4171
1 26.7681 -52.0794 83.4371
1 26.8109 -52.058 83.4571
1 26.8366 -52.0451 83.4771
1 26.852 -52.0374 83.4971
1 26.8683 -52.0225 83.5171
1 26.8781 -52.0136 83.5371
1 26.884 -52.0082 83.5571
1 26.8945 -51.9947 83.5771
1 26.9009 -51.9866 83.5973
1 26.9117 -51.9714 83.6171
1 26.9183 -51.9623 83.6371
1 26.9222 -51.9569 83.6571
1 26.9245 -51.9536 83.6771
1 26.9259 -51.9516 83.6972
1 26.9268 -51.9505 83.7172
1 26.9273 -51.9498 83.7371
1 26.9276 -51.9493 83.7571
1 26.9278 -51.9491 83.7771
1 26.9279 -51.9489 83.7971
1 26.9279 -51.9488 83.8171
1 26.928 -51.9488 83.8371
1 26.928 -51.9488 83.8571
1 26.928 -51.9487 83.8771
1 26.928 -51.9487 83.8971
1 26.928 -51.9487 83.9172
1 26.928 -51.9487 83.9371
1 26.928 -51.9487 83.9572
1 26.928 -51.9487 83.9771
1 26.928 -51.9487 83.9972
1 26.928 -51.9487 84.0171
1 26.928 -51.9487 84.0373
1 26.928 -51.9487 84.0572
1 26.928 -51.9487 84.0771
1 26.928 -51.9487 84.0971
1 26.928 -51.9487 84.1174
1 26.928 -51.9487 84.1371
1 26.9652 -51.9311 84.1571
1 27.0432 -51.8943 84.1771
1 27.1528 -51.8357 84.1971
1 27.2744 -51.7743 84.2172
1 27.4289 -51.6924 84.2372
1 27.6218 -51.5895 84.2571
1 27.8309 -51.4846 84.2772
1 28.0381 -51.3769 84.2971
1 28.2443 -51.2675 84.3172
1 28.4688 -51.1487 84.3372
1 28.7114 -51.0141 84.3574
1 28.9579 -50.8804 84.3771
1 29.2068 -50.7475 84.3973
1 29.4605 -50.6386 84.4171
1 29.7068 -50.5313 84.4373
1 29.9371 -50.423 84.4571
1 30.1579 -50.3143 84.4774
1 30.3731 -50.2053 84.4971
1 30.6069 -50.1114 84.5172
1 30.849 -50.0034 84.5371
1 31.0772 -49.8952 84.5574
1 31.2971 -49.787 84.5771
1 31.4962 -49.7105 84.5973
1 31.6755 -49.6635 84.6172
1 31.8502 -49.6238 84.6373
1 31.955 -49.6 84.6571
1 32.0398 -49.601 84.6771
1 32.098 -49.591 84.6972
1 32.162 -49.5898 84.7171
1 32.2078 -49.5786 84.7371
1 32.2352 -49.5718 84.7571
1 32.2516 -49.5678 84.7771
1 32.2615 -49.5653 84.7971
1 32.2674 -49.5639 84.8171
1 32.271 -49.563 84.8372
1 32.2804 -49.552 84.8571
1 32.286 -49.5453 84.8771
1 32.2894 -49.5413 84.8973
1 32.2915 -49.539 84.9171
1 32.3 -49.527 84.9373
1 32.305 -49.5198 84.9572
1 32.3081 -49.5155 84.9772
1 32.3172 -49.5025 84.9971
1 32.3227 -49.4946 85.0171
1 32.326 -49.4899 85.0371
1 32.3352 -49.4766 85.0573
1 32.3407 -49.4686 85.0771
1 32.3441 -49.4638 85.0972
1 32.3461 -49.4609 85.1172
1 32.3473 -49.4592 85.1372
1 32.348 -49.4581 85.1571
1 32.3484 -49.4575 85.1772
1 32.3559 -49.4466 85.1971
1 32.3605 -49.4401 85.2172
1 32.3632 -49.4362 85.2371
1 32.3648 -49.4339 85.2572
1 32.3658 -49.4325 85.2772
1 32.3664 -49.4316 85.2971
1 32.3667 -49.4311 85.3171
1 32.3669 -49.4308 85.3371
1 32.3671 -49.4306 85.3573
1 32.3671 -49.4305 85.3772
1 32.3745 -49.42 85.3971
1 32.3789 -49.4136 85.4172
1 32.3815 -49.4098 85.4371
1 32.3831 -49.4075 85.4571
1 32.384 -49.4062 85.4771
1 32.3846 -49.4054 85.4972
1 32.3849 -49.4049 85.5174
1 32.3851 -49.4046 85.5372
1 32.3853 -49.4044 85.5573
1 32.3853 -49.4043 85.5772
1 32.3854 -49.4042 85.5973
1 32.3927 -49.3937 85.6172
1 32.3971 -49.3874 85.6372
1 32.3997 -49.3836 85.6572
1 32.4013 -49.3813 85.6772
1 32.4022 -49.38 85.6972
1 32.4101 -49.3687 85.7173
1 32.4148 -49.3619 85.7377
1 32.4176 -49.3578 85.7572
1 32.4193 -49.3554 85.7773
1 32.4276 -49.3435 85.7972
1 32.4326 -49.3363 85.8173
1 32.4356 -49.332 85.8371
1 32.4373 -49.3294 85.8573
1 32.4384 -49.3279 85.8772
1 32.4391 -49.327 85.8972
1 32.4395 -49.3264 85.9171
1 32.447 -49.3156 85.9372
1 32.4515 -49.3091 85.9572
1 32.4542 -49.3053 85.9773
1 32.4631 -49.2925 85.9974
1 32.4684 -49.2848 86.0172
1 32.4716 -49.2802 86.0372
1 32.4736 -49.2774 86.0572
1 32.482 -49.2653 86.0772
1 32.487 -49.2581 86.0972
1 32.4974 -49.2433 86.1172
1 32.5036 -49.2344 86.1372
1 32.5073 -49.2291 86.1572
1 32.5168 -49.2154 86.1773
1 32.5225 -49.2073 86.1971
1 32.5259 -49.2024 86.2172
1 32.528 -49.1994 86.2372
1 32.5292 -49.1977 86.2572
1 32.53 -49.1966 86.2772
1 32.5304 -49.196 86.2972
1 32.5307 -49.1956 86.3172
1 32.5308 -49.1953 86.3372
1 32.5309 -49.1952 86.3572
1 32.531 -49.1951 86.3773
1 32.531 -49.1951 86.3972
1 32.531 -49.1951 86.4172
1 32.531 -49.195 86.4372
1 32.5311 -49.195 86.4573
1 32.5311 -49.195 86.4773
1 32.5311 -49.195 86.4972
1 32.5311 -49.195 86.5172
1 32.5311 -49.195 86.5372
1 32.5311 -49.195 86.5572
1 32.5383 -49.1846 86.5772
1 32.5427 -49.1783 86.5972
1 32.5453 -49.1746 86.6172
1 32.5469 -49.1723 86.6372
1 32.5551 -49.1606 86.6572
1 32.5601 -49.1535 86.6772
1 32.5703 -49.1388 86.6972
1 32.5765 -49.1301 86.7172
1 32.5992 -49.1166 86.7372
1 32.6201 -49.0981 86.7572
1 32.6327 -49.087 86.7772
1 32.6475 -49.07 86.7973
1 32.6564 -49.0597 86.8172
1 32.7071 -49.0268 86.8372
1 32.8019 -48.9722 86.8572
1 32.9042 -48.9126 86.8772
1 33.0301 -48.8421 86.8974
1 33.1966 -48.7465 86.9172
1 33.3538 -48.6648 86.9373
1 33.5128 -48.5811 86.9572
1 33.6273 -48.5229 86.9772
1 33.7152 -48.4798 86.9972
1 33.7679 -48.454 87.0172
1 33.7995 -48.4386 87.0373
1 33.8258 -48.4188 87.0572
1 33.8416 -48.407 87.0774
1 33.8511 -48.3999 87.0972
1 33.8567 -48.3956 87.1173
1 33.8602 -48.3931 87.1373
1 33.8622 -48.3915 87.1572
1 33.8708 -48.3802 87.1772
1 33.8759 -48.3733 87.1972
1 33.879 -48.3693 87.2172
1 33.8808 -48.3668 87.2373
1 33.882 -48.3653 87.2573
1 33.8826 -48.3645 87.2772
1 33.8904 -48.3535 87.2972
1 33.895 -48.3469 87.3172
1 33.8978 -48.343 87.3372
1 33.8995 -48.3406 87.3572
1 33.9224 -48.3548 87.3772
1 33.9362 -48.3633 87.3972
1 33.9518 -48.358 87.4165
1 33.9611 -48.3548 87.4363
1 33.9667 -48.3529 87.4562
1 33.9701 -48.3518 87.4764
1 33.9941 -48.3667 87.4962
1 34.0084 -48.3757 87.5163
1 34.0553 -48.3649 87.5362
1 34.1217 -48.3425 87.5562
1 34.1807 -48.3209 87.5762
1 34.2618 -48.2816 87.5963
1 34.3488 -48.242 87.6162
1 34.4467 -48.1918 87.6362
1 34.5438 -48.1458 87.6562
1 34.6404 -48.1022 87.6762
1 34.725 -48.0577 87.6962
1 34.7949 -48.0231 87.7162
1 34.8369 -48.0023 87.7362
1 34.8813 -47.9819 87.7562
1 34.9079 -47.9696 87.7763
1 34.9313 -47.9518 87.7962
1 34.9453 -47.9411 87.8162
1 34.9537 -47.9347 87.8362
1 34.9587 -47.9309 87.8562
1 34.9618 -47.9286 87.8762
1 34.9636 -47.9272 87.8964
1 34.972 -47.9159 87.9162
1 34.9771 -47.9091 87.9364
1 34.9802 -47.9051 87.9562
1 34.982 -47.9026 87.9762
1 34.9831 -47.9012 87.9962
1 34.9838 -47.9003 88.0162
1 34.9842 -47.8998 88.0364
1 34.9844 -47.8994 88.0563
1 34.9845 -47.8993 88.0762
1 34.9846 -47.8991 88.0962
1 34.9847 -47.8991 88.1164
1 34.9847 -47.899 88.1364
1 34.9847 -47.899 88.1562
1 34.9847 -47.899 88.1764
1 34.9921 -47.8885 88.1962
1 35.035 -47.8664 88.2163
1 35.0799 -47.8452 88.2364
1 35.1454 -47.8167 88.2562
1 35.2231 -47.7838 88.2763
1 35.289 -47.7562 88.2962
1 35.3744 -47.7134 88.3162
1 35.4256 -47.6877 88.3363
1 35.4564 -47.6723 88.3562
1 35.4748 -47.6631 88.3764
1 35.4859 -47.6575 88.3962
1 35.4926 -47.6542 88.4163
1 35.4965 -47.6522 88.4362
1 35.4989 -47.651 88.4562
1 35.5004 -47.6503 88.4762
1 35.5012 -47.6499 88.4963
1 35.5017 -47.6496 88.5162
1 35.5021 -47.6494 88.5364
1 35.5022 -47.6493 88.5567
1 35.5024 -47.6493 88.5764
1 35.5024 -47.6493 88.5963
1 35.5025 -47.6492 88.6163
1 35.5025 -47.6492 88.6363
1 35.5099 -47.6387 88.6563
1 35.5144 -47.6324 88.6763
1 35.517 -47.6287 88.6962
1 35.5186 -47.6264 88.7163
1 35.5196 -47.625 88.7362
1 35.5202 -47.6242 88.7563
1 35.5205 -47.6237 88.7763
1 35.5207 -47.6234 88.7962
1 35.5208 -47.6233 88.8163
1 35.5209 -47.6232 88.8363
1 35.521 -47.6231 88.8563
1 35.521 -47.6231 88.8762
1 35.521 -47.623 88.8962
1 35.521 -47.623 88.9164
1 35.521 -47.623 88.9363
1 35.521 -47.623 88.9564
1 35.521 -47.623 88.9762
1 35.521 -47.623 88.9963
0 35.7794 -46.2127 90.3363
0 35.7678 -46.1823 90.3563
0 35.7683 -46.1539 90.3763
0 35.776 -46.1265 90.3964
0 35.766 -46.0839 90.4163
0 35.7382 -45.9955 90.4364
0 35.7292 -45.8856 90.4563
0 35.724 -45.773 90.4763
0 35.7432 -45.675 90.4963
0 35.7254 -45.5636 90.5163
0 35.6928 -45.4342 90.5363
0 35.6071 -45.2616 90.5563
0 35.5189 -45.0691 90.5763
0 35.4217 -44.8748 90.5963
0 35.3191 -44.6795 90.6163
0 35.1983 -44.5037 90.6363
0 35.0887 -44.3559 90.6566
0 35.0082 -44.2409 90.6763
0 34.9673 -44.1618 90.6963
0 34.9427 -44.1144 90.7163
0 34.928 -44.0859 90.7365
0 34.9192 -44.0688 90.7564
0 34.9139 -44.0586 90.7763
0 35.1843 -43.6665 91.4363
0 35.1772 -43.6299 91.4563
0 35.1803 -43.5979 91.4765
0 35.1599 -43.5625 91.4963
0 35.1031 -43.5088 91.5164
0 35.0393 -43.4241 91.5364
0 34.9637 -43.3308 91.5564
0 34.8588 -43.2162 91.5763
0 34.7362 -43.0888 91.5964
0 34.5805 -42.9375 91.6163
0 34.4421 -42.7681 91.6365
0 34.3066 -42.5977 91.6564
0 34.1953 -42.4431 91.6763
0 34.0909 -42.3079 91.6963
0 33.9757 -42.1581 91.7164
0 33.8464 -42.0097 91.7363
0 33.7387 -41.8682 91.7563
0 33.6558 -41.732 91.7764
0 33.5428 -41.5668 91.7964
0 33.4427 -41.3299 91.8164
0 33.3699 -41.0411 91.8364
0 33.2907 -40.7047 91.8564
0 33.2529 -40.3719 91.8764
0 33.2203 -40.05 91.8964
0 33.1866 -39.77 91.9164
0 33.175 -39.5312 91.9363
0 33.1601 -39.3513 91.9564
0 33.1511 -39.2433 91.9764
0 33.1304 -39.1521 91.9963
0 33.1254 -39.0871 92.0164
0 33.1225 -39.0482 92.0365
0 33.1053 -38.9983 92.0564
0 33.1025 -38.9582 92.0765
0 33.0626 -38.8914 92.0964
0 33.0232 -38.8249 92.1164
0 32.9843 -38.7586 92.1364
0 32.9683 -38.7085 92.1564
0 32.9662 -38.6684 92.1764
0 32.9649 -38.6442 92.1964
0 32.9716 -38.6196 92.2164
0 32.9757 -38.6048 92.2363
0 32.9855 -38.5858 92.2564
0 32.9914 -38.5743 92.2763
0 32.995 -38.5675 92.2964
0 32.9971 -38.5634 92.3166
0 32.9984 -38.5609 92.3364
0 32.9992 -38.5594 92.3565
0 33.0071 -38.5484 92.3764
0 33.0118 -38.5418 92.3966
0 33.0222 -38.5276 92.4164
0 33.0129 -38.4927 92.4365
0 32.992 -38.4453 92.4564
0 32.9486 -38.364 92.4765
0 32.8842 -38.2725 92.4964
0 32.8302 -38.1912 92.5164
0 32.7668 -38.0895 92.5364
0 32.7058 -38.0122 92.5565
0 32.6308 -37.9231 92.5764
0 32.517 -37.8209 92.5964
0 32.3872 -37.7006 92.6164
0 32.2247 -37.5533 92.6366
0 32.0656 -37.406 92.6565
0 31.9085 -37.2587 92.6765
0 31.7524 -37.1116 92.6972
0 31.5969 -36.9645 92.7164
0 31.4418 -36.8174 92.7364
0 31.2941 -36.6601 92.7565
0 31.1667 -36.5232 92.7764
0 31.0513 -36.3985 92.7964
0 30.9506 -36.2708 92.8164
0 30.8512 -36.1516 92.8365
0 30.76 -36.0273 92.8564
0 30.6895 -35.9263 92.8764
0 30.6155 -35.8129 92.8971
0 30.5163 -35.6759 92.9171
0 30.4176 -35.5512 92.9364
0 30.3267 -35.4236 92.9564
0 30.233 -35.3045 92.9764
0 30.1608 -35.2066 92.9964
0 30.0783 -35.1054 93.0164
0 29.9896 -35.0022 93.0364
0 29.9204 -34.9138 93.0565
0 29.8704 -34.8242 93.0764
0 29.8085 -34.7177 93.0965
0 29.7554 -34.6274 93.1164
0 29.7002 -34.5571 93.1364
0 29.6276 -34.4725 93.1564
0 29.5213 -34.3631 93.1764
0 29.402 -34.2286 93.1964
0 29.2909 -34.1055 93.2164
0 29.1687 -33.9628 93.2365
0 29.0558 -33.8347 93.2564
0 28.9249 -33.6994 93.2764
0 28.8067 -33.5758 93.2964
0 28.6726 -33.4432 93.3166
0 28.5759 -33.3373 93.3364
0 28.4782 -33.2313 93.3564
0 28.3488 -33.1196 93.3764
0 28.2313 -33.0103 93.3964
0 28.1172 -32.8763 93.4164
0 28.0045 -32.6654 93.4373
0 27.8853 -32.4185 93.4564
0 27.8328 -32.1357 93.4764
0 27.7693 -31.8356 93.4964
0 27.7303 -31.5307 93.5164
0 27.6826 -31.2692 93.5364
0 27.6735 -31.0399 93.5565
0 27.6714 -30.8657 93.5764
0 27.6538 -30.7347 93.5964
0 27.6268 -30.6295 93.6164
0 27.5868 -30.5503 93.6366
0 27.5463 -30.4762 93.6564
0 27.5055 -30.4052 93.6765
0 27.4572 -30.3466 93.6964
0 27.3879 -30.2688 93.7164
0 27.3018 -30.1534 93.7364
0 27.2263 -30.0682 93.7564
0 27.1645 -29.9905 93.7764
0 27.0869 -29.9013 93.7964
0 27.0404 -29.8478 93.8164
0 26.9959 -29.7892 93.8366
0 26.9767 -29.7434 93.8564
0 26.9411 -29.6999 93.877
0 26.9273 -29.6633 93.8969
0 26.895 -29.6253 93.9165
0 26.8516 -29.5865 93.9364
0 26.8016 -29.5473 93.9564
0 26.731 -29.4812 93.9766
0 26.6481 -29.399 93.9964
0 26.5817 -29.3231 94.0183
0 26.5178 -29.2616 94.0364
0 26.4389 -29.1822 94.0564
0 26.3748 -29.108 94.0765
0 26.2957 -29.021 94.0964
0 26.2242 -28.9528 94.1164
0 26.1646 -28.8854 94.1365
0 26.1288 -28.845 94.1564
0 26.0907 -28.7942 94.1764
0 26.0678 -28.7637 94.1964
0 26.03 -28.7294 94.2164
0 25.9906 -28.6824 94.2364
0 25.9429 -28.6382 94.2564
0 25.8975 -28.5852 94.2765
0 25.8703 -28.5534 94.2964
0 25.8373 -28.5077 94.3165
0 25.7933 -28.4644 94.3366
0 25.7669 -28.4385 94.3564
0 25.7344 -28.3964 94.3765
0 25.6907 -28.3552 94.3965
0 25.6478 -28.304 94.4165
0 25.622 -28.2732 94.4364
0 25.6265 -28.2445 94.4564
0 25.6848 -28.1701 94.4764
0 25.7105 -28.0099 94.4965
0 25.7649 -27.8301 94.5164
0 25.824 -27.6381 94.5364
0 25.8627 -27.486 94.5564
0 25.8933 -27.3841 94.5764
0 25.9192 -27.3122 94.5964
0 25.9104 -27.2531 94.6165
0 25.9126 -27.207 94.6364
0 25.9214 -27.1686 94.6565
0 25.9341 -27.1349 94.6765
0 25.9491 -27.1041 94.6967
0 25.9582 -27.0856 94.7165
0 25.9711 -27.0638 94.7365
0 25.9545 -27.0347 94.7564
0 25.9203 -27.0013 94.7766
0 25.9073 -26.9706 94.7965
0 25.8826 -26.9255 94.8164
0 25.8584 -26.8612 94.8364
0 25.8028 -26.7799 94.8566
0 25.7208 -26.6991 94.8765
0 25.6305 -26.608 94.8964
0 25.535 -26.5108 94.9164
0 25.4365 -26.4098 94.9365
0 25.3361 -26.3066 94.9573
0 25.2272 -26.2128 94.9767
0 25.1204 -26.1139 94.9966
0 24.9906 -25.9961 95.0165
0 24.8395 -25.8776 95.0366
0 24.7318 -25.7799 95.0565
0 24.6746 -25.7106 95.0765
0 24.6158 -25.6532 95.0965
0 24.5806 -25.6187 95.1171
0 24.5424 -25.5714 95.1375
0 24.5195 -25.543 95.1565
0 24.5057 -25.5259 95.1765
0 24.4975 -25.5157 95.1965
0 24.5 -25.4989 95.2166
0 24.5015 -25.4888 95.2365
0 24.5024 -25.4828 95.2566
0 24.5103 -25.4685 95.2765
0 24.5151 -25.4599 95.2965
0 24.518 -25.4547 95.3165
0 24.5027 -25.425 95.3365
0 24.4764 -25.3806 95.3564
0 24.4681 -25.3433 95.3765
0 24.4706 -25.3103 95.3965
0 24.4795 -25.2798 95.4165
0 24.4848 -25.2616 95.4367
0 24.4881 -25.2506 95.4565
0 24.4974 -25.2334 95.4765
0 24.486 -25.1965 95.4965
0 24.4621 -25.1478 95.5166
0 24.4477 -25.1185 95.5366
0 24.3976 -25.0585 95.5565
0 24.3184 -24.9906 95.5765
0 24.2538 -24.9233 95.5965
0 24.1734 -24.8405 95.6165
0 24.1081 -24.7642 95.6365
0 24.0198 -24.6867 95.6565
0 23.9496 -24.6136 95.6765
0 23.915 -24.5591 95.6965
0 23.8696 -24.5105 95.7165
0 23.8424 -24.4813 95.7365
0 23.8335 -24.4532 95.7565
0 23.8281 -24.4363 95.7765
0 23.8324 -24.4156 95.7966
0 23.8103 -24.3872 95.8166
0 23.7799 -24.3437 95.8365
0 23.7445 -24.291 95.8566
0 23.7061 -24.2329 95.8765
0 23.6659 -24.1715 95.8966
0 23.6492 -24.124 95.9168
0 23.6145 -24.0797 95.9365
0 23.6012 -24.0424 95.9566
0 23.6006 -24.0095 95.9766
0 23.6002 -23.9897 95.9966
0 23.6075 -23.9673 96.0167
0 23.5872 -23.9379 96.0365
0 23.5503 -23.9044 96.0566
0 23.5357 -23.8736 96.0766
0 23.5343 -23.8446 96.0967
0 23.5089 -23.8113 96.1165
0 23.4689 -23.7754 96.1365
0 23.403 -23.7115 96.1565
0 23.3635 -23.6731 96.1765
0 23.3226 -23.6236 96.1965
0 23.298 -23.5939 96.2166
0 23.2832 -23.5761 96.2365
0 23.2818 -23.5548 96.2565
0 23.2884 -23.5315 96.2765
0 23.2751 -23.491 96.2965
0 23.2671 -23.4667 96.3165
0 23.2377 -23.4362 96.3365
0 23.22 -23.418 96.3565
0 23.1674 -23.3646 96.3765
0 23.0864 -23.3009 96.3966
0 22.9957 -23.2203 96.4165
0 22.924 -23.1455 96.4367
0 22.8637 -23.0741 96.4566
0 22.8275 -23.0313 96.4766
0 22.7884 -22.9792 96.4965
0 22.765 -22.9479 96.5166
0 22.7509 -22.9292 96.5367
0 22.7499 -22.9073 96.5566
0 22.7493 -22.8942 96.5766
0 22.7564 -22.8758 96.5967
0 22.7606 -22.8647 96.6166
0 22.7632 -22.8581 96.6367
0 22.7647 -22.8541 96.6566
0 22.7656 -22.8517 96.6766
0 22.7662 -22.8503 96.6966
0 22.7665 -22.8494 96.7165
0 22.7667 -22.8489 96.7365
0 22.7668 -22.8486 96.7566
0 22.7669 -22.8484 96.7765
0 22.7744 -22.8377 96.7965
1 22.9399 -22.5604 98.4566
1 22.9399 -22.5603 98.4767
1 22.9399 -22.5603 98.4966
1 22.9399 -22.5603 98.5166
1 22.9399 -22.5603 98.5366
1 22.9399 -22.5603 98.5566
1 22.9474 -22.5499 98.5766
1 22.9519 -22.5436 98.5966
1 22.9545 -22.5398 98.6168
1 22.9561 -22.5376 98.6366
1 22.9571 -22.5362 98.6569
1 22.9577 -22.5354 98.6766
1 22.9655 -22.5245 98.6969
1 22.9776 -22.5075 98.7166
1 22.9849 -22.4973 98.7367
1 22.9967 -22.4808 98.7566
1 23.0038 -22.4708 98.7768
1 23.0081 -22.4649 98.7966
1 23.0181 -22.4509 98.8168
1 23.0241 -22.4425 98.8366
1 23.0351 -22.4271 98.8566
1 23.0418 -22.4178 98.8766
1 23.0457 -22.4122 98.8967
1 23.0556 -22.3985 98.9166
1 23.0615 -22.3903 98.9366
1 23.065 -22.3853 98.9568
1 23.0746 -22.372 98.9766
1 23.0804 -22.364 98.9966
1 23.0838 -22.3592 99.0166
1 23.1061 -22.3452 99.0368
1 23.147 -22.3153 99.0566
1 23.1918 -22.2862 99.0766
1 23.2664 -22.2362 99.0966
1 23.3718 -22.173 99.1166
1 23.5279 -22.1076 99.1366
1 23.6867 -22.0625 99.1567
1 23.8548 -22.0191 99.1766
1 24.0253 -22.0143 99.1967
1 24.2131 -21.9948 99.2166
1 24.4391 -21.9452 99.2368
1 24.6557 -21.8719 99.2567
1 24.8744 -21.7741 99.2766
1 25.0784 -21.6997 99.2966
1 25.2618 -21.6226 99.3166
1 25.465 -21.5499 99.3368
1 25.6149 -21.4851 99.3566
1 25.7574 -21.4414 99.3768
1 25.8429 -21.4152 99.3966
1 25.9468 -21.3946 99.4166
1 26.0542 -21.388 99.4367
1 26.1841 -21.379 99.4566
1 26.3103 -21.3418 99.4766
1 26.4515 -21.3146 99.4966
1 26.5769 -21.277 99.5167
1 26.7457 -21.2286 99.5366
1 26.9608 -21.1633 99.5568
1 27.1587 -21.082 99.5767
1 27.3593 -20.9912 99.5968
1 27.5895 -20.8737 99.6166
1 27.83 -20.751 99.6366
1 28.0564 -20.6359 99.6566
1 28.2818 -20.5147 99.6766
1 28.5069 -20.3902 99.6966
1 28.7318 -20.2637 99.7166
1 28.9078 -20.1672 99.7369
1 29.0828 -20.068 99.7566
1 29.229 -19.988 99.7766
1 29.3861 -19.8988 99.7966
1 29.5293 -19.8142 99.8169
1 29.6771 -19.733 99.8366
1 29.8146 -19.6533 99.8568
1 29.9385 -19.5852 99.8766
1 30.0334 -19.5343 99.8969
1 30.1187 -19.483 99.9166
1 30.1905 -19.442 99.9366
1 30.2543 -19.4074 99.9566
1 30.3209 -19.3659 99.9767
1 30.4022 -19.3208 99.9966
1 30.4923 -19.2737 100.017
1 30.6085 -19.2153 100.037
1 30.748 -19.1396 100.057
1 30.8938 -19.0642 100.077
1 31.0512 -18.9784 100.097
1 31.2079 -18.8972 100.117
1 31.3849 -18.8088 100.137
1 31.5819 -18.7057 100.157
1 31.7833 -18.6045 100.177
1 32.0082 -18.495 100.197
1 32.2056 -18.4 100.217
1 32.3865 -18.314 100.237
1 32.5654 -18.2224 100.257
1 32.7353 -18.1386 100.277
1 32.8999 -18.0594 100.297
1 33.0404 -17.9927 100.317
1 33.1874 -17.924 100.337
1 33.3251 -17.8527 100.357
1 33.4496 -17.7909 100.377
1 33.5452 -17.7443 100.397
1 33.6235 -17.7069 100.417
1 33.6914 -17.6749 100.437
1 33.7322 -17.6557 100.457
1 33.7644 -17.6333 100.477
1 33.7837 -17.6198 100.497
1 33.8162 -17.6022 100.517
1 33.8435 -17.5807 100.537
1 33.8599 -17.5678 100.557
1 33.8697 -17.5601 100.577
1 33.8756 -17.5555 100.597
1 33.8791 -17.5527 100.617
1 33.8813 -17.551 100.637
1 33.8825 -17.55 100.657
1 33.8833 -17.5494 100.677
1 33.8837 -17.549 100.697
1 33.884 -17.5488 100.717
1 33.8842 -17.5487 100.737
1 33.8843 -17.5486 100.757
1 33.8843 -17.5486 100.777
1 33.8844 -17.5485 100.797
1 33.9263 -17.5296 100.817
1 33.9724 -17.5087 100.837
1 34.0419 -17.4773 100.857
1 34.1466 -17.4302 100.877
1 34.2591 -17.3721 100.897
1 34.3685 -17.3185 100.917
1 34.484 -17.2566 100.937
1 34.5742 -17.2102 100.957
1 34.6284 -17.1823 100.977
1 34.6609 -17.1655 100.997
1 34.6804 -17.1555 101.017
1 34.6921 -17.1495 101.037
1 34.6991 -17.1459 101.057
1 34.7033 -17.1437 101.077
1 34.7058 -17.1424 101.097
1 34.7074 -17.1416 101.117
1 34.7083 -17.1411 101.137
1 34.7088 -17.1409 101.157
1 34.7091 -17.1407 101.177
1 34.7093 -17.1406 101.197
1 34.7095 -17.1405 101.217
1 34.7095 -17.1405 101.237
1 34.7096 -17.1405 101.257
1 34.7096 -17.1405 101.277
1 34.7096 -17.1404 101.297
1 34.7096 -17.1404 101.317
1 34.7306 -17.1311 101.337
1 34.7642 -17.1162 101.357
1 34.8054 -17.0979 101.377
1 34.8511 -17.0776 101.397
1 34.8996 -17.0561 101.417
1 34.9364 -17.0322 101.437
1 34.9586 -17.0179 101.457
1 35.0007 -16.9889 101.477
1 35.0259 -16.9716 101.497
1 35.0411 -16.9612 101.517
1 35.0502 -16.9549 101.537
1 35.0556 -16.9512 101.557
1 35.0667 -16.9379 101.577
1 35.0944 -16.9207 101.597
1 35.111 -16.9103 101.617
1 35.1209 -16.9041 101.637
1 35.1768 -16.8708 101.657
1 35.2602 -16.8213 101.677
1 35.3523 -16.7731 101.697
1 35.4498 -16.7257 101.717
1 35.5503 -16.6788 101.737
1 35.6396 -16.6304 101.757
1 35.722 -16.5812 101.777
1 35.8004 -16.5314 101.797
1 35.8896 -16.4832 101.817
1 35.9932 -16.4249 101.837
1 36.1222 -16.3894 101.857
1 36.263 -16.3407 101.877
1 36.4108 -16.2843 101.897
1 36.5708 -16.2122 101.917
1 36.7091 -16.1509 101.937
1 36.8634 -16.076 101.957
1 36.9772 -16.0221 101.977
1 37.0878 -15.9718 101.997
1 37.1754 -15.9326 102.017
1 37.2279 -15.9091 102.037
1 37.2841 -15.9129 102.057
1 37.367 -15.9508 102.077
1 37.466 -16.0093 102.097
1 37.5747 -16.0801 102.117
1 37.6398 -16.1226 102.137
1 37.6789 -16.1481 102.157
1 37.7024 -16.1634 102.177
1 37.7165 -16.1725 102.197
1 37.7249 -16.178 102.217
1 37.7546 -16.1992 102.237
1 37.7969 -16.2298 102.257
1 37.8794 -16.2729 102.277
1 37.9858 -16.3236 102.297
1 38.0743 -16.3719 102.317
1 38.1273 -16.4009 102.337
1 38.1916 -16.4253 102.357
1 38.2301 -16.4399 102.378
1 38.2856 -16.4556 102.397
1 38.319 -16.465 102.417
1 38.3925 -16.4688 102.437
1 38.4824 -16.4802 102.457
1 38.582 -16.4962 102.477
1 38.7087 -16.5062 102.497
1 38.884 -16.5198 102.517
1 39.0885 -16.5355 102.537
1 39.3137 -16.5797 102.557
1 39.5544 -16.6678 102.577
1 39.7933 -16.7665 102.597
1 40.0099 -16.8803 102.617
1 40.2341 -16.9945 102.637
1 40.3899 -17.0545 102.657
1 40.5289 -17.1001 102.677
1 40.6627 -17.0994 102.697
1 40.7886 -17.1087 102.717
1 40.942 -17.1314 102.737
1 41.1361 -17.1807 102.757
1 41.3012 -17.2469 102.777
1 41.4749 -17.2772 102.797
1 41.6217 -17.2784 102.817
1 41.7523 -17.2622 102.837
1 41.8599 -17.2332 102.857
1 41.973 -17.2526 102.877
1 42.0731 -17.2719 102.897
1 42.1574 -17.302 102.917
1 42.2614 -17.3192 102.937
1 42.3694 -17.3397 102.957
1 42.4905 -17.3781 102.977
1 42.5875 -17.4197 102.997
1 42.7233 -17.4626 103.017
1 42.8532 -17.5254 103.037
1 42.9632 -17.571 103.057
1 43.0293 -17.5983 103.077
1 43.101 -17.6226 103.097
1 43.1654 -17.6288 103.117
1 43.204 -17.6325 103.137
1 43.2351 -17.6241 103.157
1 43.2617 -17.6084 103.177
1 43.2777 -17.5989 103.197
1 43.2953 -17.5826 103.217
1 43.33 -17.5915 103.237
1 43.4042 -17.5964 103.257
1 43.4488 -17.5993 103.277
1 43.4968 -17.5927 103.297
1 43.5549 -17.5698 103.317
1 43.6432 -17.5558 103.337
1 43.7254 -17.5284 103.357
1 43.7748 -17.512 103.377
1 43.8124 -17.4915 103.397
1 43.8591 -17.4979 103.417
1 43.9192 -17.5099 103.437
1 44.0008 -17.5274 103.457
1 44.0818 -17.5461 103.477
1 44.1759 -17.5678 103.497
1 44.3098 -17.5994 103.517
1 44.4436 -17.6184 103.537
1 44.5693 -17.6403 103.557
1 44.6902 -17.664 103.577
1 44.784 -17.67 103.597
1 44.8483 -17.6631 103.617
1 44.8869 -17.6589 103.637
1 44.9181 -17.6459 103.657
1 44.9447 -17.6276 103.677
1 44.9607 -17.6166 103.697
1 44.9783 -17.5995 103.717
1 45.0396 -17.5623 103.737
1 45.1057 -17.5213 103.757
1 45.1747 -17.478 103.777
1 45.2455 -17.4333 103.797
1 45.3094 -17.3983 103.817
1 45.3771 -17.3586 103.837
1 45.4497 -17.3432 103.857
1 45.5228 -17.3154 103.877
1 45.5666 -17.2987 103.897
1 45.6222 -17.27 103.917
1 45.677 -17.2446 103.937
1 45.7393 -17.2108 103.957
1 45.7981 -17.1823 103.977
1 45.8414 -17.1548 103.997
1 45.8673 -17.1383 104.017
1 45.8909 -17.1179 104.037
1 45.9051 -17.1057 104.057
1 45.935 -17.0902 104.077
1 45.961 -17.0705 104.097
1 45.9979 -17.0505 104.117
1 46.0496 -17.0199 104.137
1 46.11 -16.983 104.157
1 46.1677 -16.9527 104.177
1 46.2532 -16.9079 104.197
1 46.3125 -16.8705 104.217
1 46.3775 -16.8296 104.237
1 46.4675 -16.7784 104.257
1 46.5509 -16.7292 104.277
1 46.6305 -16.6811 104.297
1 46.7077 -16.6338 104.317
1 46.7541 -16.6054 104.337
1 46.7819 -16.5884 104.357
1 46.8066 -16.5678 104.377
1 46.8214 -16.5554 104.397
1 46.8598 -16.5295 104.417
1 46.9124 -16.4955 104.437
1 46.9735 -16.4566 104.457
1 47.0531 -16.4172 104.479
1 47.1438 -16.3775 104.497
1 47.2197 -16.3457 104.517
1 47.3164 -16.3001 104.537
1 47.4173 -16.2569 104.557
1 47.521 -16.215 104.577
1 47.6127 -16.1715 104.597
1 47.6893 -16.1374 104.617
1 47.7864 -16.0907 104.637
1 47.8662 -16.0548 104.657
1 47.9436 -16.0149 104.677
1 48.0117 -15.9831 104.697
1 48.0741 -15.9561 104.717
1 48.1411 -15.9216 104.737
1 48.2325 -15.8747 104.757
1 48.3089 -15.8387 104.777
1 48.3844 -15.7988 104.797
1 48.4513 -15.7671 104.817
1 48.5427 -15.7219 104.837
1 48.6272 -15.6766 104.857
1 48.7075 -15.6311 104.877
1 48.799 -15.5882 104.897
1 48.8835 -15.5443 104.916
1 48.9855 -15.492 104.936
1 49.0765 -15.4424 104.956
1 49.1824 -15.3867 104.976
1 49.2892 -15.3378 104.996
1 49.4046 -15.2826 105.016
1 49.5253 -15.2237 105.036
1 49.5977 -15.1883 105.056
1 49.6411 -15.1671 105.076
1 49.6753 -15.1439 105.096
1 49.7039 -15.1195 105.116
1 49.7211 -15.1049 105.136
1 49.7314 -15.0962 105.156
1 49.7673 -15.0728 105.176
1 49.8403 -15.033 105.196
1 49.9139 -14.991 105.216
1 49.9797 -14.9581 105.236
1 50.0706 -14.9127 105.256
1 50.1469 -14.8778 105.276
1 50.2225 -14.8388 105.296
1 50.2976 -14.7974 105.316
1 50.3427 -14.7725 105.336
1 50.3779 -14.7472 105.356
1 50.399 -14.732 105.376
1 50.4197 -14.7124 105.396
1 50.4403 -14.6903 105.416
1 50.4527 -14.677 105.436
1 50.4682 -14.6586 105.456
1 50.4775 -14.6476 105.476
1 50.4912 -14.6306 105.496
1 50.4994 -14.6204 105.517
1 50.5342 -14.5963 105.536
1 50.5767 -14.5742 105.556
1 50.6321 -14.5429 105.576
1 50.7409 -14.5183 105.596
1 50.8361 -14.4856 105.616
1 50.9607 -14.4705 105.636
1 51.111 -14.4558 105.656
1 51.247 -14.4592 105.676
1 51.3825 -14.4632 105.696
1 51.5394 -14.4601 105.716
1 51.6875 -14.4603 105.736
1 51.8302 -14.4624 105.756
1 51.9593 -14.4489 105.776
1 52.0907 -14.4428 105.796
1 52.1995 -14.4215 105.816
1 52.2887 -14.4286 105.836
1 52.3961 -14.4351 105.856
1 52.4927 -14.4486 105.876
1 52.5587 -14.4465 105.896
1 52.6305 -14.4549 105.916
1 52.6817 -14.4496 105.936
1 52.7124 -14.4465 105.956
1 52.739 -14.4344 105.976
1 52.7549 -14.4271 105.996
1 52.7727 -14.4125 106.016
1 52.7915 -14.3935 106.036
1 52.8109 -14.3719 106.056
1 52.8225 -14.359 106.076
1 52.8295 -14.3512 106.096
1 52.8419 -14.3363 106.116
1 52.8493 -14.3274 106.136
1 52.8619 -14.3118 106.156
1 52.8695 -14.3025 106.176
1 52.874 -14.2969 106.196
1 52.8849 -14.2834 106.216
1 52.8914 -14.2752 106.236
1 52.8953 -14.2704 106.256
1 52.8977 -14.2674 106.276
1 52.8991 -14.2657 106.296
1 52.8999 -14.2646 106.316
1 52.9004 -14.264 106.336
0 49.64 -9.50427 107.596
0 49.5138 -9.38354 107.616
0 49.4216 -9.28118 107.636
0 49.3173 -9.18001 107.656
0 49.2055 -9.07959 107.676
0 49.0647 -8.95981 107.696
0 48.9065 -8.82847 107.716
0 48.7622 -8.71005 107.736
0 48.6592 -8.6091 107.756
0 48.5562 -8.49883 107.776
0 48.4779 -8.40277 107.796
0 48.3897 -8.29545 107.816
0 48.2955 -8.18139 107.836
0 48.239 -8.11296 107.856
0 48.2051 -8.0719 107.876
0 48.1848 -8.04726 107.896
0 48.1807 -8.02238 107.916
0 48.1782 -8.00745 107.936
0 48.1768 -7.99849 107.956
0 48.1759 -7.99311 107.976
0 48.1754 -7.98989 107.996
0 48.175 -7.98795 108.016
1 50.1208 -11.1491 109.776
1 50.122 -11.1501 109.796
1 50.1226 -11.1506 109.816
1 50.123 -11.151 109.836
1 50.1233 -11.1512 109.856
1 50.1234 -11.1513 109.876
1 50.1235 -11.1514 109.896
1 50.1236 -11.1514 109.916
1 50.1236 -11.1514 109.936
1 50.1697 -11.1631 109.956
1 50.2703 -11.2301 109.976
1 50.4034 -11.3305 109.996
1 50.5803 -11.4709 110.016
1 50.7591 -11.6154 110.036
1 50.9389 -11.7624 110.056
1 51.1194 -11.9109 110.076
1 51.3001 -12.0604 110.096
1 51.4809 -12.2106 110.116
1 51.6617 -12.3613 110.136
1 51.8402 -12.4839 110.156
1 52.0471 -12.5723 110.176
1 52.2389 -12.6293 110.196
1 52.4216 -12.6677 110.216
1 52.6229 -12.7152 110.236
1 52.8353 -12.7684 110.256
1 53.0544 -12.8251 110.276
1 53.2796 -12.9122 110.296
1 53.5063 -12.9895 110.316
1 53.7202 -13.0593 110.336
1 53.9182 -13.1343 110.356
1 54.1285 -13.2045 110.376
1 54.3243 -13.2798 110.396
1 54.4875 -13.3377 110.416
1 54.6788 -13.4262 110.436
1 54.8632 -13.5127 110.456
1 55.089 -13.6109 110.476
1 55.3415 -13.7445 110.496
1 55.5944 -13.8695 110.516
1 55.861 -13.9913 110.536
1 56.1596 -14.132 110.556
1 56.4772 -14.2843 110.576
1 56.7606 -14.4305 110.596
1 57.0453 -14.5657 110.616
1 57.3088 -14.7018 110.636
1 57.5578 -14.8105 110.656
1 57.7762 -14.91 110.676
1 57.9527 -14.9833 110.696
1 58.104 -15.0408 110.716
1 58.2703 -15.0724 110.737
1 58.4155 -15.1051 110.756
1 58.5699 -15.1311 110.776
1 58.7161 -15.1512 110.796
1 58.9166 -15.1837 110.816
1 59.1123 -15.2006 110.836
1 59.3409 -15.2034 110.856
1 59.5672 -15.2048 110.876
1 59.802 -15.2246 110.896
1 60.057 -15.2857 110.916
1 60.3242 -15.372 110.936
1 60.5985 -15.4734 110.956
1 60.877 -15.584 110.976
1 61.143 -15.67 110.996
1 61.3931 -15.7505 111.016
1 61.6583 -15.8772 111.036
1 61.9408 -16.0225 111.056
1 62.2019 -16.1671 111.076
1 62.4489 -16.2832 111.096
1 62.6655 -16.389 111.116
1 62.872 -16.4795 111.136
1 63.063 -16.5421 111.156
1 63.2459 -16.6159 111.176
1 63.4008 -16.6751 111.196
1 63.5608 -16.719 111.216
1 63.6787 -16.7388 111.236
1 63.7946 -16.7657 111.256
1 63.9406 -16.8093 111.276
1 64.0733 -16.8505 111.296
1 64.1979 -16.8903 111.316
1 64.3387 -16.8949 111.336
1 64.4451 -16.8913 111.356
1 64.5623 -16.8952 111.376
1 64.6777 -16.9127 111.396
1 64.7689 -16.9169 111.416
1 64.8467 -16.941 111.436
1 64.8934 -16.9555 111.456
1 64.9214 -16.9642 111.476
1 64.9465 -16.9603 111.496
1 64.9616 -16.958 111.516
1 64.9706 -16.9566 111.536
1 64.976 -16.9558 111.556
1 64.9793 -16.9553 111.576
1 65.0126 -16.9675 111.596
1 65.0326 -16.9749 111.616
1 65.0885 -16.9666 111.636
1 65.1755 -16.9679 111.656
1 65.2936 -16.9497 111.676
1 65.4316 -16.948 111.696
1 65.5814 -16.9561 111.716
1 65.7697 -16.983 111.736
1 65.9728 -17.0303 111.756
1 66.1626 -17.096 111.776
1 66.3435 -17.145 111.796
1 66.5283 -17.2029 111.816
1 66.708 -17.3031 111.836
1 66.9149 -17.4137 111.856
1 67.1077 -17.5458 111.876
1 67.292 -17.6907 111.896
1 67.4482 -17.8215 111.916
1 67.5877 -17.9438 111.936
1 67.717 -18.0611 111.956
1 67.8174 -18.1534 111.976
1 67.9004 -18.2307 111.996
1 67.9502 -18.2771 112.016
1 68.0029 -18.3269 112.036
1 68.0428 -18.3479 112.056
1 68.0895 -18.3825 112.076
1 68.1396 -18.3973 112.096
1 68.1917 -18.4002 112.116
1 68.2449 -18.396 112.136
1 68.3292 -18.3727 112.157
1 68.4239 -18.3469 112.176
1 68.5027 -18.3256 112.196
1 68.5803 -18.2979 112.216
1 68.6717 -18.2976 112.236
1 68.7266 -18.2973 112.256
1 68.7678 -18.2883 112.276
1 68.7925 -18.2828 112.296
1 68.8074 -18.2796 112.316
1 68.8163 -18.2776 112.336
1 68.8527 -18.2896 112.356
1 68.9194 -18.313 112.376
1 69.0034 -18.3154 112.396
1 69.0987 -18.3331 112.416
1 69.2083 -18.3233 112.436
1 69.3188 -18.3337 112.456
1 69.4292 -18.3284 112.476
1 69.5486 -18.3328 112.496
1 69.6871 -18.3461 112.516
1 69.815 -18.3706 112.536
1 69.9591 -18.424 112.556
1 70.0987 -18.4637 112.576
1 70.2266 -18.4763 112.596
1 70.3564 -18.4915 112.616
1 70.5017 -18.5396 112.636
1 70.6115 -18.5907 112.656
1 70.7227 -18.6659 112.676
1 70.812 -18.7334 112.696
1 70.8655 -18.7738 112.716
1 70.9203 -18.8204 112.736
1 70.9615 -18.8395 112.756
1 71.0088 -18.8733 112.776
1 71.0372 -18.8935 112.796
1 71.0763 -18.9001 112.817
1 71.0998 -18.9041 112.836
1 71.1359 -18.9009 112.856
1 71.2018 -18.888 112.876
1 71.2718 -18.8658 112.896
1 71.3579 -18.8415 112.916
1 71.4317 -18.8215 112.936
1 71.5286 -18.7897 112.956
1 71.6088 -18.7651 112.976
1 71.679 -18.7449 112.996
1 71.788 -18.7444 113.016
1 71.8838 -18.7298 113.036
1 71.9635 -18.7156 113.056
1 72.0417 -18.6929 113.076
1 72.1555 -18.691 113.096
1 72.2685 -18.7069 113.116
1 72.3667 -18.7023 113.136
1 72.4704 -18.7167 113.156
1 72.5998 -18.765 113.176
1 72.7304 -18.8024 113.196
1 72.8535 -18.8421 113.216
1 72.9944 -18.9057 113.236
1 73.1236 -18.9613 113.256
1 73.232 -19.0083 113.276
1 73.3194 -19.0591 113.297
1 73.3944 -19.1122 113.317
1 73.4618 -19.1666 113.337
1 73.5331 -19.2131 113.357
1 73.5758 -19.241 113.376
1 73.6239 -19.2803 113.396
1 73.6752 -19.3265 113.417
1 73.7143 -19.3455 113.436
1 73.7602 -19.3795 113.456
1 73.8102 -19.4226 113.477
1 73.8623 -19.4432 113.496
1 73.9464 -19.4643 113.516
1 74.0191 -19.4719 113.536
1 74.107 -19.4661 113.556
1 74.1681 -19.4539 113.576
1 74.2269 -19.4415 113.596
1 74.2846 -19.4567 113.616
1 74.3192 -19.4658 113.636
1 74.3483 -19.4626 113.656
1 74.3881 -19.4833 113.676
1 74.4344 -19.5185 113.696
1 74.5153 -19.5763 113.716
1 74.6085 -19.6564 113.736
1 74.7313 -19.7449 113.756
1 74.8799 -19.802 113.776
1 75.058 -19.8718 113.796
1 75.2842 -19.9356 113.817
1 75.4867 -20.0147 113.836
1 75.7192 -20.1208 113.856
1 75.9559 -20.2119 113.876
1 76.1422 -20.2845 113.896
1 76.3206 -20.3691 113.916
1 76.4804 -20.4294 113.936
1 76.6206 -20.5114 113.956
1 76.7574 -20.5702 113.976
1 76.906 -20.6745 113.996
1 77.0614 -20.806 114.016
1 77.2294 -20.9454 114.036
1 77.3743 -21.0751 114.056
1 77.5276 -21.1942 114.076
1 77.6943 -21.2709 114.096
1 77.8386 -21.3075 114.116
1 78.0221 -21.3302 114.136
1 78.1986 -21.3577 114.156
1 78.357 -21.3842 114.176
1 78.5185 -21.4141 114.196
1 78.6459 -21.4191 114.216
1 78.7444 -21.4452 114.236
1 78.8474 -21.5072 114.256
1 78.9532 -21.5908 114.276
1 79.0386 -21.6642 114.296
1 79.1202 -21.723 114.316
1 79.191 -21.7815 114.336
1 79.2639 -21.8314 114.356
1 79.338 -21.8762 114.376
1 79.4045 -21.8986 114.396
1 79.4888 -21.903 114.416
1 79.5394 -21.9057 114.436
1 79.592 -21.9028 114.456
1 79.6235 -21.9011 114.476
1 79.6424 -21.9 114.496
1 79.6537 -21.8994 114.516
1 79.6689 -21.8907 114.536
1 79.6781 -21.8854 114.556
1 79.6835 -21.8823 114.576
1 79.6868 -21.8804 114.596
1 79.6888 -21.8792 114.616
0 78.3519 -19.8295 115.956
0 78.3281 -19.7976 115.976
0 78.3 -19.7469 115.996
0 78.2388 -19.6701 116.016
0 78.1799 -19.6007 116.036
0 78.1001 -19.5127 116.056
0 78.0301 -19.4367 116.076
0 77.9437 -19.3446 116.096
0 77.8557 -19.2346 116.116
0 77.7807 -19.1455 116.136
0 77.7134 -19.0688 116.156
0 77.6508 -18.9996 116.176
0 77.591 -18.9349 116.196
0 77.5412 -18.8645 116.216
0 77.489 -18.7991 116.236
0 77.4215 -18.705 116.256
0 77.3587 -18.6255 116.276
0 77.2764 -18.5314 116.296
0 77.1907 -18.4202 116.316
0 77.0499 -18.261 116.336
0 76.8843 -18.0645 116.356
0 76.7036 -17.8457 116.376
0 76.5137 -17.6136 116.396
0 76.3324 -17.405 116.416
0 76.1645 -17.2022 116.436
0 76.0046 -17.0028 116.456
0 75.8944 -16.8515 116.476
0 75.8142 -16.7291 116.496
0 75.766 -16.6557 116.516
0 75.7146 -16.5886 116.536
0 75.6695 -16.5168 116.556
0 75.6199 -16.4506 116.576
0 75.5759 -16.3793 116.596
0 75.5128 -16.2818 116.616
0 75.4296 -16.1773 116.636
0 75.3429 -16.06 116.656
0 75.2766 -15.958 116.676
0 75.2225 -15.8652 116.696
0 75.1901 -15.8095 116.716
0 75.148 -15.7531 116.736
0 75.1311 -15.7106 116.756
0 75.1209 -15.6852 116.776
0 75.1149 -15.6699 116.796
0 75.1196 -15.6521 116.816
0 75.1224 -15.6415 116.836
0 75.0788 -15.5891 116.856
0 75.0299 -15.5346 116.876
0 74.978 -15.4789 116.896
0 74.9324 -15.4139 116.916
0 74.8908 -15.3433 116.936
0 74.8515 -15.2693 116.956
0 74.8279 -15.2249 116.976
0 74.7994 -15.1667 116.996
0 74.7906 -15.1232 117.016
0 74.7938 -15.0886 117.036
0 74.804 -15.0592 117.057
0 74.7874 -15.0186 117.076
0 74.7404 -14.9396 117.096
0 74.675 -14.8376 117.117
0 74.5986 -14.7219 117.137
0 74.5156 -14.5978 117.156
0 74.4514 -14.4918 117.176
0 74.3672 -14.3822 117.196
0 74.2795 -14.2619 117.216
0 74.1895 -14.1352 117.236
0 74.0753 -13.9816 117.256
0 73.9694 -13.8349 117.276
0 73.8456 -13.6694 117.296
0 73.7338 -13.5156 117.316
0 73.6063 -13.3458 117.336
0 73.4922 -13.1895 117.356
0 73.3862 -13.0412 117.376
0 73.308 -12.9207 117.396
0 73.2464 -12.8168 117.416
0 73.1948 -12.723 117.436
0 73.1409 -12.6437 117.456
0 73.0939 -12.5646 117.476
0 73.051 -12.4856 117.496
0 73.0336 -12.4297 117.516
0 73.0232 -12.3961 117.536
0 73.0253 -12.3673 117.556
0 73.0265 -12.3501 117.576
0 73.0356 -12.3312 117.596
0 73.0264 -12.2883 117.616
0 73.0292 -12.2541 117.636
0 73.0309 -12.2335 117.656
0 73.0172 -12.1896 117.676
0 72.986 -12.1404 117.696
0 72.9295 -12.0564 117.716
0 72.8808 -11.9744 117.736
0 72.8369 -11.8938 117.756
0 72.7728 -11.791 117.776
0 72.6964 -11.6748 117.796
0 72.6358 -11.5736 117.816
0 72.5616 -11.4585 117.836
0 72.4791 -11.335 117.856
0 72.4148 -11.2294 117.876
0 72.3382 -11.1117 117.896
0 72.2775 -11.0096 117.916
0 72.1946 -10.9024 117.936
0 72.1301 -10.8067 117.956
0 72.0681 -10.7263 117.976
0 72.0161 -10.6466 117.996
0 71.97 -10.5674 118.016
0 71.9274 -10.4883 118.036
0 71.8787 -10.418 118.056
0 71.8577 -10.3673 118.076
0 71.8452 -10.3368 118.096
0 71.8144 -10.2957 118.116
0 71.8043 -10.2624 118.136
0 71.8065 -10.2339 118.156
0 71.8079 -10.2169 118.176
0 71.8087 -10.2066 118.196
0 71.8175 -10.1919 118.216
0 71.7996 -10.1602 118.236
0 71.7738 -10.1097 118.256
0 71.7352 -10.0565 118.276
0 71.6737 -9.97027 118.296
0 71.6219 -9.88707 118.316
0 71.5991 -9.82864 118.336
0 71.5622 -9.77067 118.356
0 71.54 -9.73589 118.376
0 71.5034 -9.6921 118.396
0 71.4664 -9.63441 118.416
0 71.4293 -9.56838 118.436
0 71.407 -9.52876 118.456
0 71.3703 -9.48208 118.476
0 71.3099 -9.39976 118.496
0 71.2503 -9.32747 118.516
0 71.1678 -9.23832 118.536
0 71.1033 -9.15342 118.556
0 71.0495 -9.07107 118.576
0 70.9938 -8.99878 118.596
0 70.9688 -8.94689 118.616
0 70.9387 -8.88435 118.636
0 70.8972 -8.82394 118.656
0 70.8572 -8.7563 118.676
0 70.8181 -8.68433 118.696
0 70.7712 -8.61827 118.716
0 70.7197 -8.55577 118.736
0 70.6736 -8.48688 118.756
0 70.599 -8.39982 118.776
0 70.5157 -8.29336 118.796
0 70.427 -8.17525 118.816
0 70.3268 -8.05872 118.837
0 70.2515 -7.95742 118.856
0 70.1827 -7.87381 118.876
0 70.118 -7.80083 118.896
0 70.0639 -7.72566 118.916
0 70.0079 -7.65775 118.936
0 69.9826 -7.60844 118.956
0 69.9439 -7.55605 118.976
0 69.8735 -7.479 118.996
0 69.8077 -7.40997 119.016
0 69.721 -7.32297 119.036
0 69.6537 -7.23941 119.056
0 69.5897 -7.1665 119.076
0 69.5361 -7.09138 119.096
0 69.4566 -7.00078 119.116
0 69.3936 -6.91505 119.136
0 69.3558 -6.86362 119.156
0 69.3414 -6.82417 119.176
0 69.3328 -6.8005 119.196
0 69.3276 -6.7863 119.216
0 69.3328 -6.76921 119.236
0 69.3443 -6.75039 119.256
0 69.3511 -6.73909 119.276
0 69.3553 -6.73232 119.296
0 69.3577 -6.72825 119.316
0 69.3356 -6.70303 119.336
0 69.3069 -6.65656 119.356
0 69.2661 -6.60591 119.376
0 69.2262 -6.54418 119.396
0 69.1869 -6.47581 119.416
0 69.1159 -6.38926 119.436
0 69.058 -6.306 119.456
0 68.9995 -6.23329 119.476
0 68.9169 -6.14417 119.496
0 68.852 -6.05937 119.516
0 68.7738 -5.95444 119.536
0 68.7032 -5.86875 119.556
0 68.6215 -5.7633 119.576
0 68.5488 -5.67731 119.596
0 68.4575 -5.5803 119.616
0 68.3873 -5.49078 119.636
0 68.3213 -5.41437 119.656
0 68.2662 -5.33722 119.676
0 68.2093 -5.26823 119.696
0 68.1596 -5.19555 119.716
0 68.1299 -5.15193 119.736
0 68.1203 -5.11716 119.756
0 68.1146 -5.0963 119.776
0 68.1111 -5.08379 119.796
0 68.1174 -5.06769 119.816
0 68.1211 -5.05803 119.837
0 68.1234 -5.05224 119.856
0 68.133 -5.04018 119.876
0 68.1471 -5.02439 119.896
0 68.1401 -4.98363 119.916
0 68.1358 -4.95918 119.936
0 68.1177 -4.91324 119.956
0 68.0913 -4.85442 119.976
0 68.0755 -4.81912 119.996
0 68.066 -4.79794 120.016
0 68.0686 -4.7767 120.036
0 68.0546 -4.73269 120.056
0 68.0545 -4.69777 120.076
0 68.0389 -4.64557 120.096
0 68.0056 -4.59153 120.116
0 67.9701 -4.52786 120.136
0 67.9009 -4.44423 120.156
0 67.8199 -4.34011 120.176
0 67.7317 -4.22371 120.196
0 67.6548 -4.13117 120.216
0 67.5691 -4.02174 120.236
0 67.5177 -3.95608 120.256
0 67.4711 -3.88547 120.276
0 67.4192 -3.82042 120.296
0 67.3641 -3.75871 120.316
0 67.307 -3.69902 120.336
0 67.2571 -3.63199 120.356
0 67.179 -3.54646 120.376
0 67.0925 -3.44128 120.396
0 67.0007 -3.32433 120.417
0 66.9059 -3.20033 120.436
0 66.8008 -3.08068 120.456
0 66.6979 -2.95508 120.476
0 66.5962 -2.82592 120.496
0 66.5193 -2.71725 120.516
0 66.4732 -2.65205 120.536
0 66.4297 -2.58175 120.556
0 66.3878 -2.50841 120.576
0 66.3627 -2.4644 120.596
0 66.3317 -2.40683 120.616
0 66.289 -2.34969 120.636
0 66.2717 -2.30685 120.656
0 66.2454 -2.24999 120.676
0 66.2055 -2.19327 120.696
0 66.1656 -2.1281 120.716
0 66.1417 -2.08899 120.736
0 66.1115 -2.03439 120.756
0 66.0934 -2.00163 120.776
0 66.0825 -1.98197 120.796
0 66.0843 -1.96164 120.816
0 66.0853 -1.94944 120.836
0 66.086 -1.94212 120.856
0 66.0947 -1.92921 120.876
0 66.0999 -1.92146 120.896
0 66.103 -1.91681 120.916
0 66.1049 -1.91402 120.936
0 66.106 -1.91235 120.956
0 66.115 -1.90283 120.976
0 66.0962 -1.87451 120.998
0 66.0849 -1.85752 121.016
0 66.0781 -1.84732 121.036
0 66.0741 -1.8412 121.056
0 66.0716 -1.83753 121.076
0 66.0702 -1.83533 121.096
0 66.0693 -1.83401 121.116
0 66.0687 -1.83321 121.136
0 66.0684 -1.83274 121.156
0 66.9064 -2.40257 121.756
0 66.7681 -2.24143 121.776
0 66.6451 -2.09099 121.796
0 66.5313 -1.94697 121.816
0 66.4229 -1.80683 121.836
0 66.2852 -1.65474 121.856
0 66.1139 -1.46449 121.876
0 65.9709 -1.29667 121.896
0 65.8691 -1.16495 121.916
0 65.7921 -1.05489 121.937
0 65.7298 -0.957838 121.956
0 65.6439 -0.854356 121.976
0 65.552 -0.73864 121.996
0 65.4321 -0.592996 122.016
0 65.271 -0.406849 122.036
0 65.1339 -0.241596 122.056
0 65.0355 -0.111459 122.076
0 64.9115 0.0427274 122.096
0 64.7476 0.233846 122.116
0 64.5841 0.424538 122.136
0 64.4208 0.614937 122.156
0 64.2493 0.796666 122.176
0 64.0811 0.981609 122.196
0 63.8901 1.1909 122.216
0 63.7101 1.39229 122.236
0 63.5857 1.54406 122.256
0 63.5194 1.64359 122.276
0 63.4796 1.70332 122.296
0 63.4557 1.73915 122.316
0 63.4414 1.76065 122.336
0 57.0958 4.06977 125.955
0 56.9701 4.19101 125.975
0 56.8947 4.26375 125.995
0 56.8577 4.31582 126.015
0 56.8355 4.34705 126.035
0 56.8053 4.39595 126.055
0 56.7702 4.45544 126.075
0 56.724 4.51288 126.095
0 56.7046 4.55574 126.115
0 56.6929 4.58145 126.135
0 56.6941 4.60527 126.155
0 56.6949 4.61956 126.176
0 56.7036 4.63651 126.195
0 56.7088 4.64668 126.216
0 56.6868 4.67454 126.235
0 56.6483 4.713 126.256
0 56.5749 4.77954 126.275
0 56.4886 4.87131 126.295
0 56.3864 4.9698 126.315
0 56.2828 5.0807 126.336
0 56.1701 5.19061 126.355
0 56.0267 5.32157 126.375
0 55.8393 5.48673 126.395
0 55.6256 5.67228 126.416
0 55.4466 5.82679 126.435
0 55.2884 5.96265 126.455
1 55.5429 5.75453 127.055
1 55.5429 5.75453 127.076
1 55.5429 5.75452 127.095
1 55.5429 5.75452 127.115
1 55.5429 5.75452 127.135
1 55.5429 5.75452 127.156
1 55.5429 5.75452 127.175
1 55.5656 5.7634 127.195
1 55.5792 5.76872 127.215
1 55.6101 5.78078 127.235
1 55.6966 5.81453 127.255
1 55.8167 5.86119 127.275
1 55.9568 5.91549 127.296
1 56.109 5.97425 127.315
1 56.2685 6.0356 127.336
1 56.4324 6.09837 127.355
1 56.5763 6.15329 127.376
1 56.6626 6.18625 127.396
1 56.7144 6.20602 127.416
1 56.7454 6.21788 127.435
1 56.7641 6.225 127.455
1 56.7753 6.22927 127.475
1 56.8357 6.2576 127.495
1 56.9175 6.29177 127.515
1 57.0805 6.35498 127.536
1 57.3004 6.44394 127.556
1 57.5692 6.54782 127.575
1 57.8529 6.66059 127.596
1 58.1937 6.7647 127.615
1 58.5582 6.88462 127.635
1 58.9707 7.0001 127.655
1 59.3638 7.12642 127.675
1 59.7373 7.25005 127.696
1 60.0531 7.35586 127.716
1 60.3197 7.45179 127.735
1 60.5256 7.52503 127.756
1 60.7034 7.59346 127.776
1 60.8812 7.62784 127.796
1 61.0192 7.66509 127.815
1 61.1837 7.65944 127.836
1 61.3809 7.59679 127.856
1 61.6289 7.51632 127.876
1 61.897 7.44621 127.895
1 62.2 7.38968 127.916
1 62.499 7.36345 127.935
1 62.8165 7.39256 127.955
1 63.2036 7.41818 127.976
1 63.6013 7.42492 127.995
1 64.0053 7.41987 128.016
1 64.438 7.38455 128.036
1 64.8733 7.33238 128.056
1 65.3035 7.23096 128.076
1 65.7305 7.09961 128.096
1 66.1307 6.97284 128.115
1 66.475 6.87354 128.136
1 66.7279 6.82762 128.156
1 66.9506 6.79071 128.176
1 67.1157 6.78424 128.196
1 67.2396 6.75738 128.216
1 67.3139 6.74126 128.236
1 67.3833 6.70859 128.255
1 67.4333 6.69787 128.275
1 67.4881 6.66843 128.296
1 67.5458 6.62775 128.316
1 67.6762 6.57075 128.335
1 67.8486 6.5336 128.356
1 68.0777 6.5237 128.376
1 68.3324 6.52103 128.396
1 68.6357 6.50816 128.416
1 68.9829 6.48638 128.436
1 69.2706 6.47182 128.456
1 69.5621 6.43569 128.476
1 69.8341 6.35046 128.496
1 70.0535 6.29121 128.516
1 70.2343 6.20899 128.535
1 70.3906 6.14259 128.556
1 70.4844 6.10275 128.576
1 70.5736 6.06435 128.596
1 70.6749 6.0242 128.616
1 70.7686 5.98557 128.636
1 70.8712 5.97489 128.656
1 70.9791 5.98092 128.676
1 71.1149 5.9735 128.696
1 71.2742 5.99641 128.716
1 71.4408 5.99893 128.736
1 71.6923 5.95706 128.756
1 71.9632 5.87339 128.776
1 72.2294 5.79688 128.796
1 72.509 5.69208 128.816
1 72.756 5.62626 128.836
1 72.9995 5.55123 128.856
1 73.2652 5.44685 128.876
1 73.505 5.35142 128.896
1 73.7208 5.25248 128.916
1 73.9538 5.16591 128.936
1 74.1655 5.07213 128.956
1 74.3959 4.98843 128.976
1 74.6303 4.87235 128.996
1 74.8985 4.75111 129.016
1 75.2344 4.6082 129.036
1 75.5801 4.40816 129.056
1 75.9872 4.16371 129.076
1 76.376 3.87264 129.096
1 76.8248 3.5105 129.116
1 77.2942 3.10837 129.136
1 77.7432 2.69753 129.156
1 78.1557 2.30543 129.176
1 78.4985 1.97298 129.196
1 78.775 1.7301 129.216
1 78.973 1.56842 129.236
1 79.0918 1.47141 129.256
1 79.163 1.4132 129.276
1 79.2141 1.38665 129.296
1 79.2763 1.38429 129.316
1 79.3606 1.36372 129.336
1 79.4664 1.34053 129.356
1 79.6 1.31256 129.376
1 79.8055 1.27065 129.396
1 79.9988 1.23124 129.416
1 80.1933 1.20158 129.436
1 80.3805 1.13983 129.456
1 80.5949 1.07208 129.476
1 80.8177 0.962766 129.496
1 81.0534 0.866219 129.516
1 81.2411 0.818122 129.536
1 81.4321 0.782733 129.556
1 81.6167 0.746585 129.576
1 81.8058 0.718206 129.596
1 81.998 0.66492 129.616
1 82.1832 0.617813 129.636
1 82.3495 0.577872 129.656
1 82.5192 0.538645 129.676
1 82.6996 0.478578 129.696
1 82.8861 0.435394 129.716
1 83.0998 0.377437 129.736
1 83.3063 0.33533 129.756
1 83.5233 0.29899 129.776
1 83.7317 0.269666 129.796
1 83.9583 0.248982 129.816
1 84.1958 0.20391 129.836
1 84.3934 0.164595 129.856
1 84.6135 0.108134 129.876
1 84.8239 0.0368456 129.896
1 85.0201 -0.0515997 129.916
1 85.216 -0.142231 129.936
1 85.4118 -0.234258 129.956
1 85.6074 -0.327209 129.976
1 85.803 -0.420798 129.996
1 85.99 -0.493514 130.016
1 86.1571 -0.549931 130.036
1 86.3354 -0.592369 130.056
1 86.5436 -0.651726 130.076
1 86.7698 -0.721371 130.096
1 87.0067 -0.826755 130.116
1 87.2035 -0.9031 130.136
1 87.4144 -0.991306 130.156
1 87.5957 -1.05745 130.176
1 87.7591 -1.1104 130.196
1 87.8655 -1.13416 130.216
1 87.9608 -1.16581 130.236
1 88.0263 -1.17683 130.256
1 88.097 -1.20087 130.276
1 88.1478 -1.20736 130.296
1 88.1866 -1.20332 130.316
1 88.2098 -1.20089 130.336
1 88.2321 -1.19152 130.356
1 88.2769 -1.20342 130.376
1 88.3121 -1.20267 130.396
1 88.3647 -1.19023 130.416
1 88.4512 -1.16671 130.436
1 88.5578 -1.13658 130.456
1 88.7545 -1.11212 130.476
1 88.974 -1.07361 130.496
1 89.2151 -1.04847 130.516
1 89.461 -1.0394 130.536
1 89.6715 -1.03997 130.556
1 89.8984 -1.10558 130.576
1 90.0888 -1.1885 130.596
1 90.2803 -1.30757 130.616
1 90.4577 -1.41496 130.636
1 90.6183 -1.52317 130.656
1 90.7459 -1.60615 130.676
1 90.8308 -1.64826 130.696
1 90.9129 -1.69163 130.716
1 90.9705 -1.71001 130.736
1 91.0133 -1.71339 130.756
1 91.0473 -1.70778 130.776
1 91.076 -1.6968 130.796
1 91.1015 -1.68261 130.816
1 91.1168 -1.67409 130.836
1 91.1343 -1.66139 130.856
1 91.1448 -1.65376 130.876
1 91.1593 -1.64161 130.896
1 91.1764 -1.62674 130.916
1 91.1866 -1.61782 130.936
1 91.201 -1.60491 130.956
1 91.2179 -1.58962 130.976
1 91.2822 -1.62463 130.996
1 91.3748 -1.68988 131.016
1 91.5222 -1.80283 131.036
1 91.7655 -1.92193 131.056
1 92.0035 -2.0377 131.076
1 92.316 -2.16271 131.096
1 92.6731 -2.29365 131.116
1 93.0026 -2.41349 131.136
1 93.3464 -2.54557 131.156
1 93.6529 -2.66261 131.176
1 93.913 -2.80394 131.196
1 94.1143 -2.94112 131.216
1 94.2886 -3.06846 131.236
1 94.424 -3.16374 131.256
1 94.5588 -3.26604 131.276
1 94.693 -3.37263 131.296
1 94.8186 -3.4891 131.316
1 94.9699 -3.63056 131.336
1 95.1139 -3.76081 131.356
1 95.2536 -3.88438 131.376
1 95.3682 -3.97766 131.396
1 95.4594 -4.05997 131.416
1 95.5448 -4.12854 131.436
1 95.6492 -4.21527 131.456
1 95.7119 -4.2673 131.476
1 95.7719 -4.32489 131.496
1 95.808 -4.35945 131.516
1 95.8378 -4.37307 131.536
1 95.8557 -4.38123 131.556
1 95.8665 -4.38614 131.576
1 95.873 -4.38908 131.596
1 95.8768 -4.39084 131.616
0 94.3243 -1.43499 132.296
0 93.9421 -0.916968 132.316
0 93.5164 -0.315281 132.336
0 93.0325 0.355419 132.356
0 92.5209 1.07426 132.376
0 91.9602 1.84056 132.396
0 91.4005 2.61595 132.416
0 90.7783 3.48166 132.436
0 90.1794 4.3158 132.456
0 89.5544 5.18967 132.476
0 88.9125 6.08679 132.496
0 88.259 6.99728 132.516
0 87.5971 7.91516 132.536
0 86.9448 8.80385 132.556
0 86.3452 9.62315 132.576
0 85.8167 10.3419 132.596
0 85.3386 11.0073 132.616
0 84.9145 11.6149 132.636
0 84.4736 12.2388 132.656
0 84.0709 12.821 132.676
0 83.6908 13.3781 132.696
0 83.2746 13.9708 132.716
0 82.8608 14.559 132.736
0 82.4149 15.1625 132.756
0 81.9904 15.7639 132.776
0 81.5452 16.3819 132.796
0 81.1117 16.9841 132.816
0 80.693 17.5839 132.836
0 80.2745 18.1747 132.856
0 79.8637 18.767 132.876
0 79.4659 19.3202 132.896
0 79.0836 19.857 132.916
0 78.702 20.3765 132.936
0 78.3794 20.8424 132.956
0 78.0583 21.294 132.976
0 77.7634 21.7116 132.996
0 77.5011 22.0766 133.016
0 77.2838 22.385 133.036
0 77.1279 22.595 133.056
0 77.0344 22.721 133.076
0 76.9783 22.7966 133.096
0 76.9446 22.842 133.116
