0 0.485568 -100 51.5982
0 0.485568 -100 51.618
0 0.485568 -100 51.638
0 0.485568 -100 51.658
0 0.485568 -100 51.678
0 0.485568 -100 51.698
0 0.485568 -100 51.7182
0 0.485568 -100 51.7382
0 0.485568 -100 51.7581
0 0.485568 -100 51.778
0 0.485568 -100 51.798
0 0.485568 -100 51.8182
0 0.485568 -100 51.8382
0 0.485568 -100 51.8582
0 0.485568 -100 51.8781
0 0.485568 -100 51.8981
0 0.485568 -100 51.9183
0 0.485568 -100 51.9381
0 0.485568 -100 51.958
0 0.485568 -100 51.9781
0 0.485568 -100 51.998
0 0.485568 -100 52.018
0 0.490198 -100 52.0381
0 0.47533 -100 52.058
0 0.466409 -100 52.0781
0 0.461057 -100 52.0981
0 0.440194 -100 52.1181
0 0.427676 -100 52.1381
0 0.420165 -100 52.1581
0 0.398002 -100 52.1781
0 0.384704 -100 52.1981
0 0.359063 -100 52.2181
0 0.343678 -100 52.2381
0 0.334448 -100 52.2581
0 0.328909 -100 52.2781
0 0.325586 -100 52.2981
0 0.323592 -100 52.3181
0 0.304728 -100 52.3381
0 0.31961 -100 52.3582
0 0.32854 -100 52.3782
0 0.333897 -100 52.3981
0 0.337112 -100 52.4181
0 0.33904 -100 52.438
0 0.340198 -100 52.457
0 0.340892 -100 52.477
0 0.341308 -100 52.497
0 0.341558 -100 52.5179
0 0.341708 -100 52.5372
0 0.341798 -100 52.5571
0 0.341852 -100 52.5771
0 0.341885 -100 52.5972
0 0.341904 -100 52.6172
0 0.341916 -100 52.637
0 0.324249 -100 52.6571
0 0.295969 -100 52.6772
0 0.243625 -100 52.697
0 0.159115 -100 52.7171
0 0.0552568 -100 52.7371
0 -0.0247865 -100 52.7572
0 -0.0728125 -100 52.7772
0 -0.101628 -100 52.7972
0 -0.105818 -100 52.8172
0 -0.0558933 -100 52.8372
0 -0.0128189 -100 52.8572
0 -0.00471154 -100 52.877
0 0.000152869 -100 52.8972
0 0.00307151 -100 52.9172
0 0.0048227 -100 52.9373
0 0.00587341 -100 52.9573
0 0.00650384 -100 52.9771
0 -0.0108606 -100 52.9971
0 -0.0212793 -100 53.0171
0 -0.0630321 -100 53.0371
0 -0.141377 -100 53.0571
0 -0.241725 -100 53.0772
0 -0.355324 -100 53.0972
0 -0.476922 -100 53.1172
0 -0.603368 -100 53.1372
0 -0.697076 -100 53.1572
0 -0.806853 -100 53.1773
0 -0.944197 -100 53.1972
0 -1.13398 -100 53.2171
0 -1.33749 -100 53.2373
0 -1.49548 -100 53.2572
0 -1.60823 -100 53.2773
0 -1.64967 -100 53.2973
0 -1.62209 -100 53.3171
0 -1.54845 -100 53.3371
0 -1.43393 -100 53.3571
0 -1.29476 -100 53.3772
0 -1.15388 -100 53.3971
0 -0.998662 -100 53.4173
0 -0.847966 -100 53.4372
0 -0.717802 -100 53.4573
0 -0.59992 -100 53.4772
0 -0.511269 -100 53.4978
0 -0.431524 -100 53.5173
0 -0.352443 -100 53.5372
0 -0.278402 -100 53.5573
0 -0.207371 -100 53.5772
0 -0.164752 -100 53.5972
0 -0.139181 -100 53.6172
0 -0.123838 -100 53.6372
0 -0.114633 -100 53.6572
0 -0.109109 -100 53.6772
0 -0.105795 -100 53.6972
0 -0.103807 -100 53.7172
0 -0.156634 -100 53.7372
0 -0.314567 -100 53.7571
0 -0.513094 -100 53.7771
0 -0.67256 -100 53.7971
0 -0.80401 -100 53.8172
0 -0.900564 -100 53.8372
0 -0.976649 -100 53.8572
0 -1.05862 -100 53.8772
0 -1.18051 -100 53.8972
0 -1.3229 -100 53.9171
0 -1.42794 -99.9767 53.9372
0 -1.4828 -99.914 53.9575
0 -1.522 -99.8033 53.9772
0 -1.54251 -99.6476 53.9972
0 -1.54713 -99.4566 54.0173
0 -1.57343 -99.2282 54.0372
0 -1.56279 -98.9602 54.0571
0 -1.51165 -98.6517 54.0771
0 -1.40455 -98.3342 54.0971
0 -1.21765 -98.0272 54.1171
0 -0.996696 -97.7512 54.1371
0 -0.727547 -97.5023 54.1573
0 -0.456505 -97.2864 54.1772
0 -0.243812 -97.1072 54.1971
0 -0.134735 -96.9913 54.2173
0 -0.0692892 -96.9217 54.2371
0 -0.0671163 -96.8634 54.2572
0 -0.121495 -96.8034 54.2771
0 -0.209854 -96.7426 54.2971
0 -0.318651 -96.6812 54.3172
0 -0.439758 -96.6195 54.3371
0 -0.568302 -96.5577 54.3571
0 -0.682708 -96.5041 54.3772
0 -0.769999 -96.4637 54.3971
0 -0.859687 -96.423 54.4171
0 -0.969509 -96.3738 54.4373
0 -1.05408 -96.336 54.4571
0 -1.14221 -96.2969 54.4771
0 -1.21378 -96.2652 54.4972
0 -1.25195 -96.2377 54.5171
0 -1.27008 -96.2127 54.5371
0 -1.28096 -96.1977 54.5571
0 -1.28749 -96.1887 54.5771
0 -1.29141 -96.1833 54.5974
0 -1.31246 -96.1718 54.6171
0 -1.34381 -96.1567 54.6371
0 -1.38133 -96.1394 54.6574
0 -1.40385 -96.129 54.6771
0 -1.45481 -96.1063 54.6971
0 -1.52285 -96.0763 54.7171
0 -1.60118 -96.0419 54.7373
0 -1.70445 -95.9966 54.7571
0 -1.84153 -95.9367 54.7771
0 -1.98018 -95.8763 54.7971
0 -2.11981 -95.8155 54.8171
0 -2.26008 -95.7546 54.8371
0 -2.38193 -95.7017 54.8573
0 -2.49276 -95.6537 54.8771
0 -2.59698 -95.6087 54.8972
0 -2.65952 -95.5816 54.9171
0 -2.69232 -95.5568 54.9371
0 -2.712 -95.5419 54.9572
0 -2.71909 -95.5243 54.9771
0 -2.71863 -95.5051 54.9971
0 -2.71835 -95.4936 55.0173
0 -2.73706 -95.4786 55.0371
0 -2.74356 -95.4609 55.0571
0 -2.74275 -95.4417 55.0772
0 -2.74225 -95.4302 55.0971
0 -2.74196 -95.4233 55.1171
0 -2.76067 -95.411 55.1371
0 -2.7719 -95.4036 55.1571
0 -2.77391 -95.3906 55.1771
0 -2.76567 -95.3655 55.1971
0 -2.75128 -95.3333 55.2171
0 -2.73791 -95.3053 55.2371
0 -2.72989 -95.2885 55.2571
0 -2.72507 -95.2785 55.2773
0 -2.72219 -95.2724 55.2972
0 -2.75827 -95.2525 55.3171
0 -2.79883 -95.2323 55.3371
0 -2.81845 -95.2117 55.3573
0 -2.83021 -95.1992 55.3771
0 -2.83727 -95.1918 55.3971
0 -2.91723 -95.1547 55.4173
0 -3.09793 -95.0755 55.4372
0 -3.28232 -94.9955 55.4571
0 -3.38824 -94.9388 55.4772
0 -3.44239 -94.8875 55.4971
0 -3.46547 -94.8394 55.5175
0 -3.43813 -94.7844 55.538
0 -3.42229 -94.7259 55.5575
0 -3.4889 -94.6582 55.5771
0 -3.6623 -94.5608 55.5975
0 -3.79041 -94.4599 55.6171
0 -3.86259 -94.3907 55.6371
0 -3.90119 -94.3404 55.6572
0 -3.92435 -94.3103 55.6771
0 -3.89699 -94.2659 55.6971
0 -3.85306 -94.2217 55.7173
0 -3.8267 -94.1952 55.7371
0 -3.81088 -94.1793 55.7571
0 -3.80139 -94.1697 55.7773
0 -3.8148 -94.1559 55.7974
0 -3.93759 -94.0988 55.8175
0 -4.10704 -94.024 55.8371
0 -4.2087 -93.9791 55.8572
0 -4.2697 -93.9522 55.8772
0 -4.3063 -93.936 55.8971
0 -4.32826 -93.9263 55.9171
0 -4.34144 -93.9205 55.9371
0 -4.34935 -93.917 55.9574
0 -4.37326 -93.9068 55.9771
0 -4.42596 -93.8845 55.9972
0 -4.45759 -93.8711 56.0171
0 -4.47656 -93.8631 56.0371
0 -4.50713 -93.8502 56.0572
0 -4.58307 -93.8182 56.0772
0 -4.7055 -93.7668 56.0971
0 -4.87516 -93.6956 56.1171
0 -5.0733 -93.6128 56.1374
0 -5.26935 -93.531 56.1571
0 -5.40629 -93.4739 56.1772
0 -5.48845 -93.4397 56.1971
0 -5.53775 -93.4192 56.2171
0 -5.64461 -93.3748 56.2372
0 -5.80544 -93.3084 56.2573
0 -5.92131 -93.2605 56.2771
0 -5.99082 -93.2318 56.2972
0 -6.03254 -93.2145 56.3183
0 -6.04383 -93.1952 56.3372
0 -6.01498 -93.1399 56.3572
0 -6.0671 -93.0488 56.3774
0 -6.15415 -92.9275 56.3972
0 -6.27038 -92.8138 56.4172
0 -6.43745 -92.7059 56.4374
0 -6.65466 -92.5936 56.4572
0 -6.90216 -92.4788 56.4772
0 -7.16802 -92.3627 56.4972
0 -7.40589 -92.2615 56.5172
0 -7.60744 -92.1773 56.5372
0 -7.74798 -92.119 56.5572
0 -7.85193 -92.0761 56.5772
0 -7.9143 -92.0504 56.5971
0 -7.97135 -92.0272 56.6171
0 -8.02521 -92.0054 56.6371
0 -8.09682 -91.9767 56.6572
0 -8.21841 -91.9282 56.6771
0 -8.3504 -91.8758 56.6971
0 -8.48868 -91.821 56.7173
0 -8.65049 -91.757 56.7371
0 -8.84627 -91.6799 56.7571
0 -9.02301 -91.6105 56.7772
0 -9.18838 -91.5456 56.7971
0 -9.32718 -91.4913 56.8171
0 -9.43026 -91.451 56.8371
0 -9.51191 -91.4191 56.8571
0 -9.5807 -91.3923 56.8774
0 -9.6418 -91.3685 56.8971
0 -9.69827 -91.3466 56.9172
0 -9.73215 -91.3334 56.9371
0 -9.75248 -91.3255 56.9573
0 -9.76468 -91.3208 56.9771
0 -9.79182 -91.3102 56.9973
0 -9.90731 -91.2656 57.0171
0 -10.0958 -91.1929 57.0372
0 -10.3239 -91.0941 57.0572
0 -10.5958 -90.9723 57.0774
0 -10.8699 -90.8348 57.0972
0 -11.1411 -90.6785 57.1172
0 -11.4063 -90.5015 57.1371
0 -11.704 -90.2876 57.1574
0 -12.0217 -90.0515 57.1772
0 -12.3069 -89.8076 57.1971
0 -12.5482 -89.5571 57.2171
0 -12.7385 -89.3006 57.2371
0 -12.8534 -89.0462 57.2573
0 -12.907 -88.8103 57.2771
0 -12.9034 -88.5932 57.2972
0 -12.8903 -88.3894 57.3172
0 -12.86 -88.2201 57.3372
0 -12.8283 -88.0905 57.3572
0 -12.8003 -87.9939 57.3773
0 -12.7949 -87.9095 57.3975
0 -12.7827 -87.8402 57.4172
0 -12.7912 -87.7815 57.4372
0 -12.8123 -87.7293 57.4572
0 -12.8658 -87.6825 57.4772
0 -12.9093 -87.628 57.4971
0 -12.9264 -87.5766 57.5172
0 -12.9187 -87.5084 57.5372
0 -12.8915 -87.4208 57.5572
0 -12.8525 -87.3216 57.5772
0 -12.8361 -87.2265 57.5972
0 -12.9606 -87.0964 57.6172
0 -13.1586 -86.972 57.6372
0 -13.3596 -86.8664 57.6572
0 -13.542 -86.78 57.6773
0 -13.6881 -86.7034 57.6973
0 -13.7964 -86.6497 57.7171
0 -13.9026 -86.6021 57.7373
0 -14.0282 -86.5506 57.7572
0 -14.1448 -86.5044 57.7772
0 -14.2723 -86.4443 57.7973
0 -14.3812 -86.3741 57.8175
0 -14.4834 -86.3073 57.8372
0 -14.6186 -86.2179 57.8578
0 -14.7945 -86.1072 57.8775
0 -15.0365 -85.9688 57.898
0 -15.3184 -85.8137 57.9172
0 -15.574 -85.645 57.9372
0 -15.7678 -85.4736 57.9573
0 -15.8992 -85.2988 57.9772
0 -15.9976 -85.1315 57.9973
0 -16.0414 -84.9656 58.0172
0 -16.0428 -84.7518 58.0372
0 -16.0423 -84.4262 58.0573
0 -15.9752 -84.0181 58.0772
0 -15.828 -83.5472 58.0972
0 -15.6581 -83.0215 58.1172
0 -15.4575 -82.413 58.1372
0 -15.2561 -81.7253 58.1572
0 -15.0505 -80.9681 58.1772
0 -14.82 -80.1755 58.1972
0 -14.5807 -79.4089 58.2172
0 -14.384 -78.6997 58.2372
0 -14.2492 -78.0956 58.2572
0 -14.2174 -77.579 58.2774
0 -14.2265 -77.1725 58.2973
0 -14.331 -76.8669 58.3173
0 -14.4759 -76.6405 58.3372
0 -14.6282 -76.48 58.3572
0 -14.7632 -76.3672 58.3772
0 -14.866 -76.2914 58.3972
0 -14.9276 -76.2459 58.4172
0 -14.9646 -76.2186 58.4372
0 -14.9868 -76.2022 58.4573
0 -15.0002 -76.1924 58.4772
0 -15.0034 -76.1763 58.4972
0 -15.0053 -76.1666 58.5172
0 -15.0065 -76.1608 58.5372
0 -15.029 -76.1492 58.5575
0 -15.0861 -76.1258 58.5772
0 -15.164 -76.0954 58.5972
0 -15.2763 -76.0527 58.6173
0 -15.3655 -76.0189 58.6373
0 -15.4191 -75.9986 58.6572
0 -15.4464 -75.9762 58.6772
0 -15.4533 -75.9423 58.6972
0 -15.4479 -75.9015 58.7174
0 -15.4303 -75.8463 58.7373
0 -15.4101 -75.7928 58.7572
0 -15.3885 -75.7403 58.7774
0 -15.463 -75.6761 58.7972
0 -15.5687 -75.6028 58.8172
0 -15.676 -75.5425 58.8374
0 -15.7575 -75.4879 58.8572
0 -15.8016 -75.4449 58.8772
0 -15.8281 -75.4192 58.8973
0 -15.8831 -75.3771 58.9173
0 -15.938 -75.3438 58.9372
0 -16.0102 -75.2972 58.9573
0 -16.0659 -75.2407 58.9772
0 -16.1165 -75.1884 58.9973
0 -16.1641 -75.1387 59.0172
0 -16.1831 -75.0884 59.0374
0 -16.1849 -75.0378 59.0573
0 -16.1717 -74.9768 59.0772
0 -16.1666 -74.8912 59.0972
0 -16.1713 -74.8012 59.1172
0 -16.2037 -74.7003 59.1374
0 -16.2529 -74.5928 59.1573
0 -16.3122 -74.4815 59.1772
0 -16.3506 -74.3658 59.1973
0 -16.3248 -74.2328 59.2173
0 -16.2356 -74.0061 59.2372
0 -16.0733 -73.6896 59.2573
0 -15.8739 -73.2988 59.2772
0 -15.6461 -72.801 59.2973
0 -15.3805 -72.216 59.3172
0 -15.1086 -71.5589 59.3372
0 -14.8472 -70.8688 59.3572
0 -14.632 -70.2022 59.3772
0 -14.4501 -69.6119 59.3972
0 -14.3064 -69.1203 59.4172
0 -14.2522 -68.7453 59.4372
0 -14.2496 -68.4714 59.4572
0 -14.2881 -68.2789 59.4772
0 -14.3236 -68.1337 59.4973
0 -14.3574 -68.0169 59.5172
0 -14.3624 -67.9156 59.5373
0 -14.3552 -67.8339 59.5573
0 -14.3458 -67.7745 59.5774
0 -14.335 -67.7285 59.5973
0 -14.3286 -67.7008 59.6172
0 -14.3247 -67.6843 59.6373
0 -14.3224 -67.6743 59.6573
0 -14.3159 -67.6579 59.6774
0 -14.312 -67.6481 59.6972
0 -14.3097 -67.6422 59.7173
0 -14.3083 -67.6387 59.7374
0 -14.3074 -67.6366 59.7573
0 -14.3069 -67.6353 59.7772
0 -14.3066 -67.6345 59.7974
0 -14.3064 -67.6341 59.8172
0 -14.3063 -67.6338 59.8372
0 -14.3063 -67.6336 59.8574
0 -14.3062 -67.6335 59.8773
0 -14.3062 -67.6335 59.8973
0 -14.3062 -67.6334 59.9174
0 -14.3288 -67.6246 59.9372
0 -14.365 -67.6104 59.9572
0 -14.4094 -67.5931 59.9775
0 -14.4814 -67.565 59.9973
0 -14.5699 -67.5306 60.0172
0 -14.6683 -67.4923 60.0373
0 -14.7728 -67.4518 60.0572
0 -14.8581 -67.4186 60.0773
0 -14.9497 -67.3708 60.0974
0 -15.0223 -67.3228 60.1173
0 -15.0835 -67.2748 60.1372
0 -15.1606 -67.2181 60.1572
0 -15.2422 -67.1456 60.1773
0 -15.3316 -67.0741 60.1973
0 -15.4434 -66.9841 60.2173
0 -15.5738 -66.8934 60.2373
0 -15.7561 -66.7744 60.2572
0 -15.9645 -66.6281 60.2774
0 -16.1558 -66.4531 60.2973
0 -16.314 -66.2697 60.3172
0 -16.4524 -66.0812 60.3375
0 -16.5611 -65.9089 60.3573
0 -16.6621 -65.7673 60.3772
0 -16.7636 -65.6544 60.3974
0 -16.8425 -65.5676 60.4173
0 -16.8898 -65.5155 60.4372
0 -16.9131 -65.4738 60.4575
0 -16.9271 -65.4488 60.4773
0 -16.9815 -65.4164 60.4972
0 -17.0551 -65.3692 60.5175
0 -17.1634 -65.3044 60.5372
0 -17.2874 -65.2186 60.5572
0 -17.4029 -65.1394 60.5773
0 -17.5364 -65.0555 60.5973
0 -17.6988 -64.9497 60.6173
0 -17.8375 -64.8585 60.6373
0 -17.9801 -64.7571 60.6573
0 -18.0837 -64.6771 60.6773
0 -18.1872 -64.6015 60.6974
0 -18.2675 -64.537 60.7173
0 -18.362 -64.4812 60.7373
0 -18.4601 -64.4201 60.7573
0 -18.5603 -64.3558 60.7773
0 -18.6851 -64.281 60.7972
0 -18.848 -64.1916 60.8175
0 -19.0238 -64.0723 60.8373
0 -19.2074 -63.9351 60.8573
0 -19.4191 -63.7788 60.8775
0 -19.6246 -63.6195 60.8973
0 -19.8264 -63.4586 60.9173
0 -20.0026 -63.305 60.9373
0 -20.1502 -63.1855 60.9574
0 -20.2572 -63.0948 60.9773
0 -20.3214 -63.0404 60.9973
0 -20.3549 -62.9972 61.0181
0 -20.375 -62.9713 61.0373
0 -20.382 -62.9452 61.0574
0 -20.3812 -62.919 61.0773
0 -20.3991 -62.8844 61.0973
0 -20.4099 -62.8636 61.1173
0 -20.4113 -62.8406 61.1374
0 -20.4121 -62.8268 61.1573
0 -20.4126 -62.8185 61.1773
0 -20.4263 -62.784 61.1975
0 -20.448 -62.7339 61.2173
0 -20.4693 -62.6639 61.2373
0 -20.4905 -62.582 61.2573
0 -20.488 -62.5014 61.2773
0 -20.4764 -62.4322 61.2976
0 -20.4334 -62.354 61.3173
0 -20.3559 -62.2573 61.3373
0 -20.3358 -62.1586 61.3574
0 -20.3709 -62.0824 61.3773
0 -20.4576 -62.0007 61.3973
0 -20.5466 -61.9137 61.4173
0 -20.6134 -61.8321 61.4373
0 -20.6434 -61.7622 61.4575
0 -20.6563 -61.7097 61.4774
0 -20.6641 -61.6783 61.4976
0 -20.6636 -61.6489 61.5174
0 -20.6819 -61.6124 61.5373
0 -20.6929 -61.5904 61.5573
0 -20.718 -61.5583 61.5774
0 -20.733 -61.539 61.5974
0 -20.737 -61.517 61.6173
0 -20.7292 -61.4829 61.6373
0 -20.7431 -61.4435 61.6573
0 -20.7361 -61.3886 61.6774
0 -20.7269 -61.3452 61.6973
0 -20.7163 -61.3088 61.7173
0 -20.7048 -61.2765 61.7374
0 -20.6979 -61.2572 61.7573
0 -20.6887 -61.2352 61.7773
0 -20.749 -61.1859 61.7973
0 -20.846 -61.11 61.8173
0 -20.9414 -61.0266 61.8375
0 -21.0409 -60.9492 61.8574
0 -21.1141 -60.8734 61.8773
0 -21.1851 -60.7693 61.8973
0 -21.2311 -60.6569 61.9174
0 -21.262 -60.5395 61.9373
0 -21.2973 -60.39 61.9573
0 -21.3065 -60.2196 61.9773
0 -21.2947 -60.0267 61.9973
0 -21.3044 -59.8325 62.0173
0 -21.3134 -59.6665 62.0373
0 -21.3272 -59.5277 62.0574
0 -21.3729 -59.4068 62.0774
0 -21.4616 -59.2881 62.0973
0 -21.5523 -59.1793 62.1173
0 -21.6733 -59.078 62.1375
0 -21.7886 -58.9899 62.1573
0 -21.9005 -58.9096 62.1775
0 -22.0053 -58.824 62.1973
0 -22.1109 -58.7453 62.2176
0 -22.1691 -58.6879 62.2373
0 -22.204 -58.6534 62.2573
0 -22.2198 -58.6226 62.2776
0 -22.2293 -58.6041 62.2973
0 -22.235 -58.593 62.3176
0 -22.2384 -58.5863 62.3373
0 -22.2405 -58.5823 62.3573
0 -22.2417 -58.5799 62.3774
0 -22.2424 -58.5785 62.3973
0 -22.2429 -58.5776 62.4175
0 -22.2431 -58.5771 62.4373
0 -22.2381 -58.5666 62.4573
0 -22.23 -58.5502 62.4774
0 -22.2199 -58.5302 62.4974
0 -22.1616 -58.4662 62.5173
0 -22.0775 -58.3433 62.5375
0 -21.9379 -58.1797 62.5584
0 -21.7702 -58.0018 62.5773
0 -21.6064 -57.8397 62.5975
0 -21.4479 -57.6541 62.6173
0 -21.3294 -57.4925 62.6373
0 -21.2372 -57.3714 62.6574
0 -21.1608 -57.2746 62.6774
0 -21.1097 -57.2063 62.6973
0 -21.0791 -57.1653 62.7176
0 -21.0607 -57.1407 62.7373
0 -21.0737 -57.1171 62.7574
0 -21.0815 -57.103 62.7774
0 -21.081 -57.0843 62.7974
0 -21.1047 -57.0642 62.8174
0 -21.1137 -57.0419 62.8374
0 -21.1191 -57.0286 62.8574
0 -21.1464 -57.0118 62.8775
0 -21.1816 -56.9827 62.8974
0 -21.2268 -56.9564 62.9174
0 -21.2487 -56.9304 62.9374
0 -21.2301 -56.887 62.9575
0 -21.185 -56.7899 62.9774
0 -21.1243 -56.6013 62.9974
0 -21.049 -56.3473 63.0176
0 -20.9755 -56.0574 63.0374
0 -20.9081 -55.7562 63.0574
0 -20.9007 -55.4668 63.0773
0 -20.9293 -55.1846 63.0974
0 -21.0222 -54.9553 63.1174
0 -21.1538 -54.7579 63.1384
0 -21.3385 -54.5813 63.1573
0 -21.5337 -54.3927 63.1774
0 -21.7027 -54.2285 63.1973
0 -21.8369 -54.0984 63.2174
0 -21.88 -53.9817 63.2375
0 -21.9058 -53.9116 63.2574
0 -21.9214 -53.8696 63.2774
0 -21.9307 -53.8443 63.2974
0 -21.9851 -53.8117 63.3174
0 -22.0422 -53.7833 63.3375
0 -22.0764 -53.7662 63.3574
0 -22.097 -53.756 63.3773
0 -22.1338 -53.7411 63.3974
0 -22.1803 -53.7234 63.4174
0 -22.2326 -53.704 63.4373
0 -22.2885 -53.6837 63.4574
0 -22.3465 -53.6627 63.4774
0 -22.3813 -53.6502 63.4973
0 -22.4266 -53.6339 63.5175
0 -22.4538 -53.6241 63.5374
0 -22.4701 -53.6183 63.5574
0 -22.4799 -53.6148 63.5776
0 -22.4805 -53.602 63.5974
0 -22.4756 -53.5838 63.6173
0 -22.4567 -53.5411 63.6375
0 -22.4188 -53.4627 63.6574
0 -22.4377 -53.3262 63.6773
0 -22.4853 -53.1444 63.6974
0 -22.5309 -52.955 63.7174
0 -22.5754 -52.7611 63.7376
0 -22.6438 -52.5558 63.7574
0 -22.7072 -52.3631 63.7774
0 -22.7924 -52.1692 63.7973
0 -22.8767 -52.0041 63.8174
0 -22.9712 -51.8771 63.8374
0 -23.0473 -51.7817 63.8574
0 -23.0929 -51.7245 63.8774
0 -23.145 -51.6814 63.8974
0 -23.245 -51.6187 63.9176
0 -23.349 -51.5532 63.9374
0 -23.4555 -51.486 63.9573
0 -23.5388 -51.4266 63.9776
0 -23.5834 -51.3806 63.9974
0 -23.6048 -51.3426 64.0174
0 -23.6177 -51.3198 64.0374
0 -23.62 -51.2958 64.0574
0 -23.6214 -51.2814 64.0776
0 -23.6223 -51.2728 64.0976
0 -23.6228 -51.2676 64.1174
0 -23.6231 -51.2645 64.1377
0 -23.648 -51.2538 64.1574
0 -23.6877 -51.2387 64.1774
0 -23.7611 -51.2121 64.1974
0 -23.8245 -51.177 64.2175
0 -23.9121 -51.1385 64.2374
0 -24.0143 -51.0979 64.2574
0 -24.1198 -51.0458 64.2774
0 -24.2026 -50.9954 64.2974
0 -24.2718 -50.9461 64.3176
0 -24.3576 -50.8888 64.3374
0 -24.4285 -50.8353 64.3574
0 -24.4852 -50.7739 64.3776
0 -24.5441 -50.7283 64.3974
0 -24.6043 -50.6922 64.4174
0 -24.66 -50.6516 64.4374
0 -24.7377 -50.5995 64.4574
0 -24.8093 -50.5596 64.4774
0 -24.8967 -50.508 64.4976
0 -24.974 -50.4684 64.5174
0 -25.0204 -50.4446 64.5374
0 -25.0678 -50.4113 64.5574
0 -25.0963 -50.3914 64.5774
0 -25.1133 -50.3794 64.5974
0 -25.1182 -50.3618 64.6176
0 -25.1407 -50.3323 64.6376
0 -25.1542 -50.3145 64.6574
0 -25.1819 -50.2849 64.6774
0 -25.243 -50.2395 64.6976
0 -25.3189 -50.1743 64.7176
0 -25.409 -50.1076 64.7374
0 -25.5273 -50.021 64.7577
0 -25.6322 -49.9209 64.7777
0 -25.7345 -49.8229 64.7974
0 -25.8406 -49.7366 64.8174
0 -25.9239 -49.6659 64.8374
0 -25.9685 -49.6131 64.8574
0 -25.9899 -49.5711 64.8782
0 -25.9974 -49.5356 64.8976
0 -25.9965 -49.5039 64.9174
0 -26.021 -49.4764 64.9376
0 -26.0555 -49.4409 64.9574
0 -26.1406 -49.3733 64.9774
0 -26.206 -49.3035 64.9975
0 -26.265 -49.2428 65.0174
0 -26.3201 -49.1875 65.0376
0 -26.3532 -49.1543 65.0574
0 -26.3677 -49.124 65.0774
0 -26.371 -49.0956 65.0975
0 -26.3676 -49.0683 65.1175
0 -26.3602 -49.0416 65.1374
0 -26.3755 -49.0067 65.1577
0 -26.4295 -48.9583 65.1775
0 -26.5068 -48.9019 65.1975
0 -26.573 -48.8493 65.2175
0 -26.6073 -48.8074 65.2374
0 -26.6423 -48.7532 65.2574
0 -26.6831 -48.7018 65.2776
0 -26.6968 -48.6505 65.2974
0 -26.6942 -48.5992 65.3176
0 -26.6873 -48.5582 65.3374
0 -26.6777 -48.5234 65.3575
0 -26.6666 -48.4923 65.3774
0 -26.6599 -48.4736 65.3974
0 -26.6505 -48.4522 65.4174
0 -26.6394 -48.4292 65.4376
0 -26.6328 -48.4153 65.4574
0 -26.6288 -48.407 65.4774
0 -26.6264 -48.4021 65.4976
0 -26.625 -48.3991 65.5174
0 -26.6187 -48.3871 65.5374
0 -26.615 -48.3799 65.5574
0 -26.6577 -48.3482 65.5775
0 -26.7337 -48.312 65.5974
0 -26.819 -48.2528 65.6174
0 -26.8647 -48.2071 65.6376
0 -26.912 -48.1609 65.6576
0 -26.9404 -48.1332 65.6775
0 -26.9574 -48.1165 65.6976
0 -26.9676 -48.1066 65.7175
0 -26.9737 -48.1006 65.7376
0 -26.9774 -48.097 65.7575
0 -26.9796 -48.0948 65.7776
0 -26.9809 -48.0935 65.7974
0 -26.9817 -48.0928 65.8183
0 -26.9822 -48.0923 65.8376
0 -26.9825 -48.092 65.8574
0 -26.9826 -48.0918 65.8775
0 -26.9773 -48.0816 65.8976
0 -26.958 -48.0599 65.9175
0 -26.923 -47.9921 65.9374
0 -26.8751 -47.8229 65.9576
0 -26.7759 -47.5414 65.9774
0 -26.6366 -47.2165 65.9975
0 -26.464 -46.8894 66.0175
0 -26.3258 -46.6176 66.0377
0 -26.2136 -46.3892 66.0575
0 -26.1553 -46.228 66.0775
0 -26.1383 -46.0831 66.0978
0 -26.1988 -45.9595 66.1174
0 -26.2731 -45.818 66.1376
0 -26.3884 -45.6966 66.1574
0 -26.5031 -45.5959 66.1775
0 -26.6428 -45.4991 66.1976
0 -26.7776 -45.4237 66.2175
0 -26.8839 -45.3698 66.2376
0 -26.9987 -45.3203 66.2575
0 -27.0931 -45.2819 66.2775
0 -27.1498 -45.2589 66.2975
0 -27.1837 -45.2451 66.3177
0 -27.2041 -45.2368 66.3374
0 -27.2164 -45.2318 66.3577
0 -27.2237 -45.2289 66.3775
0 -27.2281 -45.2271 66.3974
0 -27.2307 -45.226 66.4176
0 -27.2578 -45.2168 66.4375
0 -27.2741 -45.2112 66.4575
0 -27.3094 -45.1993 66.4776
0 -27.3305 -45.1921 66.4975
0 -27.3432 -45.1878 66.5181
1 -27.3749 -45.2056 68.1575
1 -27.3753 -45.2064 68.1777
1 -27.3756 -45.2069 68.1975
1 -27.3757 -45.2072 68.2175
1 -27.3758 -45.2073 68.2376
1 -27.3759 -45.2074 68.2576
1 -27.3759 -45.2075 68.2776
1 -27.3759 -45.2075 68.2975
1 -27.3759 -45.2076 68.3177
1 -27.3759 -45.2076 68.3375
1 -27.376 -45.2076 68.3577
1 -27.376 -45.2076 68.3775
1 -27.376 -45.2076 68.3976
1 -27.376 -45.2076 68.4175
1 -27.376 -45.2076 68.4375
1 -27.376 -45.2076 68.4577
1 -27.376 -45.2076 68.4776
1 -27.376 -45.2076 68.4975
1 -27.376 -45.2076 68.5175
1 -27.376 -45.2076 68.5387
1 -27.376 -45.2076 68.5583
1 -27.376 -45.2076 68.5782
1 -27.376 -45.2076 68.5985
1 -27.376 -45.2076 68.6184
1 -27.376 -45.2076 68.6377
1 -27.376 -45.2076 68.6584
1 -27.376 -45.2076 68.6784
1 -27.376 -45.2076 68.6976
1 -27.3504 -45.2162 68.7183
1 -27.2513 -45.2075 68.7383
1 -27.0753 -45.1577 68.7575
1 -26.7781 -45.0457 68.7784
1 -26.4171 -44.873 68.7983
1 -26.0173 -44.6643 68.8176
1 -25.5686 -44.4435 68.8378
1 -25.1234 -44.2465 68.8581
1 -24.6967 -44.0794 68.8783
1 -24.3056 -43.9851 68.8982
1 -23.9359 -43.9347 68.9182
1 -23.5871 -43.9501 68.9381
1 -23.2256 -44.0144 68.9581
1 -22.882 -44.0991 68.9776
1 -22.4987 -44.2148 68.9976
1 -22.1172 -44.3401 69.018
1 -21.7621 -44.4621 69.0376
1 -21.423 -44.5823 69.0577
1 -21.1188 -44.6921 69.0778
1 -20.8357 -44.7959 69.0976
1 -20.5653 -44.8962 69.1178
1 -20.2691 -44.9015 69.1379
1 -19.9656 -44.8258 69.1576
1 -19.5821 -44.6675 69.1779
1 -19.1583 -44.436 69.1978
1 -18.693 -44.1467 69.2177
1 -18.1518 -43.8433 69.2378
1 -17.5897 -43.5226 69.2576
1 -17.0064 -43.217 69.2779
1 -16.4442 -42.9497 69.2978
1 -15.9115 -42.7204 69.3181
1 -15.4479 -42.5568 69.3378
1 -15.0852 -42.4509 69.3577
1 -14.7752 -42.4041 69.3783
1 -14.5141 -42.4068 69.3978
1 -14.3014 -42.4182 69.4176
1 -14.1488 -42.4354 69.4376
1 -14.0072 -42.4664 69.4577
1 -13.8973 -42.4954 69.4778
1 -13.8064 -42.5231 69.4976
1 -13.7268 -42.55 69.5176
1 -13.6541 -42.5766 69.5376
1 -13.5855 -42.6029 69.5577
1 -13.5443 -42.6187 69.5777
1 -13.4946 -42.6385 69.5977
1 -13.4399 -42.6608 69.6176
1 -13.407 -42.6742 69.6378
1 -13.3873 -42.6823 69.6576
1 -13.3755 -42.6871 69.6776
1 -13.3684 -42.69 69.6977
1 -13.3641 -42.6917 69.7176
1 -13.3616 -42.6927 69.7377
1 -13.36 -42.6934 69.7577
1 -13.3591 -42.6937 69.7776
1 -13.3586 -42.694 69.7977
1 -13.3582 -42.6941 69.8177
1 -13.358 -42.6942 69.8377
1 -13.3579 -42.6942 69.8577
1 -13.3579 -42.6943 69.8778
1 -13.3578 -42.6943 69.8978
1 -13.3578 -42.6943 69.9177
1 -13.3578 -42.6943 69.9367
1 -13.3578 -42.6943 69.9569
1 -13.3578 -42.6943 69.9766
1 -13.3578 -42.6943 69.9969
1 -13.3578 -42.6943 70.0166
1 -13.3578 -42.6943 70.0369
1 -13.3577 -42.6943 70.0566
1 -13.3577 -42.6943 70.0767
1 -13.3577 -42.6943 70.0966
1 -13.3328 -42.7047 70.1168
1 -13.3178 -42.7109 70.1368
1 -13.3088 -42.7147 70.1567
1 -13.3034 -42.7169 70.1766
1 -13.3002 -42.7183 70.1966
1 -13.2983 -42.7191 70.217
1 -13.2971 -42.7196 70.2368
1 -13.2905 -42.7091 70.2566
1 -13.2496 -42.6918 70.2766
1 -13.1942 -42.6812 70.2966
1 -13.1361 -42.6852 70.3167
1 -13.0264 -42.719 70.3368
1 -12.8858 -42.7707 70.3566
1 -12.7517 -42.8227 70.3766
1 -12.5965 -42.8855 70.397
1 -12.4786 -42.9337 70.4166
1 -12.3581 -42.9836 70.4371
1 -12.2361 -43.0347 70.4566
1 -12.1132 -43.0865 70.4766
1 -12.0146 -43.1282 70.4966
1 -11.9307 -43.1638 70.5166
1 -11.8803 -43.1851 70.5366
1 -11.8441 -43.1874 70.5568
1 -11.7976 -43.1993 70.5767
1 -11.7448 -43.2171 70.5966
1 -11.6636 -43.249 70.6166
1 -11.59 -43.2787 70.6368
1 -11.4963 -43.3179 70.6568
1 -11.3905 -43.3627 70.6766
1 -11.2776 -43.4109 70.6967
1 -11.1603 -43.4612 70.7166
1 -11.0404 -43.5128 70.7367
1 -10.9438 -43.5544 70.7568
1 -10.8611 -43.5902 70.7766
1 -10.8114 -43.6116 70.7966
1 -10.7817 -43.6244 70.8168
1 -10.7638 -43.6322 70.8366
1 -10.7531 -43.6368 70.8568
1 -10.7219 -43.6503 70.8766
1 -10.7032 -43.6584 70.8969
1 -10.6613 -43.6635 70.9167
1 -10.6114 -43.6773 70.9367
1 -10.5568 -43.6964 70.9569
1 -10.524 -43.7078 70.9768
1 -10.5044 -43.7146 70.9967
1 -10.4926 -43.7187 71.0167
1 -10.4855 -43.7212 71.0368
1 -10.4812 -43.7227 71.0566
1 -10.454 -43.7343 71.0766
1 -10.4316 -43.7309 71.0968
1 -10.3935 -43.7396 71.1171
1 -10.346 -43.7556 71.1366
1 -10.3114 -43.7547 71.1567
1 -10.266 -43.765 71.1768
1 -10.2141 -43.782 71.1968
1 -10.1583 -43.8029 71.2168
1 -10.1001 -43.8263 71.2368
1 -10.0099 -43.8516 71.2568
1 -9.90646 -43.8885 71.2766
1 -9.81977 -43.9215 71.2967
1 -9.74313 -43.9521 71.3167
1 -9.66648 -43.971 71.3366
1 -9.62049 -43.9823 71.3568
1 -9.56828 -44 71.3768
1 -9.48774 -44.0324 71.3968
1 -9.41482 -44.0627 71.4168
1 -9.34647 -44.0918 71.4368
1 -9.2563 -44.1312 71.4568
1 -9.17762 -44.1657 71.4767
1 -9.08128 -44.2083 71.4967
1 -8.99892 -44.2448 71.5167
1 -8.92495 -44.2777 71.5366
1 -8.85603 -44.3083 71.5567
1 -8.79013 -44.3377 71.5767
1 -8.72606 -44.3663 71.5968
1 -8.6631 -44.3945 71.6168
1 -8.6008 -44.4224 71.6368
1 -8.5389 -44.4501 71.6568
1 -8.45275 -44.4888 71.6768
1 -8.37657 -44.523 71.6968
1 -8.28188 -44.5656 71.7168
1 -8.20059 -44.6023 71.7367
1 -8.10288 -44.6463 71.7567
1 -8.04425 -44.6728 71.7768
1 -8.00908 -44.6887 71.7968
1 -7.96351 -44.7092 71.8168
1 -7.91172 -44.7327 71.8369
1 -7.82566 -44.7587 71.8568
1 -7.77403 -44.7743 71.8768
1 -7.71862 -44.7948 71.8968
1 -7.66094 -44.8181 71.9169
1 -7.62633 -44.8322 71.9368
1 -7.60556 -44.8406 71.9567
1 -7.5931 -44.8456 71.9769
1 -7.58563 -44.8487 71.9968
1 -7.58114 -44.8505 72.0167
1 -7.57845 -44.8516 72.0368
1 -7.55241 -44.8634 72.0568
1 -7.48795 -44.8927 72.0767
1 -7.42487 -44.9214 72.0968
1 -7.33823 -44.9609 72.1169
1 -7.26185 -44.9958 72.1367
1 -7.11853 -45.0614 72.1569
1 -6.9108 -45.1568 72.1767
1 -6.64028 -45.2815 72.1966
1 -6.28379 -45.4467 72.2169
1 -5.92453 -45.6138 72.2367
1 -5.52228 -45.7805 72.2566
1 -5.11478 -45.8733 72.2766
1 -4.68054 -45.8988 72.2968
1 -4.18402 -45.8552 72.3169
1 -3.70276 -45.7753 72.3367
1 -3.21264 -45.6959 72.3567
1 -2.75897 -45.5838 72.3767
1 -2.32699 -45.4524 72.3967
1 -1.90155 -45.2997 72.4167
1 -1.49115 -45.1374 72.4367
1 -1.07824 -44.9668 72.4567
1 -0.663603 -44.7915 72.4766
1 -0.271746 -44.6018 72.4967
1 0.100295 -44.4136 72.5167
1 0.44298 -44.2043 72.5367
1 0.803751 -43.9922 72.5567
1 1.17563 -43.7788 72.5767
1 1.55472 -43.5299 72.5967
1 1.94999 -43.2576 72.6167
1 2.33738 -42.9843 72.6367
1 2.72037 -42.7107 72.6567
1 3.08297 -42.4496 72.6771
1 3.39741 -42.2209 72.6967
1 3.6715 -42.0136 72.7169
1 3.89682 -41.8421 72.7367
1 4.05668 -41.7164 72.7567
1 4.18322 -41.6434 72.7769
1 4.26568 -41.5892 72.7967
1 4.3217 -41.5463 72.8167
1 4.35531 -41.5206 72.8367
1 4.4061 -41.5075 72.8567
1 4.43657 -41.4997 72.8767
1 4.47893 -41.5077 72.8969
1 4.52842 -41.5252 72.9167
1 4.55811 -41.5358 72.9367
1 4.59999 -41.5548 72.9567
1 4.64917 -41.579 72.9767
1 4.70273 -41.6062 72.9967
1 4.80699 -41.6608 73.0167
1 4.91758 -41.7192 73.0367
1 5.03196 -41.7797 73.0569
1 5.14858 -41.8417 73.0767
1 5.31447 -41.9301 73.0967
1 5.48587 -42.0217 73.1167
1 5.66053 -42.1153 73.1367
1 5.83707 -42.2101 73.1567
1 5.96691 -42.2798 73.1768
1 6.06871 -42.3346 73.1967
1 6.15369 -42.3804 73.2167
1 6.25244 -42.4337 73.2368
1 6.33557 -42.4786 73.2567
1 6.40931 -42.5184 73.2767
1 6.50128 -42.5683 73.2967
1 6.60415 -42.6241 73.3168
1 6.71354 -42.6835 73.3368
1 6.85063 -42.7581 73.3567
1 6.98048 -42.8289 73.3767
1 7.08219 -42.8844 73.3968
1 7.167 -42.9307 73.4167
1 7.21789 -42.9585 73.4367
1 7.24842 -42.9751 73.4569
1 7.26674 -42.9851 73.4769
1 7.30151 -43.0042 73.4973
1 7.34615 -43.0286 73.5171
1 7.44422 -43.0824 73.5367
1 7.57428 -43.1539 73.5567
1 7.69978 -43.223 73.5767
1 7.84621 -43.3037 73.5967
1 7.98146 -43.3783 73.6167
1 8.08629 -43.4362 73.6367
1 8.19654 -43.4973 73.6567
1 8.28636 -43.547 73.6767
1 8.36391 -43.59 73.6967
1 8.45775 -43.6421 73.7167
1 8.56132 -43.6997 73.7367
1 8.69434 -43.7738 73.7567
1 8.82136 -43.8447 73.7767
1 8.96834 -43.9269 73.7967
1 9.10369 -44.0027 73.8167
1 9.23202 -44.0746 73.8367
1 9.37966 -44.1576 73.8569
1 9.5153 -44.2339 73.8767
1 9.64373 -44.3062 73.8967
1 9.74429 -44.363 73.9168
1 9.82813 -44.4103 73.9367
1 9.87843 -44.4387 73.9567
1 9.90862 -44.4557 73.9767
1 9.92673 -44.466 73.9967
1 9.93759 -44.4721 74.0167
1 9.94411 -44.4758 74.0369
1 9.94802 -44.478 74.0567
1 9.95037 -44.4793 74.0767
1 9.97527 -44.4934 74.0969
1 9.99022 -44.5019 74.1168
1 10.0227 -44.5203 74.1367
1 10.0656 -44.5446 74.1569
1 10.1149 -44.5726 74.1767
1 10.1679 -44.6027 74.1967
1 10.1997 -44.6207 74.2168
1 10.2188 -44.6316 74.2369
1 10.2303 -44.6381 74.2567
1 10.2606 -44.6553 74.2767
1 10.3023 -44.679 74.2967
1 10.3741 -44.7199 74.3167
1 10.4642 -44.7712 74.3373
1 10.565 -44.8288 74.3573
1 10.6723 -44.8901 74.3769
1 10.7835 -44.9537 74.3969
1 10.8736 -45.0052 74.4167
1 10.9745 -45.063 74.4369
1 11.0583 -45.1111 74.4567
1 11.1554 -45.1669 74.477
1 11.2369 -45.2138 74.4968
1 11.3326 -45.2688 74.5167
1 11.4599 -45.3423 74.5367
1 11.6063 -45.4269 74.5568
1 11.8105 -45.5452 74.5767
1 12.026 -45.6703 74.5967
1 12.2482 -45.7997 74.6167
1 12.4512 -45.9181 74.6367
1 12.6425 -46.03 74.6567
1 12.8268 -46.1379 74.6769
1 13.0068 -46.2437 74.6968
1 13.1611 -46.3344 74.7167
1 13.2999 -46.4162 74.7369
1 13.4294 -46.4926 74.7568
1 13.5071 -46.5385 74.7768
1 13.5768 -46.5797 74.7968
1 13.6418 -46.6181 74.8167
1 13.7038 -46.6548 74.8368
1 13.7641 -46.6906 74.857
1 13.8233 -46.7258 74.8767
1 13.882 -46.7606 74.8968
1 13.9632 -46.8089 74.917
1 14.0811 -46.8791 74.9367
1 14.1979 -46.9488 74.9567
1 14.314 -47.0181 74.9767
1 14.4297 -47.0873 74.9967
1 14.568 -47.1701 75.0168
1 14.674 -47.2337 75.0369
1 14.7605 -47.2856 75.0567
1 14.8354 -47.3306 75.0767
1 14.9033 -47.3714 75.0969
1 14.967 -47.4097 75.1168
1 15.0349 -47.4372 75.1367
1 15.0986 -47.4675 75.157
1 15.1894 -47.5041 75.1768
1 15.2668 -47.5399 75.1968
1 15.3888 -47.5937 75.2168
1 15.5374 -47.6584 75.2368
1 15.6791 -47.7158 75.2567
1 15.8327 -47.7921 75.2768
1 15.9841 -47.8474 75.2967
1 16.1274 -47.8993 75.3168
1 16.2841 -47.9381 75.3369
1 16.4624 -47.9328 75.3567
1 16.647 -47.9103 75.377
1 16.8673 -47.8482 75.3968
1 17.116 -47.7532 75.4167
1 17.3977 -47.662 75.4369
1 17.6583 -47.5701 75.4567
1 17.929 -47.4921 75.4767
1 18.1465 -47.4124 75.4969
1 18.3549 -47.346 75.5167
1 18.5421 -47.2642 75.5367
1 18.7095 -47.1823 75.5568
1 18.8538 -47.1022 75.5768
1 19.0025 -47.0122 75.597
1 19.1794 -46.8964 75.6167
1 19.3732 -46.765 75.6367
1 19.5959 -46.6136 75.6568
1 19.8471 -46.4664 75.6768
1 20.086 -46.3164 75.6968
1 20.3444 -46.2049 75.7167
1 20.5807 -46.0858 75.7369
1 20.8337 -45.9677 75.7567
1 21.0739 -45.8356 75.7767
1 21.3293 -45.71 75.7969
1 21.5455 -45.5934 75.8167
1 21.7266 -45.4837 75.8368
1 21.8797 -45.3874 75.8568
1 22.0229 -45.2899 75.8768
1 22.1533 -45.2009 75.8968
1 22.3058 -45.1228 75.9168
1 22.4231 -45.0561 75.9367
1 22.5005 -45.0069 75.9567
1 22.547 -44.9774 75.9768
1 22.5976 -44.9746 75.9967
1 22.6351 -44.9637 76.0167
1 22.6575 -44.9572 76.0368
1 22.671 -44.9533 76.0567
1 22.6862 -44.9418 76.0768
1 22.7023 -44.9257 76.0968
1 22.7348 -44.931 76.1167
1 22.777 -44.9491 76.1367
1 22.8251 -44.975 76.1568
1 22.8611 -44.9813 76.1767
1 22.9054 -45.0001 76.1967
1 22.9618 -45.0172 76.2168
1 23.0254 -45.0334 76.2367
1 23.0934 -45.0489 76.2567
1 23.157 -45.0733 76.2769
1 23.2022 -45.0788 76.2967
1 23.2363 -45.0731 76.3171
1 23.2639 -45.0606 76.3368
1 23.3032 -45.0681 76.3568
1 23.3566 -45.0786 76.3769
1 23.3957 -45.0758 76.3968
1 23.456 -45.0712 76.4168
1 23.5221 -45.0745 76.4369
1 23.5915 -45.0825 76.4568
1 23.6927 -45.0996 76.4768
1 23.7832 -45.116 76.497
1 23.8446 -45.1169 76.5169
1 23.8957 -45.0996 76.5368
1 23.9263 -45.0892 76.557
1 23.9518 -45.074 76.5777
1 23.9741 -45.056 76.5968
1 23.9947 -45.0363 76.6169
1 24.0141 -45.0156 76.6368
1 24.0329 -44.9943 76.6571
1 24.0441 -44.9815 76.6769
1 24.058 -44.965 76.6968
1 24.0961 -44.9614 76.7168
1 24.1636 -44.929 76.7368
1 24.2488 -44.8795 76.7571
1 24.3894 -44.7896 76.7768
1 24.5633 -44.6756 76.7968
1 24.7573 -44.5471 76.8168
1 24.9933 -44.4166 76.8368
1 25.2474 -44.2938 76.8568
1 25.5163 -44.2017 76.8768
1 25.7491 -44.1581 76.8968
1 25.9828 -44.1591 76.9168
1 26.1982 -44.1974 76.9368
1 26.4025 -44.2582 76.9568
1 26.5775 -44.317 76.9768
1 26.7277 -44.3835 76.9968
1 26.8476 -44.4302 77.0168
1 26.9421 -44.4738 77.0368
1 27.0286 -44.5068 77.0569
1 27.0805 -44.5267 77.0768
1 27.1639 -44.5611 77.0968
1 27.2366 -44.5973 77.1168
1 27.2802 -44.6191 77.1368
1 27.3063 -44.6321 77.1568
1 27.322 -44.64 77.1768
1 27.3314 -44.6447 77.1968
1 27.3596 -44.6631 77.2168
1 27.4027 -44.6551 77.2368
1 27.4853 -44.6192 77.2568
1 27.599 -44.558 77.2768
1 27.7241 -44.4902 77.2968
1 27.8633 -44.4099 77.3168
1 28.0039 -44.3309 77.3368
1 28.1524 -44.2439 77.3568
1 28.3131 -44.1436 77.3768
1 28.4549 -44.0541 77.3969
1 28.5853 -43.9713 77.4168
1 28.7162 -43.8837 77.437
1 28.8401 -43.802 77.4568
1 28.9897 -43.731 77.4768
1 29.1513 -43.6404 77.497
1 29.301 -43.5483 77.5168
1 29.4364 -43.464 77.5368
1 29.5631 -43.3844 77.5569
1 29.6847 -43.3076 77.5768
1 29.8033 -43.2326 77.5968
1 29.8936 -43.1774 77.6168
1 29.9934 -43.1154 77.6368
1 30.1062 -43.0405 77.6572
1 30.2229 -42.9928 77.677
1 30.3314 -42.9441 77.6968
1 30.4647 -42.902 77.7175
1 30.6321 -42.8541 77.7387
1 30.7591 -42.8066 77.7568
1 30.8811 -42.7493 77.7768
1 30.9809 -42.6962 77.7969
1 31.06 -42.6543 77.8169
1 31.1074 -42.6292 77.8369
1 31.1359 -42.6141 77.8569
1 31.153 -42.605 77.8768
1 31.1706 -42.5909 77.8968
1 31.1812 -42.5825 77.9169
1 31.1949 -42.5687 77.9368
1 31.2031 -42.5604 77.9569
1 31.2346 -42.5368 77.9771
1 31.2993 -42.4939 77.9968
1 31.4033 -42.4294 78.0175
1 31.5309 -42.3521 78.0369
1 31.6727 -42.267 78.0568
1 31.8423 -42.1675 78.0768
1 32.0287 -42.0594 78.0969
1 32.2134 -41.9474 78.1168
1 32.3822 -41.8506 78.1368
1 32.5222 -41.7727 78.1569
1 32.633 -41.7074 78.1768
1 32.7188 -41.6584 78.1968
1 32.7971 -41.6104 78.2171
1 32.8708 -41.5631 78.2368
1 32.9419 -41.5161 78.2569
1 33.0039 -41.478 78.2771
1 33.0605 -41.4454 78.2969
1 33.0945 -41.4258 78.3168
1 33.1223 -41.4053 78.337
1 33.1584 -41.3832 78.3568
1 33.2068 -41.3514 78.3768
1 33.2359 -41.3323 78.397
1 33.2608 -41.3122 78.4168
1 33.2832 -41.2914 78.4368
1 33.304 -41.2702 78.4569
1 33.3165 -41.2575 78.4768
1 33.324 -41.2498 78.4968
1 33.3285 -41.2453 78.5168
1 33.3312 -41.2425 78.5368
1 33.3403 -41.2322 78.5568
1 33.3757 -41.2338 78.5768
1 33.3969 -41.2348 78.5968
1 33.4097 -41.2354 78.6169
1 33.4173 -41.2358 78.6369
1 33.4219 -41.236 78.6568
1 33.4321 -41.2274 78.6768
1 33.4577 -41.2125 78.697
1 33.5193 -41.1752 78.7168
1 33.6025 -41.1245 78.7368
1 33.6988 -41.0658 78.7571
1 33.8104 -40.9937 78.7769
1 33.9237 -40.9222 78.7969
1 34.0456 -40.8424 78.8171
1 34.1921 -40.7479 78.8369
1 34.3264 -40.663 78.8569
1 34.4656 -40.5829 78.8769
1 34.6151 -40.4971 78.8969
1 34.7439 -40.4261 78.917
1 34.8482 -40.3652 78.9369
1 34.9182 -40.32 78.9568
1 34.9603 -40.2929 78.9769
1 34.993 -40.2679 78.9969
1 35.0201 -40.2443 79.0168
1 35.0664 -40.2383 79.0371
1 35.1242 -40.2428 79.0569
1 35.2115 -40.2707 79.0768
1 35.309 -40.3211 79.0969
1 35.3974 -40.3596 79.1169
1 35.5121 -40.3803 79.137
1 35.6697 -40.3721 79.1569
1 35.88 -40.3285 79.1769
1 36.0726 -40.265 79.197
1 36.274 -40.1801 79.2169
1 36.4613 -40.0919 79.2369
1 36.6702 -40.0103 79.257
1 36.8966 -39.9405 79.2769
1 37.1139 -39.8874 79.2969
1 37.3231 -39.8178 79.3171
1 37.547 -39.7292 79.3369
1 37.7903 -39.6471 79.3568
1 38.003 -39.5613 79.3771
1 38.1504 -39.5005 79.3969
1 38.2464 -39.4553 79.4168
1 38.304 -39.4283 79.4371
1 38.3385 -39.412 79.4569
1 38.3593 -39.4022 79.4769
1 38.3717 -39.3964 79.497
1 38.3868 -39.3842 79.5169
1 38.3958 -39.3769 79.5369
1 38.4313 -39.3812 79.5569
1 38.4526 -39.3837 79.5769
1 38.4653 -39.3852 79.5969
1 38.473 -39.3861 79.617
1 38.4852 -39.3781 79.6369
1 38.4925 -39.3732 79.6569
1 38.4969 -39.3703 79.6769
1 38.4995 -39.3686 79.6969
1 38.5011 -39.3675 79.7168
1 38.5021 -39.3669 79.7369
0 38.6701 -39.0792 81.4171
0 38.6949 -39.048 81.4369
0 38.7174 -39.0208 81.4569
0 38.7236 -38.9701 81.4771
0 38.735 -38.9312 81.4969
0 38.7345 -38.8736 81.5169
0 38.7269 -38.8046 81.5371
0 38.6849 -38.72 81.5569
0 38.6524 -38.635 81.5769
0 38.6107 -38.5238 81.5971
0 38.5557 -38.4055 81.6169
0 38.4928 -38.2828 81.637
0 38.4553 -38.1665 81.6571
0 38.4331 -38.0542 81.6769
0 38.4123 -37.9526 81.697
0 38.3623 -37.8484 81.7171
0 38.3398 -37.7775 81.7369
0 38.3114 -37.7091 81.7571
0 38.3019 -37.6598 81.7769
0 38.3038 -37.6218 81.797
0 38.305 -37.5991 81.817
0 38.3057 -37.5854 81.8369
0 38.3061 -37.5772 81.857
0 38.7976 -37.0351 82.7371
0 38.8146 -37.0169 82.7571
0 38.8325 -36.9979 82.7777
0 38.8508 -36.9785 82.7972
0 38.8694 -36.9587 82.817
0 38.8882 -36.9388 82.837
0 38.9072 -36.9188 82.8569
0 38.9185 -36.9068 82.877
0 38.933 -36.8916 82.897
0 38.9493 -36.8744 82.9172
0 38.9667 -36.8561 82.937
0 38.9621 -36.8194 82.9571
0 38.9443 -36.7717 82.977
0 38.8733 -36.6821 82.9972
0 38.8156 -36.6027 83.017
0 38.7508 -36.5037 83.037
0 38.6742 -36.4009 83.057
0 38.5676 -36.2784 83.0771
0 38.4658 -36.1615 83.097
0 38.3668 -36.0481 83.117
0 38.2542 -35.9111 83.137
0 38.1488 -35.7857 83.1572
0 38.0246 -35.6495 83.177
0 37.9121 -35.5246 83.197
0 37.7836 -35.3888 83.217
0 37.6684 -35.2641 83.237
0 37.5306 -35.1365 83.257
0 37.3638 -34.9816 83.277
0 37.2026 -34.8279 83.297
0 37.0675 -34.6926 83.317
0 36.9405 -34.5763 83.337
0 36.8184 -34.4715 83.357
0 36.676 -34.356 83.3771
0 36.5216 -34.2343 83.397
0 36.3828 -34.1263 83.417
0 36.2841 -34.0359 83.437
0 36.2018 -33.9641 83.457
0 36.1063 -33.8862 83.477
0 36.0259 -33.8219 83.497
0 35.9083 -33.7311 83.5171
0 35.7685 -33.6243 83.537
0 35.6614 -33.5428 83.5571
0 35.574 -33.4765 83.577
0 35.5216 -33.4367 83.5971
0 35.4902 -33.4128 83.617
0 35.4713 -33.3985 83.6371
0 35.4605 -33.3581 84.317
0 35.4611 -33.3574 84.337
0 35.4614 -33.357 84.3572
0 35.4617 -33.3568 84.3782
0 35.4618 -33.3567 84.3974
0 35.4619 -33.3566 84.4172
0 35.4619 -33.3565 84.4371
0 35.4695 -33.3483 84.457
0 35.4741 -33.3433 84.4771
0 35.4537 -33.323 84.497
0 35.4259 -33.2851 84.5172
0 35.3705 -33.2194 84.537
0 35.2985 -33.1369 84.5571
0 35.2009 -33.0188 84.5771
0 35.0879 -32.8793 84.5971
0 34.9423 -32.7097 84.6171
0 34.7928 -32.5475 84.637
0 34.6408 -32.3899 84.657
0 34.5105 -32.2524 84.6771
0 34.3857 -32.1353 84.697
0 34.2718 -32.022 84.7172
0 34.1643 -31.9112 84.7371
0 34.1074 -31.8364 84.7571
0 34.0499 -31.7742 84.7771
0 34.023 -31.7287 84.7971
0 33.9835 -31.684 84.8171
0 33.913 -31.6226 84.8371
0 33.8005 -31.5338 84.8572
0 33.6704 -31.4204 84.877
0 33.5295 -31.2922 84.897
0 33.3747 -31.1635 84.9173
0 33.2424 -31.0435 84.937
0 33.1236 -30.9287 84.957
0 33.0129 -30.817 84.9771
0 32.9146 -30.6989 84.997
0 32.8161 -30.5852 85.0173
0 32.6939 -30.4571 85.0371
0 32.5735 -30.3457 85.0571
0 32.454 -30.2445 85.0771
0 32.3352 -30.1495 85.097
0 32.2242 -30.0497 85.1171
0 32.1415 -29.9643 85.1371
0 32.0447 -29.8787 85.1573
0 31.9469 -29.7847 85.1771
0 31.8845 -29.7002 85.197
0 31.8549 -29.5765 85.2173
0 31.8536 -29.3986 85.2371
0 31.8494 -29.199 85.257
0 31.8672 -29.0037 85.2772
0 31.8944 -28.7827 85.297
0 31.9035 -28.529 85.317
0 31.8817 -28.2667 85.3371
0 31.8412 -27.9991 85.3571
0 31.7769 -27.7306 85.3772
0 31.6983 -27.4616 85.3971
0 31.611 -27.1921 85.4171
0 31.5423 -26.9396 85.4373
0 31.4608 -26.745 85.457
0 31.3841 -26.5829 85.477
0 31.3217 -26.4597 85.4972
0 31.2679 -26.36 85.5171
0 31.2117 -26.2829 85.537
0 31.1779 -26.2367 85.5573
0 31.1576 -26.209 85.5771
0 31.1531 -26.1837 85.5971
0 31.1504 -26.1685 85.6172
0 31.1487 -26.1594 85.6371
0 31.1478 -26.154 85.6571
0 31.1472 -26.1507 85.6771
0 31.1468 -26.1488 85.6972
0 31.1539 -26.1372 86.2571
0 31.1585 -26.132 86.2773
0 31.1612 -26.1289 86.2971
0 31.1628 -26.1271 86.3172
0 31.1638 -26.1259 86.3372
0 31.1644 -26.1253 86.3571
0 31.1724 -26.1163 86.3771
0 31.1772 -26.1109 86.3971
0 31.1877 -26.099 86.4171
0 31.2168 -26.0662 86.4371
0 31.2571 -26.0208 86.4571
0 31.3118 -25.9595 86.4774
0 31.3282 -25.897 86.4971
0 31.3217 -25.8337 86.5171
0 31.3014 -25.77 86.5374
0 31.2563 -25.6802 86.5571
0 31.2205 -25.5921 86.5771
0 31.1421 -25.4705 86.5971
0 31.038 -25.3288 86.6171
0 30.9185 -25.175 86.6375
0 30.7413 -24.9796 86.6572
0 30.5294 -24.7592 86.6774
0 30.3041 -24.5155 86.6983
0 30.0948 -24.275 86.7185
0 29.904 -24.0707 86.7372
0 29.7319 -23.8796 86.7572
0 29.5836 -23.6935 86.7783
0 29.4814 -23.519 86.7971
0 29.4306 -23.3026 86.8171
0 29.399 -23.0409 86.8371
0 29.3788 -22.7518 86.8571
0 29.3696 -22.475 86.8771
0 29.3594 -22.214 86.8971
0 29.3036 -21.9568 86.9172
0 29.2374 -21.7278 86.9371
0 29.152 -21.5185 86.9571
0 29.0272 -21.3414 86.9771
0 28.8863 -21.1749 86.9971
0 28.7356 -21.0149 87.0171
0 28.579 -20.8588 87.0375
0 28.4112 -20.7137 87.0573
0 28.2689 -20.5837 87.0773
0 28.1341 -20.4715 87.0973
0 28.0116 -20.3613 87.1173
0 27.8963 -20.2523 87.1377
0 27.8465 -20.1088 87.1583
0 27.7898 -19.8727 87.1772
0 27.773 -19.5199 87.1972
0 27.8221 -19.1399 87.2171
0 27.9076 -18.7814 87.2372
0 27.9989 -18.4763 87.2572
0 28.1185 -18.2206 87.2772
0 28.2142 -18.0177 87.2972
0 28.2878 -17.8555 87.3171
0 28.3396 -17.7492 87.3372
0 28.3707 -17.6855 87.3572
0 28.3722 -17.6211 87.3772
0 28.3731 -17.5824 87.3972
0 28.3564 -17.5331 87.4161
0 28.3292 -17.4773 87.4361
0 28.3129 -17.4439 87.4561
0 28.2858 -17.3977 87.4773
0 28.2696 -17.3699 87.4973
0 28.2599 -17.3533 87.5169
0 28.2541 -17.3433 87.5369
0 28.2506 -17.3373 87.5563
0 28.2485 -17.3337 87.5772
0 28.2453 -17.3284 88.1962
0 28.2453 -17.3284 88.2162
0 28.2453 -17.3284 88.2362
0 28.2453 -17.3284 88.2562
0 28.2453 -17.3284 88.2766
0 28.253 -17.3195 88.2962
0 28.2576 -17.3141 88.3163
0 28.2604 -17.3109 88.3362
0 28.262 -17.309 88.3563
0 28.263 -17.3078 88.3763
0 28.2636 -17.3071 88.3962
0 28.2717 -17.2978 88.4163
0 28.2765 -17.2922 88.4362
0 28.2871 -17.28 88.4562
0 28.2934 -17.2727 88.4762
0 28.3049 -17.2594 88.4962
0 28.3195 -17.2426 88.5164
0 28.3283 -17.2325 88.5362
0 28.3412 -17.2176 88.5563
0 28.3241 -17.1914 88.5763
0 28.3215 -17.1668 88.5962
0 28.3199 -17.1521 88.6164
0 28.3018 -17.1171 88.6363
0 28.2736 -17.07 88.6563
0 28.2395 -17.0157 88.6763
0 28.1845 -16.931 88.6963
0 28.1343 -16.854 88.7162
0 28.1118 -16.7991 88.7362
0 28.0984 -16.7661 88.7564
0 28.0903 -16.7463 88.7762
0 28.0681 -16.7084 88.7964
0 28.0703 -16.668 88.8164
0 28.0869 -16.6263 88.8362
0 28.0797 -16.5752 88.8562
0 28.008 -16.484 88.8766
0 27.9227 -16.3859 88.8962
0 27.8465 -16.3099 88.9162
0 27.7661 -16.2122 88.9362
0 27.7006 -16.1276 88.9562
0 27.6439 -16.0508 88.9763
0 27.6002 -15.97 88.9962
0 27.5489 -15.9043 89.0164
0 27.4931 -15.8476 89.0362
0 27.4422 -15.7877 89.0566
0 27.3866 -15.7344 89.0764
0 27.3533 -15.7025 89.0964
0 27.3158 -15.6574 89.1164
0 27.2683 -15.6131 89.1363
0 27.2147 -15.5693 89.1562
0 27.1574 -15.5258 89.1765
0 27.0979 -15.4825 89.1964
0 27.0196 -15.4133 89.2162
0 26.9224 -15.3375 89.2366
0 26.8465 -15.266 89.2564
0 26.7836 -15.1972 89.2763
0 26.7283 -15.13 89.2962
0 26.67 -15.0725 89.3163
0 26.6427 -15.0292 89.3364
0 26.6011 -14.9861 89.3562
0 26.5968 -14.9481 89.3764
0 26.6148 -14.9132 89.3963
0 26.6745 -14.8594 89.4162
0 26.7058 -14.7978 89.4364
0 26.7483 -14.7107 89.4564
0 26.8052 -14.5995 89.4764
0 26.8632 -14.4826 89.4962
0 26.9218 -14.3624 89.5163
0 26.9982 -14.2661 89.5363
0 27.0679 -14.1582 89.5564
0 27.1336 -14.0433 89.5764
0 27.2253 -13.9034 89.5964
0 27.3074 -13.7311 89.6163
0 27.3967 -13.5363 89.6364
0 27.4774 -13.331 89.6564
0 27.5407 -13.099 89.6762
0 27.6189 -12.8683 89.6964
0 27.6807 -12.621 89.7163
0 27.7119 -12.3757 89.7364
0 27.6908 -12.1464 89.7564
0 27.6637 -11.9442 89.7764
0 27.6252 -11.7672 89.7964
0 27.5767 -11.6436 89.8164
0 27.5221 -11.552 89.8366
0 27.4971 -11.4881 89.8564
0 27.4822 -11.4498 89.8764
0 27.4732 -11.4268 89.8964
0 27.4423 -11.3956 89.9163
0 27.4238 -11.3769 89.9365
0 27.4127 -11.3656 89.9563
0 27.4061 -11.3589 89.9763
0 27.4021 -11.3549 89.9962
1 27.3961 -11.3488 90.7162
1 27.3961 -11.3488 90.7362
1 27.3961 -11.3488 90.7562
1 27.3961 -11.3488 90.7765
1 27.3961 -11.3488 90.7963
1 27.3961 -11.3488 90.8163
1 27.3961 -11.3488 90.8363
1 27.3961 -11.3488 90.8563
1 27.3961 -11.3488 90.8763
1 27.3961 -11.3488 90.8963
1 27.3961 -11.3488 90.9163
1 27.3961 -11.3488 90.9363
1 27.3961 -11.3488 90.9564
1 27.4215 -11.3662 90.9763
1 27.4368 -11.3766 90.9962
1 27.4714 -11.4003 91.0165
1 27.5176 -11.4318 91.0363
1 27.5707 -11.4682 91.0584
1 27.6026 -11.49 91.0763
1 27.6471 -11.5205 91.0963
1 27.6992 -11.5562 91.1176
1 27.7305 -11.5776 91.1363
1 27.7747 -11.6079 91.1564
1 27.8519 -11.6609 91.1763
1 27.9237 -11.7102 91.1962
1 28.0175 -11.7746 91.2163
1 28.1244 -11.8483 91.2363
1 28.214 -11.9099 91.2563
1 28.2677 -11.9469 91.2763
1 28.3252 -11.9866 91.2963
1 28.3929 -12.019 91.3163
1 28.4796 -12.0441 91.3363
1 28.5778 -12.0648 91.3563
1 28.7071 -12.0328 91.3763
1 28.9012 -11.975 91.3963
1 29.1299 -11.8725 91.4162
1 29.4125 -11.7522 91.4365
1 29.7155 -11.601 91.4563
1 30.0386 -11.4225 91.4763
1 30.3819 -11.2191 91.4963
1 30.7795 -10.9779 91.5163
1 31.2022 -10.7234 91.5363
1 31.6691 -10.4411 91.5563
1 32.1921 -10.1224 91.5763
1 32.7625 -9.78047 91.5963
1 33.3328 -9.44563 91.6163
1 33.9034 -9.11588 91.6363
1 34.4241 -8.82103 91.6564
1 34.8938 -8.55857 91.6763
1 35.3196 -8.31765 91.6962
1 35.7059 -8.09157 91.7163
1 36.0098 -7.91442 91.7363
1 36.2001 -7.79898 91.7562
1 36.3475 -7.73921 91.7763
1 36.4359 -7.70335 91.7963
1 36.5143 -7.70047 91.8163
1 36.6118 -7.73603 91.8363
1 36.7208 -7.79469 91.8563
1 36.8114 -7.84855 91.8766
1 36.9162 -7.91824 91.8963
1 37.0296 -7.99744 91.9163
1 37.1479 -8.08238 91.9365
1 37.2693 -8.1708 91.9563
1 37.3924 -8.26133 91.9763
1 37.5418 -8.37193 91.9963
1 37.7067 -8.49463 92.0163
1 37.881 -8.62465 92.0363
1 38.0608 -8.75914 92.0563
1 38.2439 -8.89637 92.0763
1 38.4038 -9.01643 92.0963
1 38.5998 -9.16401 92.1163
1 38.7924 -9.30929 92.1363
1 38.9829 -9.45325 92.1563
1 39.172 -9.59648 92.1763
1 39.3602 -9.73935 92.1968
1 39.5479 -9.88205 92.2164
1 39.7351 -10.0247 92.2363
1 39.9221 -10.1674 92.2563
1 40.0839 -10.2912 92.2763
1 40.2058 -10.3845 92.2963
1 40.3038 -10.4596 92.3164
1 40.3874 -10.5237 92.3363
1 40.4624 -10.5812 92.3564
1 40.5322 -10.6349 92.3763
1 40.5989 -10.6861 92.3966
1 40.6637 -10.736 92.4164
1 40.7273 -10.785 92.4363
1 40.7903 -10.8336 92.4563
1 40.8776 -10.901 92.4763
1 40.9795 -10.9797 92.4963
1 41.09 -11.0653 92.5163
1 41.2025 -11.1255 92.5363
1 41.2947 -11.1808 92.5563
1 41.3747 -11.2332 92.5763
1 41.4721 -11.303 92.5963
1 41.6046 -11.4025 92.6165
1 41.7301 -11.4713 92.6363
1 41.8547 -11.551 92.6563
1 41.9788 -11.6374 92.6765
1 42.1024 -11.7278 92.6963
1 42.2505 -11.8399 92.7163
1 42.3884 -11.9457 92.7363
1 42.5449 -12.0673 92.7563
1 42.7093 -12.1687 92.7764
1 42.9274 -12.297 92.7964
1 43.1531 -12.4221 92.8163
1 43.4078 -12.5649 92.8363
1 43.634 -12.709 92.8563
1 43.8644 -12.8439 92.8763
1 44.0728 -12.9539 92.8963
1 44.268 -13.049 92.9163
1 44.4553 -13.1353 92.9363
1 44.6591 -13.2064 92.9565
1 44.8515 -13.2784 92.9763
1 45.037 -13.351 92.9963
1 45.2184 -13.4241 93.0163
1 45.3972 -13.4974 93.0363
1 45.553 -13.5807 93.0563
1 45.6708 -13.6504 93.0763
1 45.79 -13.7316 93.0963
1 45.8615 -13.7803 93.1163
1 45.9287 -13.8292 93.1363
1 45.969 -13.8586 93.1563
1 45.9931 -13.8762 93.1763
1 46.0077 -13.8867 93.1964
1 46.0164 -13.8931 93.2164
1 46.0216 -13.8969 93.2363
1 46.0247 -13.8992 93.2563
1 46.0266 -13.9005 93.2778
1 46.052 -13.9211 93.2965
1 46.0672 -13.9334 93.3163
1 46.0977 -13.931 93.3363
1 46.1375 -13.9199 93.3563
1 46.1827 -13.9036 93.3764
1 46.2527 -13.8744 93.3964
1 46.3161 -13.8472 93.4163
1 46.3755 -13.8212 93.4365
1 46.4112 -13.8057 93.4563
1 46.4326 -13.7963 93.4763
1 46.4535 -13.7823 93.4963
1 46.466 -13.7739 93.5163
1 46.4735 -13.7689 93.5364
1 46.4781 -13.7659 93.5563
1 46.4808 -13.7641 93.5763
1 46.4904 -13.7546 93.5963
1 46.4962 -13.7489 93.6163
1 46.5077 -13.7371 93.6364
1 46.5146 -13.7301 93.6563
1 46.5188 -13.7258 93.6763
1 46.5213 -13.7233 93.6964
1 46.5228 -13.7218 93.7164
1 46.5826 -13.6848 93.7373
1 46.6694 -13.635 93.7567
1 46.7725 -13.5775 93.7763
1 46.8933 -13.5071 93.7963
1 46.9953 -13.4469 93.8166
1 47.078 -13.4011 93.8364
1 47.1571 -13.3558 93.8563
1 47.2341 -13.3106 93.8765
1 47.2884 -13.2752 93.8963
1 47.3424 -13.2444 93.9163
1 47.3829 -13.2176 93.9363
1 47.4072 -13.2015 93.9563
1 47.4217 -13.1918 93.9763
1 47.4305 -13.186 93.9964
1 47.4357 -13.1825 94.0163
1 47.4684 -13.1626 94.0363
1 47.5095 -13.141 94.0564
1 47.5718 -13.1019 94.0763
1 47.6602 -13.051 94.0963
1 47.7939 -12.9752 94.1164
1 47.9468 -12.8929 94.1363
1 48.1112 -12.8067 94.1563
1 48.2691 -12.7194 94.1766
1 48.4177 -12.6694 94.1963
1 48.5149 -12.6311 94.2163
1 48.6055 -12.62 94.2363
1 48.6761 -12.5968 94.2563
1 48.7264 -12.5747 94.2763
1 48.789 -12.5734 94.2964
1 48.8265 -12.5726 94.3164
1 48.8813 -12.5841 94.3363
1 48.9383 -12.6112 94.3564
1 48.9806 -12.6193 94.3764
1 49.0383 -12.6361 94.3964
1 49.0729 -12.6463 94.4164
1 49.1178 -12.6725 94.4363
1 49.1448 -12.6883 94.4564
1 49.1906 -12.6801 94.4764
1 49.2397 -12.6658 94.4964
1 49.2988 -12.6395 94.5163
1 49.3639 -12.6062 94.5364
1 49.4568 -12.5889 94.5563
1 49.5854 -12.5422 94.5764
1 49.7138 -12.4871 94.5964
1 49.8503 -12.4191 94.6163
1 49.9916 -12.3434 94.6364
1 50.1358 -12.263 94.6564
1 50.2439 -12.2054 94.6764
1 50.3386 -12.1534 94.6964
1 50.4251 -12.1047 94.7164
1 50.5067 -12.0581 94.7363
1 50.5855 -12.0128 94.7564
1 50.6625 -11.9682 94.7764
1 50.7384 -11.924 94.7963
1 50.7921 -11.8895 94.8164
1 50.8918 -11.8706 94.8364
1 50.9597 -11.8512 94.8563
1 51.0761 -11.8334 94.8766
1 51.1676 -11.8135 94.8963
1 51.2764 -11.8047 94.9164
1 51.4037 -11.7948 94.9366
1 51.5557 -11.7829 94.9564
1 51.6849 -11.7505 94.9763
1 51.838 -11.7253 94.9963
1 51.9895 -11.6758 95.0164
1 52.1184 -11.621 95.0364
1 52.2255 -11.571 95.0564
1 52.3357 -11.5525 95.0763
1 52.4316 -11.5243 95.0963
1 52.5648 -11.5018 95.1164
1 52.6964 -11.4621 95.1363
1 52.8293 -11.442 95.1568
1 52.9389 -11.4129 95.1765
1 53.0804 -11.3901 95.1964
1 53.1653 -11.3765 95.2166
1 53.2461 -11.3513 95.2364
1 53.2946 -11.3361 95.2564
1 53.3319 -11.3192 95.2764
1 53.376 -11.2999 95.2964
1 53.4405 -11.2635 95.3165
1 53.5091 -11.2247 95.3364
1 53.602 -11.1754 95.3564
1 53.7094 -11.1199 95.3763
1 53.8556 -11.0437 95.3964
1 54.0169 -10.9631 95.4164
1 54.1654 -10.8888 95.4364
1 54.3064 -10.8185 95.4567
1 54.4209 -10.7595 95.4764
1 54.5437 -10.7282 95.4964
1 54.6473 -10.6927 95.5164
1 54.7314 -10.6625 95.5364
1 54.8118 -10.6276 95.5566
1 54.8901 -10.5898 95.5764
1 54.967 -10.5505 95.5964
1 55.0432 -10.5101 95.6164
1 55.1272 -10.4613 95.6364
1 55.2075 -10.4154 95.6564
1 55.2858 -10.3711 95.6764
1 55.3928 -10.3111 95.6964
1 55.4871 -10.2585 95.7164
1 55.5875 -10.2092 95.7364
1 55.6997 -10.1541 95.7564
1 55.797 -10.1044 95.7766
1 55.8636 -10.0668 95.7964
1 55.9118 -10.0365 95.8164
1 55.9406 -10.0183 95.8366
1 55.958 -10.0074 95.8564
1 55.9684 -10.0009 95.8764
1 56.0287 -10.0016 95.8964
1 56.1169 -9.9766 95.9164
1 56.2081 -9.93732 95.9366
1 56.2929 -9.89721 95.9565
1 56.3959 -9.84779 95.9764
1 56.4796 -9.80935 95.9965
1 56.5599 -9.76976 96.0164
1 56.6081 -9.74602 96.0364
1 56.661 -9.75311 96.0567
1 56.7229 -9.74088 96.0764
1 56.7902 -9.71707 96.0964
1 56.8826 -9.67755 96.1166
1 56.9922 -9.6588 96.1364
1 57.0882 -9.63113 96.1564
1 57.2218 -9.61083 96.1765
1 57.3562 -9.60374 96.1964
1 57.4909 -9.6046 96.2164
1 57.6039 -9.61897 96.2364
1 57.6957 -9.64909 96.2564
1 57.7589 -9.65955 96.2767
1 57.7969 -9.66582 96.2964
1 57.8278 -9.66198 96.3164
1 57.8546 -9.65207 96.3365
1 57.9008 -9.62984 96.3564
1 57.9587 -9.60023 96.3764
1 58.0237 -9.5662 96.3964
1 58.0928 -9.52953 96.4164
1 58.1645 -9.49129 96.4366
1 58.2295 -9.45968 96.4564
1 58.2987 -9.42449 96.4764
1 58.3723 -9.41744 96.4965
1 58.4247 -9.40567 96.5164
1 58.4561 -9.3986 96.5365
1 58.4832 -9.38684 96.5564
1 58.5076 -9.37227 96.5766
1 58.5462 -9.38516 96.5965
1 58.5933 -9.41454 96.6164
1 58.6216 -9.43217 96.6364
1 58.6706 -9.45691 96.6566
1 58.7561 -9.50763 96.6764
1 58.8395 -9.55229 96.6966
1 58.9373 -9.62249 96.7164
1 59.0042 -9.65718 96.7364
1 59.0682 -9.69971 96.7564
1 59.1305 -9.74695 96.7764
1 59.1999 -9.78962 96.7964
1 59.2736 -9.82959 96.8166
1 59.3738 -9.88973 96.8364
1 59.4577 -9.94758 96.8564
1 59.5162 -9.97495 96.8764
1 59.5513 -9.99138 96.8964
1 59.6044 -10.0157 96.9164
1 59.6363 -10.0303 96.9364
1 59.6874 -10.0535 96.9564
1 59.7181 -10.0675 96.9764
1 59.7667 -10.06 96.9966
1 59.8399 -10.0382 97.0164
1 59.936 -10.0008 97.0364
1 59.9937 -9.97826 97.0567
1 60.0503 -9.95619 97.0764
1 60.0925 -9.93566 97.0964
1 60.148 -9.90749 97.1164
1 60.1813 -9.89058 97.1364
1 60.2013 -9.88044 97.1567
1 60.2435 -9.85852 97.1765
1 60.2909 -9.83681 97.1965
1 60.3716 -9.79943 97.2164
1 60.4364 -9.76246 97.2364
1 60.4973 -9.73175 97.2565
1 60.5723 -9.69028 97.2765
1 60.6476 -9.64963 97.2964
1 60.701 -9.61801 97.3165
1 60.765 -9.61379 97.3365
1 60.8034 -9.61125 97.3565
1 60.8723 -9.62319 97.3766
1 60.9521 -9.60744 97.3964
1 61.054 -9.60432 97.4165
1 61.1978 -9.56263 97.4366
1 61.3602 -9.53559 97.4564
1 61.51 -9.4953 97.4764
1 61.622 -9.4627 97.4966
1 61.6974 -9.43598 97.5164
1 61.7426 -9.41994 97.5366
1 61.8099 -9.41815 97.5565
1 61.8585 -9.40996 97.5764
1 61.9417 -9.41164 97.5965
1 62.0441 -9.3887 97.6165
1 62.1661 -9.34392 97.6365
1 62.2918 -9.29318 97.6565
1 62.4417 -9.23053 97.6765
1 62.5924 -9.16206 97.6964
1 62.7131 -9.10555 97.7165
1 62.8397 -9.07853 97.7364
1 62.946 -9.04693 97.7566
1 63.0179 -9.02092 97.7764
1 63.0693 -8.99827 97.7966
1 63.1084 -8.97765 97.8164
1 63.1483 -8.95125 97.8364
1 63.1804 -8.92841 97.8566
1 63.1997 -8.91471 97.8764
1 63.2195 -8.89951 97.8965
1 63.2535 -8.88203 97.9165
1 63.2821 -8.86457 97.9365
1 63.2993 -8.85409 97.9564
1 63.3178 -8.84084 97.9764
1 63.3289 -8.83289 97.9965
1 63.3675 -8.84355 98.0167
1 63.3989 -8.843 98.0364
1 63.4177 -8.84268 98.0564
1 63.429 -8.84248 98.0765
1 63.4358 -8.84236 98.0964
1 63.4399 -8.84229 98.1165
1 63.4423 -8.84225 98.1365
1 63.452 -8.8353 98.1565
1 63.4815 -8.85353 98.1766
1 63.4992 -8.86446 98.1965
1 63.5099 -8.87103 98.2169
1 63.5162 -8.87496 98.2365
1 63.5201 -8.87733 98.2565
1 63.5224 -8.87874 98.2765
1 63.5237 -8.87959 98.2965
1 63.5246 -8.8801 98.3165
1 63.5251 -8.88041 98.3367
1 63.5254 -8.88059 98.3566
1 63.5255 -8.8807 98.3766
1 63.5478 -8.87241 98.3965
1 63.5833 -8.85909 98.4164
1 63.6489 -8.83444 98.4367
1 63.7327 -8.80303 98.4565
1 63.8272 -8.76762 98.4764
1 63.9283 -8.72984 98.4965
1 64.0112 -8.69893 98.5164
1 64.1053 -8.66393 98.5364
1 64.2061 -8.62651 98.557
1 64.3429 -8.60321 98.5764
1 64.4931 -8.59544 98.5976
1 64.6291 -8.60518 98.6165
1 64.7648 -8.61849 98.6365
1 64.8685 -8.61836 98.6565
1 64.9543 -8.64086 98.6765
1 65.0531 -8.69954 98.6965
1 65.1582 -8.74927 98.7165
1 65.3129 -8.80824 98.7365
1 65.4961 -8.84223 98.7565
1 65.7211 -8.9147 98.7765
1 65.9949 -9.03314 98.7967
1 66.2977 -9.17941 98.8165
1 66.6178 -9.34261 98.8366
1 66.9012 -9.47057 98.8566
1 67.1627 -9.57749 98.8765
1 67.3875 -9.64906 98.8967
1 67.6371 -9.74525 98.9165
1 67.8548 -9.81056 98.9365
1 68.0533 -9.85742 98.9565
1 68.2392 -9.86275 98.9765
1 68.4186 -9.87379 98.9965
1 68.5485 -9.87287 99.0165
1 68.6722 -9.88777 99.0365
1 68.7697 -9.9197 99.0565
1 68.8364 -9.93191 99.0765
1 68.8765 -9.93924 99.0965
1 68.9005 -9.94363 99.1167
1 68.9149 -9.94627 99.1365
1 68.9236 -9.94785 99.1565
1 68.9288 -9.9488 99.1767
1 68.9319 -9.94937 99.1965
1 68.9338 -9.94971 99.2165
1 68.9349 -9.94992 99.2366
1 68.9356 -9.95004 99.2565
1 68.936 -9.95011 99.2765
1 68.9362 -9.95016 99.2967
1 68.9363 -9.95018 99.3165
0 68.9366 -9.95022 100.077
0 68.9366 -9.95022 100.097
0 68.9366 -9.95022 100.117
0 68.9366 -9.95022 100.137
0 68.9366 -9.95022 100.157
0 68.9366 -9.95022 100.177
0 68.9366 -9.95022 100.196
0 68.9132 -9.92723 100.217
0 68.8758 -9.89045 100.237
0 68.83 -9.8454 100.256
0 68.8026 -9.81837 100.277
0 68.7627 -9.77918 100.297
0 68.7388 -9.75566 100.317
0 68.7244 -9.74155 100.337
0 68.7241 -9.72613 100.357
0 68.7087 -9.68694 100.377
0 68.7077 -9.65649 100.397
0 68.6604 -9.59226 100.417
0 68.5934 -9.50084 100.437
0 68.4994 -9.3632 100.457
0 68.3574 -9.18185 100.477
0 68.2182 -8.99032 100.497
0 68.0807 -8.79269 100.517
0 67.9523 -8.58451 100.537
0 67.8293 -8.37003 100.557
0 67.6859 -8.12891 100.577
0 67.5538 -7.89478 100.597
0 67.4673 -7.71762 100.617
0 67.4155 -7.61133 100.637
0 67.3844 -7.54755 100.657
0 67.3657 -7.50928 100.677
0 67.3545 -7.48632 100.697
0 67.3478 -7.47255 100.717
0 67.3437 -7.46428 100.737
0 67.3413 -7.45932 100.757
0 67.3377 -7.45188 101.337
0 67.3459 -7.44502 101.357
0 67.3509 -7.44091 101.377
0 67.3538 -7.43844 101.397
0 67.332 -7.41402 101.417
0 67.3189 -7.39937 101.437
0 67.311 -7.39058 101.457
0 67.259 -7.33945 101.477
0 67.1805 -7.26294 101.497
0 67.0943 -7.16434 101.517
0 66.9797 -7.0296 101.537
0 66.848 -6.8732 101.557
0 66.7143 -6.69695 101.577
0 66.5472 -6.49285 101.597
0 66.4076 -6.31779 101.617
0 66.2689 -6.13041 101.637
0 66.1463 -5.96541 101.657
0 66.0094 -5.79103 101.677
0 65.8639 -5.61104 101.697
0 65.737 -5.45052 101.717
0 65.6535 -5.3176 101.737
0 65.5638 -5.18535 101.757
0 65.4703 -5.0535 101.777
0 65.3903 -4.9516 101.797
0 65.3026 -4.83799 101.817
0 65.2103 -4.71736 101.837
0 65.1152 -4.59254 101.857
0 65.0266 -4.45832 101.877
0 64.9734 -4.37779 101.897
0 64.9258 -4.29982 101.917
0 64.8731 -4.23027 101.937
0 64.8498 -4.18166 101.957
0 64.8358 -4.15249 101.977
0 64.8356 -4.12812 101.997
0 64.8355 -4.1135 102.017
0 64.8355 -4.10473 102.037
0 64.8354 -4.09947 102.057
0 64.9203 -4.02105 102.897
0 64.9357 -4.00829 102.917
0 64.9532 -3.99386 102.937
0 64.9802 -3.97167 102.957
0 64.9806 -3.92877 102.977
0 64.9973 -3.88956 102.997
0 64.9915 -3.83647 103.017
0 64.9564 -3.74552 103.037
0 64.9195 -3.6614 103.057
0 64.8575 -3.55857 103.077
0 64.7644 -3.41498 103.097
0 64.6286 -3.22418 103.117
0 64.4753 -2.99841 103.137
0 64.2953 -2.72227 103.157
0 64.0991 -2.41602 103.177
0 63.8931 -2.09184 103.197
0 63.6566 -1.73425 103.217
0 63.4502 -1.40227 103.237
0 63.221 -1.07617 103.257
0 63.0268 -0.799133 103.277
0 62.8372 -0.522286 103.297
0 62.6583 -0.281462 103.317
0 62.502 -0.0915634 103.337
0 62.3675 0.0743416 103.357
0 62.2215 0.248512 103.377
0 62.0848 0.398348 103.397
0 61.9865 0.517506 103.417
0 61.9112 0.618249 103.437
0 61.866 0.678695 103.457
0 61.8389 0.714963 103.477
1 61.9962 0.621298 104.477
1 62.0234 0.596393 104.497
1 62.0397 0.58145 104.517
1 62.0495 0.572484 104.537
1 62.0554 0.567104 104.557
1 62.0589 0.563877 104.577
1 62.061 0.56194 104.597
1 62.0623 0.560778 104.617
1 62.0631 0.560081 104.637
1 62.0942 0.575286 104.657
1 62.158 0.602532 104.677
1 62.2494 0.643518 104.697
1 62.3801 0.701722 104.717
1 62.5343 0.770173 104.737
1 62.758 0.837372 104.757
1 63.0214 0.935358 104.777
1 63.3415 1.03522 104.797
1 63.6403 1.14351 104.817
1 63.9754 1.21069 104.837
1 64.3078 1.27595 104.857
1 64.6777 1.36151 104.877
1 65.0702 1.45887 104.897
1 65.4292 1.57756 104.916
1 65.8053 1.71957 104.936
1 66.1708 1.83487 104.956
1 66.4892 1.94446 104.976
1 66.7792 2.05047 104.996
1 67.0379 2.1522 105.016
1 67.286 2.25769 105.036
1 67.5277 2.36533 105.056
1 67.7493 2.46137 105.076
1 67.9979 2.57147 105.096
1 68.2547 2.68346 105.116
1 68.5163 2.79644 105.136
1 68.812 2.92443 105.156
1 69.151 3.06934 105.176
1 69.5161 3.22406 105.196
1 69.8658 3.36994 105.216
1 70.1982 3.5039 105.236
1 70.4974 3.62253 105.256
1 70.7849 3.73817 105.276
1 71.0655 3.85189 105.296
1 71.3108 3.95006 105.316
1 71.5203 4.0374 105.336
1 71.6919 4.10543 105.356
1 71.8259 4.16044 105.376
1 71.9293 4.20123 105.396
1 72.0143 4.23348 105.416
1 72.1125 4.2365 105.436
1 72.2268 4.22835 105.456
1 72.3426 4.20706 105.476
1 72.4593 4.17787 105.496
1 72.5764 4.14391 105.516
1 72.6952 4.07521 105.536
1 72.7894 4.04166 105.556
1 72.9173 3.98082 105.576
1 73.0641 3.93535 105.596
1 73.2234 3.86723 105.616
1 73.3662 3.80969 105.636
1 73.546 3.74174 105.657
1 73.701 3.68422 105.677
1 73.817 3.6572 105.696
1 73.9107 3.6167 105.717
1 73.991 3.56811 105.737
1 74.0633 3.51465 105.757
1 74.1149 3.48893 105.776
1 74.1459 3.4735 105.796
1 74.1645 3.46424 105.816
1 74.208 3.4407 105.836
1 74.2664 3.40856 105.856
1 74.3255 3.36495 105.877
1 74.4091 3.29008 105.897
1 74.4834 3.2208 105.917
1 74.576 3.1305 105.936
1 74.6797 3.02756 105.956
1 74.8139 2.8926 105.976
1 74.9424 2.76281 105.996
1 75.0196 2.68493 106.016
1 75.097 2.65183 106.036
1 75.1434 2.63196 106.056
1 75.1953 2.59561 106.076
1 75.2815 2.56295 106.096
1 75.4113 2.5398 106.116
1 75.5591 2.5161 106.136
1 75.7028 2.49088 106.156
1 75.891 2.44744 106.176
1 76.082 2.41752 106.196
1 76.2994 2.3392 106.216
1 76.5005 2.2502 106.236
1 76.7001 2.16085 106.256
1 76.8904 2.06509 106.276
1 77.0367 1.98908 106.296
1 77.1474 1.95062 106.316
1 77.2138 1.92754 106.336
1 77.2537 1.9137 106.356
1 77.3326 1.89393 106.376
1 77.4193 1.90137 106.396
1 77.5722 1.9085 106.416
1 77.7493 1.94616 106.436
1 77.9327 1.99599 106.456
1 78.1199 2.05302 106.476
1 78.3094 2.1143 106.496
1 78.5085 2.1841 106.516
1 78.6592 2.23899 106.536
1 78.7808 2.28493 106.556
1 78.8768 2.31943 106.576
1 78.9738 2.35916 106.596
1 79.064 2.36409 106.616
1 79.1493 2.37999 106.636
1 79.2317 2.40246 106.656
1 79.2893 2.42195 106.676
1 79.3321 2.43963 106.696
1 79.3742 2.46219 106.716
1 79.4389 2.49456 106.736
1 79.5089 2.52685 106.756
1 79.5591 2.55215 106.776
1 79.6353 2.58117 106.796
1 79.704 2.60549 106.816
1 79.7995 2.6398 106.836
1 79.9193 2.68599 106.856
1 80.0455 2.73334 106.876
1 80.1754 2.78135 106.896
1 80.3077 2.82972 106.916
1 80.4184 2.87146 106.936
1 80.5391 2.91601 106.956
1 80.6889 2.96896 106.976
1 80.8644 3.03278 106.996
1 81.024 3.09042 107.016
1 81.2204 3.15766 107.036
1 81.3844 3.2113 107.056
1 81.584 3.24398 107.076
1 81.7731 3.28333 107.096
1 81.9646 3.30064 107.116
1 82.134 3.33002 107.136
1 82.3218 3.34715 107.156
1 82.5045 3.34497 107.176
1 82.6695 3.29871 107.196
1 82.8003 3.2514 107.216
1 82.8788 3.22302 107.236
1 82.9577 3.1864 107.256
1 83.0518 3.14541 107.276
1 83.1867 3.08212 107.296
1 83.3225 3.0309 107.316
1 83.482 2.99326 107.336
1 83.6561 2.93176 107.356
1 83.862 2.8622 107.376
1 84.087 2.78766 107.396
1 84.3003 2.70372 107.416
1 84.5531 2.59464 107.436
1 84.8061 2.49599 107.456
1 85.0744 2.37197 107.476
1 85.3367 2.26408 107.496
1 85.5407 2.14777 107.516
1 85.6632 2.07798 107.536
1 85.7367 2.03611 107.556
1 85.7808 2.01098 107.576
1 85.8154 2.00161 107.596
1 85.8361 1.99599 107.616
1 85.8486 1.99262 107.636
1 85.8876 1.97048 107.656
1 85.911 1.95719 107.676
1 85.9332 1.95489 107.696
1 85.9465 1.95352 107.716
1 85.9626 1.95835 107.736
1 85.9723 1.96125 107.756
1 86.0015 1.93716 107.776
1 86.0505 1.90251 107.796
1 86.1032 1.85588 107.816
1 86.1349 1.8279 107.836
1 86.1539 1.81111 107.856
1 86.1652 1.80104 107.876
1 86.1721 1.79499 107.896
1 86.1762 1.79137 107.916
1 86.1786 1.78919 107.936
1 86.1801 1.78788 107.956
1 86.181 1.7871 107.976
1 86.1815 1.78663 107.996
1 86.1819 1.78635 108.016
1 86.182 1.78618 108.036
1 86.1822 1.78608 108.056
1 86.2518 1.77241 108.076
1 86.348 1.78202 108.096
1 86.452 1.79994 108.116
1 86.5609 1.79084 108.136
1 86.6495 1.75948 108.156
1 86.7026 1.74066 108.176
1 86.7345 1.72936 108.196
1 86.7537 1.72259 108.216
1 86.7885 1.69261 108.236
1 86.8559 1.62277 108.256
1 86.9196 1.55494 108.276
1 86.9811 1.4883 108.296
1 87.018 1.44831 108.316
1 87.0402 1.42432 108.336
1 87.0535 1.40993 108.356
1 87.0696 1.40689 108.376
1 87.1025 1.37912 108.396
1 87.1618 1.34763 108.416
1 87.2055 1.33429 108.436
1 87.255 1.3003 108.456
1 87.2928 1.28544 108.476
1 87.3155 1.27653 108.496
1 87.3523 1.24518 108.516
1 87.4288 1.2439 108.536
1 87.5291 1.26062 108.556
1 87.6668 1.29405 108.576
1 87.827 1.33741 108.596
1 87.9694 1.37522 108.616
1 88.1325 1.38909 108.636
1 88.2617 1.37682 108.656
1 88.3392 1.36945 108.676
1 88.3857 1.36503 108.696
1 88.4136 1.36238 108.716
1 88.4303 1.36079 108.736
1 88.4404 1.35984 108.756
1 88.4464 1.35926 108.776
1 88.45 1.35892 108.796
1 88.4522 1.35871 108.816
0 88.0434 1.85661 109.676
0 87.9608 1.94992 109.696
0 87.888 2.03197 109.716
0 87.8059 2.13889 109.736
0 87.71 2.25513 109.756
0 87.614 2.38254 109.776
0 87.4945 2.54266 109.796
0 87.3293 2.74279 109.816
0 87.1213 2.99842 109.836
0 86.8874 3.28726 109.856
0 86.6224 3.6275 109.876
0 86.3701 3.97818 109.896
0 86.1018 4.36094 109.916
0 85.8625 4.70543 109.936
0 85.6325 5.02125 109.956
0 85.4553 5.26811 109.976
0 85.3253 5.44208 109.996
0 85.2473 5.54646 110.016
0 85.2005 5.60909 110.036
0 85.1724 5.64667 110.056
0 85.1867 5.74202 110.676
0 85.1885 5.74331 110.696
0 85.1897 5.74409 110.716
0 85.1985 5.75015 110.736
0 85.2038 5.75379 110.756
0 85.2151 5.76157 110.776
0 85.2218 5.76623 110.796
0 85.2259 5.76903 110.816
0 85.2128 5.80217 110.836
0 85.1738 5.88494 110.856
0 85.1111 5.99192 110.876
0 84.9866 6.16512 110.896
0 84.8569 6.35772 110.916
0 84.724 6.56192 110.936
0 84.5809 6.76749 110.956
0 84.4398 6.97939 110.976
0 84.3236 7.16925 110.996
0 84.2143 7.34032 111.016
0 84.1172 7.50563 111.036
0 84.0432 7.63613 111.056
0 83.983 7.74574 111.076
0 83.9072 7.86861 111.096
0 83.8219 7.99943 111.116
0 83.7549 8.1092 111.136
0 83.675 8.23213 111.156
0 83.5953 8.36842 111.176
0 83.5076 8.50722 111.196
0 83.431 8.61628 111.216
0 83.361 8.70748 111.236
0 83.2561 8.84429 111.776
0 83.2561 8.84429 111.796
0 83.2561 8.84429 111.816
0 83.2561 8.84429 111.836
0 83.2561 8.84429 111.856
0 83.2561 8.84429 111.876
0 83.2561 8.84429 111.896
0 83.2642 8.84976 111.916
0 83.2532 8.88428 111.936
0 83.2547 8.91044 111.956
0 83.2397 8.95735 111.976
0 83.1907 9.04248 111.996
0 83.1295 9.15595 112.016
0 83.0609 9.28638 112.036
0 82.9959 9.43234 112.056
0 82.9089 9.61332 112.076
0 82.7846 9.84098 112.096
0 82.6296 10.0912 112.116
0 82.4721 10.324 112.136
0 82.3131 10.5461 112.156
0 82.1774 10.7361 112.176
0 82.0717 10.8758 112.196
0 81.9922 10.9907 112.216
0 81.9444 11.0596 112.236
0 81.9158 11.101 112.256
0 81.8986 11.1258 112.276
1 81.8728 11.163 112.776
1 81.8728 11.163 112.796
1 81.8728 11.163 112.816
1 81.8728 11.163 112.836
1 81.8728 11.163 112.856
1 81.8728 11.163 112.876
1 81.8728 11.163 112.896
1 81.8728 11.163 112.916
1 81.8728 11.163 112.936
1 81.8728 11.163 112.956
1 81.8728 11.163 112.976
1 81.8728 11.163 112.996
1 81.8971 11.1373 113.016
1 81.9359 11.0962 113.036
1 81.9834 11.0458 113.056
1 82.0119 11.0156 113.076
1 82.0775 10.946 113.096
1 82.141 10.8785 113.116
1 82.2275 10.7865 113.136
1 82.3036 10.7055 113.156
1 82.3976 10.6054 113.176
1 82.5024 10.4938 113.196
1 82.5894 10.401 113.216
1 82.6657 10.3195 113.236
1 82.7356 10.2449 113.256
1 82.8258 10.1484 113.276
1 82.904 10.0647 113.296
1 82.9991 9.96286 113.316
1 83.1036 9.88289 113.336
1 83.2137 9.81604 113.356
1 83.3504 9.76397 113.376
1 83.5032 9.7207 113.396
1 83.7129 9.66356 113.416
1 83.9575 9.56511 113.436
1 84.2222 9.47446 113.456
1 84.4996 9.35552 113.476
1 84.7845 9.21942 113.496
1 85.0738 9.07286 113.516
1 85.3896 8.8937 113.536
1 85.6739 8.71436 113.556
1 85.9393 8.5348 113.576
1 86.1699 8.3485 113.596
1 86.4029 8.16458 113.616
1 86.661 7.95574 113.636
1 86.9102 7.75806 113.656
1 87.1622 7.57209 113.676
1 87.3837 7.44693 113.696
1 87.6106 7.33181 113.716
1 87.8406 7.2226 113.736
1 88.0805 7.12192 113.756
1 88.3416 7.02733 113.776
1 88.5765 6.96159 113.796
1 88.8111 6.9141 113.816
1 89.077 6.85602 113.836
1 89.3537 6.75368 113.856
1 89.6213 6.68886 113.876
1 89.9222 6.62061 113.896
1 90.2198 6.54411 113.916
1 90.4998 6.49425 113.936
1 90.7847 6.46088 113.956
1 91.0572 6.43658 113.976
1 91.3142 6.4124 113.996
1 91.5466 6.42009 114.016
1 91.7796 6.41483 114.036
1 91.9661 6.42288 114.056
1 92.1248 6.40646 114.076
1 92.2748 6.38054 114.096
1 92.3881 6.33814 114.116
1 92.4795 6.31825 114.136
1 92.5343 6.30631 114.156
1 92.5672 6.29915 114.176
1 92.6103 6.26799 114.196
1 92.6595 6.22243 114.216
1 92.7123 6.16823 114.236
1 92.7673 6.10883 114.256
1 92.8468 6.01941 114.276
1 92.9644 5.88507 114.296
1 93.0814 5.75063 114.316
1 93.2213 5.58917 114.336
1 93.3517 5.43841 114.356
1 93.4996 5.29947 114.376
1 93.6815 5.17294 114.396
1 93.8605 5.08075 114.416
1 94.0692 5.0195 114.436
1 94.311 4.97681 114.456
1 94.573 4.97728 114.476
1 94.8469 4.97106 114.496
1 95.1128 4.99292 114.516
1 95.374 5.03144 114.536
1 95.6087 5.0426 114.556
1 95.8511 5.07442 114.576
1 96.0514 5.10862 114.596
1 96.2499 5.14912 114.616
1 96.4393 5.18806 114.636
1 96.5998 5.22112 114.656
1 96.7276 5.25104 114.676
1 96.8042 5.26899 114.696
1 96.8736 5.28458 114.716
1 96.9467 5.304 114.736
1 97.0455 5.33049 114.756
1 97.1596 5.36119 114.776
1 97.3065 5.3991 114.796
1 97.4964 5.44595 114.816
1 97.7353 5.47052 114.836
1 98.004 5.51355 114.856
1 98.2906 5.56737 114.876
1 98.5645 5.62291 114.896
1 98.8308 5.67932 114.916
1 99.0926 5.73606 114.937
1 99.3753 5.79713 114.956
1 99.6252 5.86051 114.976
1 99.7751 5.92498 114.996
1 99.8651 5.99392 115.016
1 99.919 6.05704 115.036
1 99.9514 6.12196 115.056
1 99.9709 6.18231 115.076
1 99.9825 6.23975 115.096
1 99.9895 6.29138 115.116
1 99.9937 6.33944 115.136
1 99.9962 6.38525 115.156
1 99.9977 6.40338 115.176
1 99.9986 6.43828 115.196
1 99.9992 6.47222 115.216
1 99.9995 6.49258 115.236
1 99.9997 6.51026 115.256
1 99.9998 6.52087 115.276
1 99.9999 6.53269 115.296
1 99.9999 6.55064 115.316
1 100 6.5706 115.336
1 100 6.58798 115.356
1 100 6.6038 115.376
1 100 6.62246 115.396
1 100 6.64281 115.416
1 100 6.66416 115.436
1 100 6.68986 115.456
1 100 6.6916 115.476
1 100 6.69639 115.496
1 100 6.70833 115.516
1 100 6.72082 115.536
1 100 6.73204 115.556
1 100 6.74781 115.576
1 100 6.7663 115.596
1 100 6.75452 115.616
1 100 6.72825 115.636
1 100 6.71249 115.656
1 100 6.68009 115.676
1 100 6.63612 115.696
1 100 6.59042 115.716
1 100 6.54366 115.736
1 100 6.46429 115.756
1 100 6.3988 115.776
1 100 6.34002 115.796
1 100 6.2816 115.816
1 100 6.22337 115.836
1 100 6.13687 115.856
1 100 6.06172 115.876
1 100 5.99697 115.896
1 100 5.9471 115.916
1 100 5.92729 115.936
1 100 5.892 115.956
1 100 5.85101 115.976
1 100 5.82642 115.996
1 100 5.82027 116.016
1 100 5.82157 116.036
1 100 5.82733 116.056
1 100 5.83937 116.076
1 100 5.8565 116.096
1 100 5.87039 116.116
1 100 5.88366 116.136
1 100 5.90017 116.156
1 100 5.9186 116.176
1 100 5.93683 116.196
1 100 5.9527 116.216
1 100 5.96579 116.236
1 100 5.97857 116.256
1 100 5.99471 116.276
1 100 6.00796 116.296
1 100 6.01591 116.316
1 100 6.02422 116.336
1 100 6.03412 116.356
1 100 6.04007 116.376
1 100 6.04363 116.396
1 100 6.04931 116.416
1 100 6.06115 116.436
1 100 6.07528 116.456
1 100 6.09217 116.476
1 100 6.10721 116.496
1 100 6.11972 116.516
1 100 6.10349 116.536
1 100 6.10212 116.556
1 100 6.1013 116.576
1 100 6.1008 116.596
1 100 6.07672 116.616
1 100 6.06227 116.636
1 100 6.0536 116.657
1 100 6.0484 116.676
1 100 6.04528 116.696
1 100 6.04341 116.716
1 100 6.04228 116.736
1 100 6.04161 116.756
1 100 6.0412 116.776
1 100 6.04096 116.796
1 100 6.04082 116.816
1 100 6.04073 116.836
1 100 6.04068 116.856
1 100 6.04064 116.876
1 100 6.04063 116.896
1 100 6.04061 116.916
1 100 6.04061 116.936
0 100 6.30376 117.496
0 100 6.43293 117.516
0 100 6.60126 117.536
0 100 6.76908 117.556
0 100 6.96055 117.576
0 100 7.16619 117.596
0 100 7.35633 117.616
0 100 7.56581 117.636
0 100 7.78686 117.656
0 100 8.01481 117.676
0 100 8.2422 117.696
0 100 8.49785 117.716
0 100 8.74178 117.736
0 100 9.04053 117.756
0 100 9.3674 117.776
0 100 9.71574 117.796
0 100 10.0436 117.816
0 100 10.3592 117.836
0 100 10.615 117.856
0 100 10.797 117.876
0 100 10.9062 117.896
0 100 10.9717 117.916
0 100 11.011 117.936
0 100 11.0346 117.956
0 100 11.0487 117.976
0 100 11.0572 117.996
0 100 11.0623 118.016
0 100 11.1556 118.036
0 100 11.2686 118.056
0 100 11.4027 118.076
0 100 11.4926 118.096
0 100 11.5558 118.116
0 100 11.5984 118.136
0 100 11.624 118.156
0 100 11.6393 118.176
0 100 11.6485 118.196
0 100 11.654 118.216
0 100 11.6573 118.236
0 100 11.6593 118.256
0 100 11.7867 118.776
0 100 11.8648 118.796
0 100 11.9255 118.816
0 100 12.0371 118.836
0 100 12.1836 118.856
0 100 12.4168 118.876
0 100 12.7299 118.896
0 100 13.0821 118.916
0 100 13.4819 118.936
0 100 13.9427 118.957
0 100 14.4537 118.976
0 100 15.0786 118.996
0 100 15.838 119.016
0 100 16.6798 119.036
0 100 17.5338 119.056
0 100 18.2914 119.076
0 100 18.9496 119.096
0 100 19.4156 119.116
0 100 19.6952 119.136
0 100 19.863 119.156
0 100 19.9637 119.176
0 100 20.1389 119.976
0 100 20.1389 119.996
0 100 20.1389 120.016
0 100 20.1389 120.036
0 100 20.1389 120.056
0 100 20.1389 120.076
0 100 20.1389 120.096
0 100 20.1676 120.116
0 100 20.242 120.136
0 100 20.3439 120.156
0 100 20.4336 120.176
0 100 20.5488 120.196
0 100 20.7037 120.216
0 100 20.8865 120.236
0 100 21.0909 120.256
0 100 21.337 120.276
0 100 21.6548 120.296
0 100 22.0298 120.316
0 100 22.4344 120.336
0 100 22.8573 120.356
0 100 23.2864 120.376
0 100 23.6857 120.396
0 100 24.0008 120.416
0 100 24.2227 120.436
0 100 24.3601 120.458
