0 -1.55436 -100 54.9968
0 -1.55456 -100 55.0168
0 -1.55468 -100 55.0368
0 -1.55475 -100 55.0568
0 -1.55479 -100 55.0767
0 -1.55482 -100 55.0967
0 -1.55483 -100 55.1169
0 -1.55484 -100 55.1368
0 -1.55485 -100 55.1568
0 -1.55485 -100 55.1769
0 -1.55485 -100 55.1967
0 -1.55032 -100 55.2168
0 -1.56539 -100 55.2368
0 -1.57444 -100 55.2568
0 -1.59766 -100 55.2769
0 -1.62941 -100 55.2968
0 -1.64845 -100 55.3169
0 -1.65988 -100 55.3368
0 -1.6622 -100 55.3568
0 -1.65906 -100 55.3768
0 -1.65265 -100 55.3969
0 -1.63972 -100 55.4168
0 -1.61835 -100 55.4369
0 -1.58735 -100 55.4568
0 -1.58203 -100 55.4768
0 -1.63237 -100 55.4968
0 -1.7519 -100 55.517
0 -1.87728 -100 55.5367
0 -1.9883 -100 55.5567
0 -2.07283 -100 55.5768
0 -2.12354 -100 55.5968
0 -2.14944 -100 55.6167
0 -2.17838 -100 55.6368
0 -2.24048 -100 55.6568
0 -2.32254 -100 55.6767
0 -2.41213 -100 55.6969
0 -2.52881 -100 55.7169
0 -2.66186 -100 55.7368
0 -2.80033 -100 55.7568
0 -2.94668 -100 55.777
0 -3.07524 -100 55.7968
0 -3.1887 -100 55.8167
0 -3.27051 -100 55.8369
0 -3.3152 -100 55.8567
0 -3.39213 -100 55.8768
0 -3.52046 -100 55.8967
0 -3.69366 -100 55.9167
0 -3.88511 -100 55.9369
0 -4.0924 -100 55.9567
0 -4.35093 -99.9687 55.9767
0 -4.63628 -99.8204 55.9967
0 -4.97096 -99.5786 56.0176
0 -5.32194 -99.296 56.037
0 -5.65256 -98.9627 56.0568
0 -5.95524 -98.5704 56.0767
0 -6.25192 -98.132 56.0972
0 -6.58817 -97.657 56.1167
0 -6.95251 -97.1919 56.1367
0 -7.33466 -96.7324 56.1567
0 -7.7449 -96.3184 56.1769
0 -8.16099 -95.9667 56.1967
0 -8.48911 -95.6856 56.2167
0 -8.7067 -95.4703 56.2367
0 -8.82385 -95.3177 56.2568
0 -8.8807 -95.2029 56.2767
0 -8.90586 -95.1185 56.2968
0 -8.91647 -95.0601 56.3167
0 -8.88712 -94.9899 56.3367
0 -8.82486 -94.9106 56.3569
0 -8.77553 -94.8277 56.3767
0 -8.73253 -94.7681 56.3968
0 -8.71266 -94.7147 56.4168
0 -8.68282 -94.665 56.4367
0 -8.66492 -94.6352 56.4569
0 -8.63624 -94.5997 56.4767
0 -8.58766 -94.551 56.4967
0 -8.56443 -94.504 56.5171
0 -8.60407 -94.4443 56.5367
0 -8.7636 -94.3533 56.5569
0 -8.99533 -94.2436 56.577
0 -9.21221 -94.1465 56.5967
0 -9.39181 -94.049 56.6167
0 -9.50112 -93.9511 56.6377
0 -9.57724 -93.8689 56.6567
0 -9.61393 -93.8038 56.6768
0 -9.63595 -93.7648 56.6967
0 -9.66867 -93.7335 56.7168
0 -9.72287 -93.6912 56.7369
0 -9.79446 -93.6501 56.7568
0 -9.84799 -93.6019 56.7768
0 -9.87114 -93.5573 56.7968
0 -9.90009 -93.5148 56.8168
0 -9.93417 -93.4478 56.8368
0 -9.90235 -93.3415 56.8568
0 -9.85367 -93.152 56.877
0 -9.80986 -92.8963 56.8968
0 -9.75684 -92.5642 56.9167
0 -9.68441 -92.1616 56.9371
0 -9.59849 -91.7421 56.9568
0 -9.5438 -91.2815 56.9767
0 -9.53231 -90.7954 56.9968
0 -9.513 -90.2907 57.0168
0 -9.52741 -89.7844 57.0367
0 -9.56986 -89.3054 57.0567
0 -9.60452 -88.8564 57.0768
0 -9.65015 -88.4224 57.0969
0 -9.66194 -88.0136 57.1167
0 -9.65333 -87.6194 57.1368
0 -9.59649 -87.2587 57.1568
0 -9.54346 -86.9474 57.1767
0 -9.48641 -86.6847 57.1969
0 -9.45514 -86.4721 57.2167
0 -9.43934 -86.2897 57.2367
0 -9.43134 -86.1528 57.2569
0 -9.40763 -86.0515 57.2768
0 -9.37449 -85.9717 57.2968
0 -9.34044 -85.9132 57.3167
0 -9.30731 -85.84 57.3368
0 -9.24952 -85.7578 57.3569
0 -9.18169 -85.6788 57.3768
0 -9.11259 -85.6102 57.3968
0 -9.04273 -85.5477 57.4168
0 -8.9866 -85.4996 57.4368
0 -8.95293 -85.4708 57.4569
0 -8.93272 -85.4535 57.4769
0 -8.9206 -85.4431 57.4968
0 -8.91332 -85.4369 57.5171
0 -8.90896 -85.4331 57.5368
0 -8.90634 -85.4309 57.5569
0 -8.90477 -85.4295 57.5767
0 -8.90382 -85.4287 57.5968
0 -8.92367 -85.4197 57.6169
0 -8.95601 -85.4058 57.6367
0 -8.9706 -85.389 57.6568
0 -8.97456 -85.3704 57.6768
0 -8.97693 -85.3593 57.6967
0 -8.97355 -85.3441 57.7168
0 -8.97153 -85.335 57.7368
0 -8.98594 -85.3126 57.7568
0 -8.98978 -85.2906 57.7768
0 -9.03297 -85.2604 57.7969
0 -9.07934 -85.2338 57.8168
0 -9.14328 -85.1923 57.8368
0 -9.22259 -85.1504 57.8569
0 -9.30635 -85.0998 57.8768
0 -9.38801 -85.0354 57.8968
0 -9.48896 -84.9544 57.9169
0 -9.59197 -84.8463 57.9368
0 -9.67092 -84.722 57.9568
0 -9.75122 -84.5712 57.9768
0 -9.8372 -84.4128 57.9968
0 -9.91081 -84.267 58.0168
0 -9.94693 -84.0568 58.0368
0 -9.95895 -83.7577 58.0568
0 -9.97717 -83.396 58.0768
0 -9.97986 -82.9766 58.0969
0 -9.91054 -82.548 58.1168
0 -9.82174 -82.1267 58.1368
0 -9.70354 -81.7553 58.157
0 -9.58204 -81.4248 58.1768
0 -9.45203 -81.1385 58.1968
0 -9.33776 -80.8699 58.2169
0 -9.18255 -80.5983 58.237
0 -9.00386 -80.296 58.2567
0 -8.85152 -79.986 58.2768
0 -8.72488 -79.6887 58.2968
0 -8.60722 -79.419 58.3168
0 -8.55056 -79.1879 58.3368
0 -8.5081 -79.0179 58.3568
0 -8.47759 -78.9071 58.3768
0 -8.4492 -78.8229 58.3968
0 -8.41702 -78.7458 58.4168
0 -8.38257 -78.6731 58.4368
0 -8.36786 -78.594 58.4568
0 -8.3388 -78.5114 58.4769
0 -8.33239 -78.4351 58.4968
0 -8.36073 -78.3536 58.5168
0 -8.41503 -78.2778 58.537
0 -8.50612 -78.1962 58.5568
0 -8.64057 -78.1022 58.5768
0 -8.79608 -77.9919 58.597
0 -8.98562 -77.8629 58.6168
0 -9.17443 -77.7317 58.6369
0 -9.34158 -77.6082 58.6568
0 -9.4958 -77.4894 58.6768
0 -9.60464 -77.4003 58.6968
0 -9.68627 -77.329 58.7168
0 -9.7566 -77.2771 58.7368
0 -9.73942 -77.2001 58.7568
0 -9.67761 -77.0582 58.7768
0 -9.54273 -76.8723 58.7969
0 -9.39503 -76.6536 58.8168
0 -9.21935 -76.3947 58.8369
0 -9.0365 -76.1141 58.8568
0 -8.90197 -75.8042 58.8768
0 -8.79118 -75.4672 58.8968
0 -8.70446 -75.1161 58.9169
0 -8.62689 -74.747 58.9368
0 -8.58279 -74.3364 58.9568
0 -8.59176 -73.8634 58.977
0 -8.60089 -73.3591 58.9968
0 -8.58953 -72.8143 59.0168
0 -8.57098 -72.2535 59.037
0 -8.54675 -71.7129 59.0568
0 -8.53087 -71.1715 59.077
0 -8.51743 -70.6906 59.0968
0 -8.48993 -70.2338 59.1168
0 -8.49564 -69.8335 59.1369
0 -8.48725 -69.4887 59.1568
0 -8.47572 -69.1864 59.1768
0 -8.48811 -68.924 59.1968
0 -8.51364 -68.7163 59.2168
0 -8.54171 -68.5322 59.2368
0 -8.57542 -68.4025 59.2568
0 -8.64011 -68.3054 59.2768
0 -8.69581 -68.228 59.2968
0 -8.77373 -68.1623 59.3176
0 -8.86502 -68.1035 59.3368
0 -8.96434 -68.049 59.3568
0 -9.0685 -67.997 59.3768
0 -9.1533 -67.9562 59.3969
0 -9.20417 -67.9317 59.4169
0 -9.257 -67.9074 59.4369
0 -9.2887 -67.8928 59.4568
0 -9.30771 -67.8841 59.4769
0 -9.31912 -67.8788 59.4968
0 -9.32063 -67.8662 59.5168
0 -9.32153 -67.8586 59.5369
0 -9.32208 -67.8541 59.5568
0 -9.31706 -67.8419 59.5768
0 -9.30871 -67.8251 59.5968
0 -9.30369 -67.815 59.6168
0 -9.29534 -67.7995 59.6368
0 -9.3073 -67.771 59.6568
0 -9.33144 -67.7349 59.6769
0 -9.34059 -67.7038 59.697
0 -9.36305 -67.666 59.7168
0 -9.39887 -67.6337 59.7371
0 -9.43736 -67.5952 59.7569
0 -9.47745 -67.5531 59.7768
0 -9.51852 -67.5087 59.7969
0 -9.54316 -67.482 59.8168
0 -9.58031 -67.4564 59.837
0 -9.62497 -67.4315 59.8568
0 -9.67414 -67.4069 59.8769
0 -9.70364 -67.3921 59.8979
0 -9.76611 -67.3641 59.9168
0 -9.82064 -67.3282 59.9369
0 -9.87576 -67.297 59.9568
0 -9.92057 -67.2498 59.9768
0 -9.96452 -67.2024 59.9968
0 -10.0251 -67.1358 60.0168
0 -10.0785 -67.0768 60.0369
0 -10.1277 -67.0223 60.0571
0 -10.1967 -66.961 60.0769
0 -10.2553 -66.9052 60.0969
0 -10.3354 -66.8525 60.1168
0 -10.4284 -66.8018 60.1369
0 -10.5239 -66.7428 60.1569
0 -10.6487 -66.6787 60.1769
0 -10.758 -66.6022 60.1969
0 -10.8859 -66.5183 60.2169
0 -11.025 -66.4298 60.2368
0 -11.1709 -66.3387 60.2576
0 -11.3156 -66.2366 60.2768
0 -11.4543 -66.1182 60.2969
0 -11.5896 -65.9902 60.3169
0 -11.6585 -65.8379 60.3368
0 -11.691 -65.6077 60.3568
0 -11.7139 -65.3182 60.3768
0 -11.6977 -64.9829 60.3968
0 -11.6594 -64.5882 60.4173
0 -11.5991 -64.2113 60.4368
0 -11.5537 -63.8449 60.4568
0 -11.533 -63.4972 60.4768
0 -11.531 -63.2022 60.4968
0 -11.5331 -62.9612 60.5169
0 -11.5431 -62.7621 60.537
0 -11.5332 -62.63 60.5569
0 -11.5502 -62.541 60.5769
0 -11.5604 -62.4877 60.5969
0 -11.5841 -62.4362 60.6169
0 -11.6213 -62.3957 60.6369
0 -11.6667 -62.3617 60.6568
0 -11.7168 -62.3316 60.6768
0 -11.77 -62.304 60.6969
0 -11.8018 -62.2873 60.7168
0 -11.844 -62.2677 60.7369
0 -11.8638 -62.2462 60.7569
0 -11.8758 -62.2333 60.7768
0 -11.9059 -62.2159 60.7969
0 -11.9186 -62.1957 60.8168
0 -11.9262 -62.1836 60.8368
0 -11.9538 -62.1667 60.8569
0 -11.9704 -62.1565 60.8768
0 -12.0034 -62.1408 60.8969
0 -12.0462 -62.1217 60.9169
0 -12.0895 -62.0909 60.9368
0 -12.1616 -62.0531 60.9569
0 -12.2402 -61.9917 60.9769
0 -12.3173 -61.9063 60.9969
0 -12.3935 -61.8065 61.0169
0 -12.4692 -61.6982 61.0369
0 -12.55 -61.5945 61.0568
0 -12.6163 -61.5129 61.0769
0 -12.6578 -61.4317 61.097
0 -12.6581 -61.3346 61.1169
0 -12.6177 -61.2152 61.1369
0 -12.5633 -61.0854 61.157
0 -12.4453 -60.9333 61.1769
0 -12.3051 -60.7809 61.1969
0 -12.1674 -60.641 61.2169
0 -12.0258 -60.4988 61.2369
0 -11.8977 -60.3682 61.2569
0 -11.817 -60.2474 61.2769
0 -11.7809 -60.1455 61.2969
0 -11.7604 -60.0352 61.3171
0 -11.7549 -59.9297 61.3369
0 -11.7638 -59.837 61.3569
0 -11.7869 -59.7618 61.3768
0 -11.8186 -59.697 61.3969
0 -11.8608 -59.6483 61.4169
0 -11.9039 -59.5995 61.4368
0 -11.9764 -59.5506 61.4569
0 -12.0144 -59.5115 61.4769
0 -12.055 -59.4684 61.4969
0 -12.0683 -59.4229 61.5169
0 -12.0941 -59.3761 61.537
0 -12.1219 -59.3186 61.5569
0 -12.1509 -59.2547 61.5769
0 -12.1861 -59.1968 61.597
0 -12.2251 -59.1425 61.6169
0 -12.2897 -59.0805 61.6369
0 -12.3284 -59.0433 61.6572
0 -12.375 -59.0112 61.6769
0 -12.4209 -58.9724 61.6969
0 -12.4484 -58.9491 61.7172
0 -12.4649 -58.9351 61.7369
0 -12.4693 -58.9169 61.7569
0 -12.4719 -58.906 61.7769
0 -12.468 -58.8897 61.7969
0 -12.4656 -58.8799 61.8171
0 -12.4642 -58.874 61.8369
0 -12.4867 -58.8607 61.8569
0 -12.4947 -58.843 61.8769
0 -12.4995 -58.8323 61.8969
0 -12.4969 -58.8162 61.9172
0 -12.5187 -58.7967 61.9369
0 -12.5263 -58.7752 61.957
0 -12.5432 -58.733 61.977
0 -12.5891 -58.6686 61.9969
0 -12.6001 -58.6008 62.017
0 -12.6246 -58.5405 62.0369
0 -12.6752 -58.4653 62.0569
0 -12.7234 -58.4006 62.0769
0 -12.7648 -58.3326 62.0972
0 -12.802 -58.2626 62.117
0 -12.8312 -58.1816 62.1369
0 -12.8902 -58.1037 62.1569
0 -12.9435 -58.0375 62.1772
0 -13.017 -57.9685 62.1969
0 -13.1026 -57.8978 62.2169
0 -13.19 -57.8163 62.2369
0 -13.2729 -57.7189 62.2569
0 -13.3532 -57.6118 62.277
0 -13.4556 -57.4891 62.2969
0 -13.5712 -57.3572 62.3169
0 -13.6786 -57.2062 62.3371
0 -13.7272 -56.9934 62.3569
0 -13.7478 -56.72 62.377
0 -13.759 -56.3866 62.3969
0 -13.7409 -56.0266 62.4169
0 -13.6962 -55.6133 62.4371
0 -13.6386 -55.195 62.4569
0 -13.56 -54.7872 62.4771
0 -13.4982 -54.3852 62.4969
0 -13.4243 -53.963 62.5169
0 -13.3727 -53.5279 62.5369
0 -13.3102 -53.095 62.5569
0 -13.2469 -52.6728 62.5771
0 -13.1978 -52.3044 62.5969
0 -13.1553 -52.002 62.6169
0 -13.1334 -51.7528 62.6369
0 -13.1278 -51.5794 62.6569
0 -13.1244 -51.4754 62.677
0 -13.1224 -51.4129 62.6969
0 -13.1453 -51.3653 62.7169
0 -13.1591 -51.3368 62.737
0 -13.1616 -51.3097 62.7569
0 -13.1574 -51.2835 62.7769
0 -13.1376 -51.2381 62.7972
0 -13.1201 -51.2009 62.8169
0 -13.1038 -51.1687 62.837
0 -13.1182 -51.1392 62.8569
0 -13.1509 -51.1113 62.877
0 -13.1948 -51.0845 62.8972
0 -13.2453 -51.0582 62.9169
0 -13.2756 -51.0424 62.9369
0 -13.2937 -51.033 62.957
0 -13.3046 -51.0273 62.9769
0 -13.3353 -51.0138 62.9972
0 -13.3538 -51.0057 63.0169
0 -13.389 -50.9907 63.037
0 -13.4586 -50.9614 63.0569
0 -13.5487 -50.9237 63.077
0 -13.627 -50.8909 63.0969
0 -13.7224 -50.8511 63.1172
0 -13.8039 -50.8171 63.1369
0 -13.877 -50.7867 63.157
0 -13.9451 -50.7584 63.177
0 -13.986 -50.7414 63.1969
0 -14.0048 -50.7212 63.217
0 -14.0161 -50.7091 63.2371
0 -14.0229 -50.7019 63.2569
0 -14.0269 -50.6975 63.2769
0 -14.0293 -50.6949 63.297
0 -14.0736 -50.6632 63.3169
0 -14.0944 -50.6343 63.337
0 -14.144 -50.5769 63.3569
0 -14.2109 -50.5024 63.377
0 -14.3125 -50.4077 63.397
0 -14.4164 -50.3209 63.4169
0 -14.546 -50.2288 63.4369
0 -14.6423 -50.1536 63.4572
0 -14.7188 -50.0884 63.4769
0 -14.759 -50.0394 63.4969
0 -14.8017 -49.99 63.5169
0 -14.8216 -49.9505 63.5371
0 -14.8279 -49.9168 63.5569
0 -14.856 -49.8866 63.577
0 -14.8671 -49.8585 63.597
0 -14.8681 -49.8317 63.6169
0 -14.8686 -49.8157 63.6369
0 -14.8633 -49.7961 63.657
0 -14.8543 -49.7745 63.6769
0 -14.8432 -49.7516 63.697
0 -14.8308 -49.7279 63.7171
0 -14.8234 -49.7138 63.7369
0 -14.8433 -49.6952 63.757
0 -14.8796 -49.674 63.7771
0 -14.9258 -49.6513 63.7969
0 -14.978 -49.6277 63.8169
0 -15.0092 -49.6135 63.8371
0 -15.0524 -49.595 63.8569
0 -15.0783 -49.5839 63.877
0 -15.1183 -49.5672 63.8971
0 -15.1423 -49.5572 63.9169
0 -15.1811 -49.5412 63.9369
0 -15.2043 -49.5316 63.9572
0 -15.2427 -49.5159 63.9769
0 -15.2658 -49.5064 63.997
0 -15.304 -49.4908 64.0169
0 -15.3702 -49.4515 64.037
0 -15.4343 -49.418 64.057
0 -15.5217 -49.378 64.0772
0 -15.6231 -49.3341 64.097
0 -15.7027 -49.2878 64.1171
0 -15.7692 -49.2402 64.1371
0 -15.8279 -49.1918 64.157
0 -15.8819 -49.1428 64.1771
0 -15.9086 -49.1035 64.197
0 -15.8711 -48.9928 64.217
0 -15.7481 -48.8251 64.237
0 -15.6393 -48.6174 64.257
0 -15.4977 -48.3813 64.2771
0 -15.3866 -48.171 64.297
0 -15.324 -47.9761 64.3171
0 -15.2926 -47.756 64.337
0 -15.2967 -47.5349 64.357
0 -15.3447 -47.3377 64.3769
0 -15.4171 -47.1891 64.397
0 -15.4794 -47.0799 64.4172
0 -15.5299 -46.9843 64.437
0 -15.5791 -46.9068 64.4571
0 -15.6086 -46.8604 64.4772
0 -15.6452 -46.8124 64.497
0 -15.6672 -46.7837 64.517
0 -15.7051 -46.7563 64.5369
0 -15.7525 -46.7299 64.557
0 -15.8057 -46.7039 64.577
0 -15.8376 -46.6884 64.597
0 -15.8757 -46.659 64.617
0 -15.9117 -46.6113 64.6372
0 -15.9275 -46.5727 64.657
0 -15.9254 -46.5296 64.677
0 -15.9067 -46.4738 64.6971
0 -15.8838 -46.4204 64.717
0 -15.8716 -46.3386 64.737
0 -15.8964 -46.2396 64.7571
0 -15.9433 -46.1303 64.777
0 -16.0036 -46.0149 64.7972
0 -16.1026 -45.8956 64.817
0 -16.2 -45.7841 64.837
0 -16.3214 -45.6672 64.857
0 -16.4264 -45.5474 64.877
0 -16.5276 -45.4356 64.8973
0 -16.6073 -45.3487 64.9172
0 -16.6992 -45.2665 64.9374
0 -16.7792 -45.2072 64.957
0 -16.8272 -45.1716 64.977
0 -16.8751 -45.1304 64.9973
0 -16.9288 -45.0956 65.0172
0 -16.9552 -45.0648 65.037
0 -16.971 -45.0464 65.057
0 -16.9747 -45.0255 65.0772
0 -16.971 -45.0031 65.097
0 -16.9572 -44.97 65.1171
0 -16.9313 -44.9207 65.137
0 -16.9173 -44.842 65.157
0 -16.8797 -44.7459 65.177
0 -16.8336 -44.6494 65.197
0 -16.8074 -44.5426 65.217
0 -16.7741 -44.4495 65.237
0 -16.7482 -44.3841 65.257
0 -16.7267 -44.3351 65.277
0 -16.7139 -44.3057 65.2971
0 -16.7062 -44.2881 65.317
0 -16.7015 -44.2776 65.3371
0 -16.6988 -44.2712 65.357
0 -16.6971 -44.2674 65.3772
0 -16.6961 -44.2651 65.397
0 -16.7205 -44.2536 65.417
0 -16.7351 -44.2467 65.437
0 -16.7689 -44.2324 65.4571
0 -16.7892 -44.2238 65.477
0 -16.8013 -44.2187 65.4972
0 -16.8027 -44.2059 65.517
0 -16.8036 -44.1983 65.537
0 -16.8041 -44.1937 65.5571
0 -16.8044 -44.1909 65.577
0 -16.8046 -44.1893 65.5971
0 -16.8297 -44.1782 65.617
0 -16.8448 -44.1715 65.637
0 -16.8538 -44.1675 65.6578
0 -16.8842 -44.1549 65.677
0 -16.9275 -44.1373 65.697
0 -16.9726 -44.1069 65.717
0 -16.9938 -44.079 65.737
0 -17.0315 -44.0522 65.757
0 -17.0542 -44.036 65.777
0 -17.0869 -44.0066 65.797
0 -17.1316 -43.9788 65.817
0 -17.2026 -43.9323 65.837
0 -17.2586 -43.875 65.857
0 -17.3364 -43.8107 65.877
0 -17.3964 -43.7428 65.897
0 -17.4457 -43.6727 65.9171
0 -17.4635 -43.6114 65.937
0 -17.4624 -43.5554 65.957
0 -17.4809 -43.5022 65.977
0 -17.4861 -43.4606 65.997
0 -17.4834 -43.4261 66.017
0 -17.4758 -43.3958 66.037
0 -17.4594 -43.3585 66.057
0 -17.4319 -43.3075 66.077
0 -17.4035 -43.2579 66.097
0 -17.3865 -43.2281 66.1172
0 -17.3763 -43.2103 66.137
0 -17.3953 -43.1894 66.157
0 -17.4067 -43.1769 66.1772
0 -17.4135 -43.1694 66.197
0 -17.4428 -43.1547 66.217
0 -17.4854 -43.1358 66.237
0 -17.5362 -43.1143 66.2572
0 -17.5859 -43.0817 66.2771
0 -17.6349 -43.0425 66.297
0 -17.6895 -43.0089 66.3172
0 -17.7223 -42.9887 66.337
0 -17.7671 -42.9665 66.3571
0 -17.8192 -42.943 66.3773
0 -17.8504 -42.9289 66.3971
0 -17.8884 -42.9009 66.4171
0 -17.8967 -42.8337 66.437
0 -17.8613 -42.6868 66.457
0 -17.7828 -42.4769 66.477
0 -17.6782 -42.229 66.4972
0 -17.5155 -41.9534 66.5172
0 -17.3578 -41.7014 66.537
0 -17.2201 -41.479 66.557
0 -17.1115 -41.2896 66.5772
0 -17.0292 -41.1607 66.5971
0 -16.9799 -41.0834 66.617
0 -16.9502 -41.037 66.6373
0 -16.9325 -41.0092 66.6573
0 -16.9218 -40.9925 66.6771
0 -16.9154 -40.9824 66.6971
0 -16.8996 -40.9569 66.7171
0 -16.8721 -40.9123 66.7371
0 -16.8437 -40.8661 66.757
0 -16.8146 -40.819 66.7773
0 -16.8165 -40.7707 66.7971
0 -16.8116 -40.732 66.8172
0 -16.8027 -40.6991 66.837
0 -16.7973 -40.6794 66.8571
0 -16.7941 -40.6676 66.8772
0 -16.7922 -40.6605 66.897
0 -16.791 -40.6562 66.9171
0 -16.7903 -40.6536 66.9371
0 -16.7779 -40.6328 66.957
0 -16.7644 -40.6106 66.977
0 -16.7503 -40.5876 66.9971
0 -16.7238 -40.5449 67.0171
0 -16.6838 -40.4808 67.037
0 -16.6478 -40.4232 67.0571
0 -16.6141 -40.3695 67.0771
0 -16.5131 -40.2566 67.0972
0 -16.3139 -40.0526 67.1171
0 -16.0727 -39.8094 67.1371
0 -15.8141 -39.5169 67.1573
0 -15.5529 -39.1688 67.177
0 -15.3071 -38.8026 67.1971
0 -15.1131 -38.4301 67.2171
0 -14.9789 -38.0745 67.2372
0 -14.9357 -37.7529 67.257
0 -14.974 -37.5083 67.277
0 -15.0675 -37.3198 67.2973
0 -15.1747 -37.1853 67.3171
0 -15.2646 -37.094 67.337
0 -15.3441 -37.0285 67.3571
0 -15.3918 -36.9892 67.3771
0 -15.4204 -36.9656 67.397
0 -15.4376 -36.9515 67.4171
0 -15.4479 -36.943 67.4373
0 -15.4541 -36.9379 67.4571
0 -15.4516 -36.9251 67.4771
0 -15.444 -36.9077 67.4974
0 -15.4394 -36.8973 67.5171
0 -15.4367 -36.891 67.5371
0 -15.435 -36.8872 67.5571
0 -15.434 -36.885 67.5771
0 -15.4334 -36.8836 67.5971
0 -15.4269 -36.8731 67.617
0 -15.423 -36.8668 67.6371
0 -15.4207 -36.863 67.6573
0 -15.4193 -36.8607 67.6771
0 -15.4184 -36.8593 67.6971
0 -15.4179 -36.8585 67.7171
0 -15.4114 -36.8483 67.7371
0 -15.4076 -36.8422 67.7571
0 -15.4052 -36.8385 67.7771
0 -15.3977 -36.8266 67.7973
0 -15.3931 -36.8194 67.8171
0 -15.3904 -36.8151 67.8371
0 -15.3826 -36.8029 67.8573
0 -15.3594 -36.7664 67.8771
0 -15.3269 -36.7156 67.8971
0 -15.2765 -36.637 67.9172
0 -15.2153 -36.5419 67.9371
0 -15.1413 -36.4276 67.9572
0 -15.0659 -36.3115 67.9771
0 -14.9894 -36.1946 67.9971
0 -14.9186 -36.0869 68.0176
0 -14.8637 -36.0034 68.0371
0 -14.8307 -35.9534 68.0571
0 -14.8109 -35.9233 68.0771
0 -14.7815 -35.8897 68.0973
0 -14.6762 -35.7913 68.1171
0 -14.5427 -35.6699 68.1371
0 -14.3747 -35.5192 68.1572
0 -14.1972 -35.3571 68.1771
0 -14.0202 -35.1978 68.1972
0 -13.8485 -35.0366 68.2171
0 -13.7039 -34.8994 68.2371
0 -13.5691 -34.7671 68.2571
0 -13.4756 -34.6688 68.2771
0 -13.4069 -34.5908 68.2972
0 -13.3467 -34.5157 68.3171
0 -13.2853 -34.4329 68.3372
0 -13.2294 -34.3551 68.3571
0 -13.1832 -34.2896 68.3771
0 -13.1492 -34.241 68.3973
0 -13.116 -34.1932 68.4171
0 -13.0835 -34.1458 68.4371
0 -13.0512 -34.0988 68.4573
0 -13.0255 -34.0613 68.4771
0 -13.0101 -34.0388 68.4971
0 -12.9945 -34.016 68.5171
0 -12.9851 -34.0023 68.5371
0 -12.9795 -33.9941 68.5571
0 -12.9761 -33.9892 68.5772
0 -12.9741 -33.9862 68.5971
0 -12.9729 -33.9844 68.6171
0 -12.9721 -33.9834 68.6371
0 -12.9717 -33.9827 68.6573
0 -12.9714 -33.9824 68.6772
0 -12.9713 -33.9821 68.6971
0 -12.9712 -33.982 68.7173
0 -12.9711 -33.9819 68.7372
0 -12.9711 -33.9819 68.7572
0 -12.9711 -33.9818 68.7772
0 -12.9711 -33.9818 68.7971
0 -12.971 -33.9818 68.8171
0 -12.971 -33.9818 68.8371
0 -12.971 -33.9818 68.8573
1 -5.46612 -28.8945 70.4362
1 -5.45532 -28.8787 70.4563
1 -5.44884 -28.8693 70.4761
1 -5.44495 -28.8636 70.4961
1 -5.43596 -28.8505 70.5162
1 -5.43057 -28.8427 70.5362
1 -5.42733 -28.838 70.5562
1 -5.42539 -28.8352 70.5762
1 -5.42422 -28.8335 70.5962
1 -5.42352 -28.8324 70.6162
1 -5.4231 -28.8318 70.6362
1 -5.40953 -28.8121 70.6562
1 -5.38805 -28.781 70.6762
1 -5.32274 -28.7362 70.6962
1 -5.24446 -28.7025 70.7162
1 -5.1584 -28.6756 70.7362
1 -5.06767 -28.6527 70.7563
1 -4.90027 -28.5729 70.7763
1 -4.66826 -28.4442 70.7962
1 -4.33499 -28.2325 70.8162
1 -3.89622 -27.9692 70.8362
1 -3.3818 -27.6706 70.8562
1 -2.78401 -27.3226 70.8762
1 -2.13541 -26.946 70.8963
1 -1.49321 -26.5823 70.9162
1 -0.873154 -26.2416 70.9362
1 -0.303659 -25.9067 70.9563
1 0.223707 -25.6175 70.9762
1 0.681367 -25.357 70.9962
1 1.05939 -25.1423 71.0164
1 1.37766 -24.9598 71.0362
1 1.68584 -24.8101 71.0562
1 1.93634 -24.6908 71.0762
1 2.13866 -24.5717 71.0962
1 2.30513 -24.4622 71.1162
1 2.47581 -24.3721 71.1362
1 2.63546 -24.2755 71.1564
1 2.77642 -24.1797 71.1769
1 2.90619 -24.0843 71.1962
1 3.06709 -23.9984 71.2162
1 3.20188 -23.9186 71.2367
1 3.37286 -23.8326 71.2569
1 3.60344 -23.7522 71.2768
1 3.82499 -23.6758 71.2964
1 4.0668 -23.6155 71.3164
1 4.29516 -23.5514 71.3362
1 4.56035 -23.4849 71.3564
1 4.84769 -23.4174 71.3764
1 5.12277 -23.3356 71.3965
1 5.41617 -23.2592 71.4164
1 5.72769 -23.1768 71.4364
1 6.02375 -23.1143 71.4562
1 6.34409 -23.0309 71.4766
1 6.67817 -22.9727 71.4963
1 7.01435 -22.902 71.5164
1 7.35086 -22.8617 71.5364
1 7.66918 -22.8157 71.5565
1 7.98269 -22.7945 71.5768
1 8.26175 -22.746 71.5963
1 8.52734 -22.6716 71.6165
1 8.76543 -22.5952 71.6363
1 8.98823 -22.4801 71.6562
1 9.22144 -22.3285 71.6764
1 9.44149 -22.1684 71.6964
1 9.66608 -21.9996 71.7164
1 9.89349 -21.8257 71.7365
1 10.1227 -21.6487 71.7562
1 10.3655 -21.4663 71.7764
1 10.6362 -21.2677 71.7964
1 10.9042 -21.0727 71.8166
1 11.1903 -20.8669 71.8369
1 11.4554 -20.6713 71.8564
1 11.7531 -20.4838 71.8768
1 12.0567 -20.3425 71.8964
1 12.3111 -20.2368 71.9165
1 12.5362 -20.1526 71.9362
1 12.7238 -20.0943 71.9562
1 12.8889 -20.0517 71.9762
1 13.0406 -20.0184 71.9963
1 13.1769 -20.0006 72.0162
1 13.2842 -20.0049 72.0363
1 13.3683 -19.9946 72.0563
1 13.484 -19.9775 72.0763
1 13.6003 -19.9317 72.0963
1 13.7352 -19.8935 72.1163
1 13.9142 -19.8654 72.1362
1 14.1121 -19.8531 72.1563
1 14.3288 -19.8409 72.1762
1 14.5748 -19.8536 72.1962
1 14.8329 -19.8535 72.2163
1 15.1255 -19.8235 72.2364
1 15.419 -19.7884 72.2563
1 15.731 -19.7756 72.2763
1 16.054 -19.7764 72.2964
1 16.409 -19.8012 72.3164
1 16.7631 -19.8532 72.3364
1 17.0914 -19.9062 72.3564
1 17.4115 -19.9504 72.3763
1 17.7192 -19.999 72.3963
1 17.9795 -20.0753 72.4163
1 18.2387 -20.1463 72.4364
1 18.4645 -20.208 72.4564
1 18.6452 -20.2485 72.4764
1 18.7862 -20.279 72.4964
1 18.8708 -20.2973 72.5164
1 18.9467 -20.3241 72.5363
1 18.9923 -20.3402 72.5564
1 19.0196 -20.3498 72.5764
1 19.036 -20.3556 72.5964
1 19.0458 -20.359 72.6164
1 19.0591 -20.3516 72.6364
1 19.0671 -20.3471 72.6564
1 19.0719 -20.3444 72.6764
1 19.0748 -20.3428 72.6964
1 19.0766 -20.3418 72.7163
1 19.1027 -20.3571 72.7363
1 19.1184 -20.3662 72.7564
1 19.153 -20.3875 72.7764
1 19.1737 -20.4003 72.7964
1 19.1936 -20.3984 72.8164
1 19.2055 -20.3973 72.8364
1 19.2127 -20.3967 72.8564
1 19.217 -20.3963 72.8763
1 19.2196 -20.396 72.8963
1 19.2211 -20.3959 72.9163
1 19.222 -20.3958 72.9388
1 19.2226 -20.3957 72.9563
1 19.2229 -20.3957 72.9763
1 19.2231 -20.3957 72.9964
1 19.2232 -20.3957 73.0163
1 19.2307 -20.3862 73.0363
1 19.2352 -20.3804 73.0564
1 19.2379 -20.377 73.0764
1 19.247 -20.3655 73.0964
1 19.2599 -20.349 73.1164
1 19.275 -20.3297 73.1364
1 19.299 -20.2992 73.1564
1 19.3283 -20.262 73.1766
1 19.3533 -20.2302 73.1964
1 19.3683 -20.2111 73.2164
1 19.3773 -20.1997 73.2364
1 19.3827 -20.1929 73.2564
1 19.3859 -20.1887 73.2764
1 19.3879 -20.1863 73.2964
1 19.389 -20.1848 73.3164
1 19.4098 -20.1715 73.3364
1 19.4623 -20.1389 73.3564
1 19.534 -20.0946 73.3764
1 19.6045 -20.0463 73.3964
1 19.6944 -19.9832 73.4164
1 19.8086 -19.9084 73.4364
1 19.965 -19.805 73.4566
1 20.1267 -19.6967 73.4763
1 20.2991 -19.5761 73.4963
1 20.4503 -19.4698 73.5163
1 20.5762 -19.3749 73.5364
1 20.6793 -19.2963 73.5564
1 20.7764 -19.218 73.5765
1 20.8623 -19.1494 73.5963
1 20.9415 -19.0865 73.6163
1 21.0167 -19.0272 73.6363
1 21.0821 -18.9794 73.6563
1 21.1415 -18.9385 73.6763
1 21.2048 -18.8924 73.6963
1 21.2982 -18.8215 73.7163
1 21.4098 -18.7358 73.7363
1 21.5322 -18.6412 73.7563
1 21.6612 -18.5413 73.7763
1 21.774 -18.4504 73.7963
1 21.8416 -18.3959 73.8163
1 21.9227 -18.3389 73.8363
1 21.9991 -18.2832 73.8563
1 22.0728 -18.2282 73.8763
1 22.1171 -18.1952 73.8963
1 22.1511 -18.1661 73.9164
1 22.1716 -18.1486 73.9364
1 22.1838 -18.1381 73.9563
1 22.1912 -18.1318 73.9765
1 22.2208 -18.1443 73.9963
1 22.2663 -18.1304 74.0163
1 22.3215 -18.1005 74.0363
1 22.3825 -18.0611 74.0564
1 22.4672 -18.0039 74.0763
1 22.5459 -17.9481 74.0963
1 22.6413 -17.8811 74.1165
1 22.7264 -17.8194 74.1363
1 22.7978 -17.7703 74.1563
1 22.8482 -17.7316 74.1763
1 22.8785 -17.7083 74.1963
1 22.8966 -17.6943 74.2163
1 22.9327 -17.7024 74.2363
1 22.995 -17.6831 74.2563
1 23.073 -17.6474 74.2763
1 23.1606 -17.602 74.2965
1 23.2614 -17.5413 74.3163
1 23.3702 -17.4715 74.3363
1 23.4887 -17.4248 74.3563
1 23.6128 -17.3921 74.3763
1 23.7125 -17.389 74.3963
1 23.8225 -17.4203 74.4163
1 23.9388 -17.4723 74.4363
1 24.0587 -17.5367 74.4563
1 24.2013 -17.5967 74.4764
1 24.3778 -17.6422 74.4963
1 24.5542 -17.691 74.5163
1 24.7714 -17.7182 74.5363
1 24.9926 -17.7444 74.5563
1 25.2162 -17.7701 74.5764
1 25.4208 -17.8074 74.5963
1 25.6095 -17.8231 74.6163
1 25.7931 -17.8545 74.6363
1 25.9033 -17.8734 74.6563
1 25.9694 -17.8847 74.6764
1 26.009 -17.8915 74.6963
1 26.0328 -17.8955 74.7163
1 26.0471 -17.898 74.7363
1 26.0557 -17.8994 74.7565
1 26.0608 -17.9003 74.7763
1 26.0639 -17.9009 74.7964
1 26.0658 -17.9012 74.8165
1 26.0669 -17.9014 74.8363
1 26.0675 -17.9015 74.8565
1 26.0679 -17.9015 74.8764
1 26.0682 -17.9016 74.8963
1 26.0683 -17.9016 74.9163
1 26.0684 -17.9016 74.9363
1 26.0685 -17.9016 74.9565
1 26.0685 -17.9016 74.9763
1 26.0685 -17.9016 74.9963
1 26.0685 -17.9016 75.0163
1 26.0685 -17.9016 75.0364
1 26.0685 -17.9016 75.0563
1 26.0685 -17.9016 75.0764
1 26.0685 -17.9016 75.0963
1 26.0685 -17.9016 75.1163
1 26.0685 -17.9016 75.1363
1 26.0685 -17.9016 75.1563
1 26.0685 -17.9016 75.1764
1 26.0685 -17.9016 75.1963
1 26.0685 -17.9016 75.2164
1 26.0685 -17.9016 75.2364
1 26.0685 -17.9016 75.2563
1 26.0685 -17.9016 75.2764
1 26.0685 -17.9016 75.2964
1 26.0685 -17.9016 75.3164
1 26.0685 -17.9016 75.3365
1 26.0685 -17.9016 75.3563
1 26.0685 -17.9016 75.3763
1 26.0685 -17.9016 75.3964
1 26.0685 -17.9016 75.4164
1 26.0685 -17.9016 75.4364
1 26.0685 -17.9016 75.4563
1 26.0685 -17.9016 75.4763
1 26.0685 -17.9016 75.4965
1 26.0685 -17.9016 75.5163
1 26.0685 -17.9016 75.5364
1 26.0685 -17.9016 75.5563
1 26.0685 -17.9016 75.5763
1 26.0685 -17.9016 75.5963
1 26.0685 -17.9016 75.6163
1 26.0685 -17.9016 75.6363
1 26.0685 -17.9016 75.6563
1 26.0685 -17.9016 75.6765
1 26.0685 -17.9016 75.6963
1 26.0685 -17.9016 75.7163
1 26.0685 -17.9016 75.7364
1 26.0685 -17.9016 75.7563
1 26.0685 -17.9016 75.7763
1 26.0685 -17.9016 75.7965
1 26.0685 -17.9016 75.8163
1 26.0685 -17.9016 75.8363
1 26.0685 -17.9016 75.8563
1 26.0762 -17.8924 75.8763
1 26.0884 -17.8775 75.8963
1 26.0957 -17.8686 75.9171
1 26.1001 -17.8632 75.9363
1 26.1027 -17.86 75.9564
1 26.1119 -17.8488 75.9763
1 26.1174 -17.8421 75.9963
1 26.1207 -17.8381 76.0165
1 26.1227 -17.8357 76.0363
1 26.1239 -17.8342 76.0564
1 26.1246 -17.8334 76.0763
1 26.1251 -17.8328 76.0963
1 26.1253 -17.8325 76.1165
1 26.1255 -17.8323 76.1364
1 26.1256 -17.8322 76.1565
1 26.1256 -17.8322 76.1764
1 26.1257 -17.8321 76.1964
1 26.1257 -17.8321 76.2164
1 26.1257 -17.8321 76.2365
1 26.1257 -17.8321 76.2565
1 26.1257 -17.8321 76.2764
1 26.1257 -17.8321 76.2964
1 26.1257 -17.8321 76.3164
1 26.1257 -17.8321 76.3363
1 26.1257 -17.8321 76.3564
1 26.1257 -17.8321 76.3766
1 26.1257 -17.8321 76.3964
1 26.1257 -17.8321 76.4164
1 26.1257 -17.8321 76.4364
1 26.1257 -17.8321 76.4564
1 26.1257 -17.8321 76.4763
1 26.1257 -17.8321 76.4964
1 26.1257 -17.8321 76.5164
1 26.1257 -17.8321 76.5363
1 26.1257 -17.8321 76.5565
1 26.1257 -17.8321 76.5764
1 26.1257 -17.8321 76.5964
1 26.1257 -17.8321 76.6166
1 26.1257 -17.8321 76.6364
1 26.1257 -17.8321 76.6565
1 26.1257 -17.8321 76.6763
1 26.1257 -17.8321 76.6964
1 26.1257 -17.8321 76.7163
1 26.1257 -17.8321 76.7364
1 26.1257 -17.8321 76.7564
1 26.1257 -17.8321 76.7765
1 26.1257 -17.8321 76.7963
1 26.1257 -17.8321 76.8164
1 26.1257 -17.8321 76.8365
1 26.1257 -17.8321 76.8564
1 26.1257 -17.8321 76.8764
1 26.1257 -17.8321 76.8966
1 26.1257 -17.8321 76.9163
1 26.1257 -17.8321 76.9364
1 26.1257 -17.8321 76.9565
1 26.1257 -17.8321 76.9763
1 26.1257 -17.8321 76.9964
1 26.1257 -17.8321 77.0166
1 26.1257 -17.8321 77.0364
1 26.1257 -17.8321 77.0564
1 26.1333 -17.8228 77.0764
1 26.1379 -17.8172 77.0964
1 26.1407 -17.8139 77.1164
1 26.1423 -17.8119 77.1364
1 26.1433 -17.8107 77.1564
1 26.1439 -17.81 77.1765
1 26.1443 -17.8096 77.1964
1 26.1445 -17.8093 77.2167
1 26.1446 -17.8091 77.2364
1 26.1447 -17.8091 77.2564
1 26.1447 -17.809 77.2764
1 26.1447 -17.809 77.2964
1 26.1448 -17.8089 77.3165
1 26.1448 -17.8089 77.3364
1 26.1448 -17.8089 77.3565
1 26.1448 -17.8089 77.3767
1 26.1448 -17.8089 77.3964
1 26.1448 -17.8089 77.4164
1 26.1448 -17.8089 77.4364
1 26.1448 -17.8089 77.4564
1 26.1448 -17.8089 77.4766
1 26.1448 -17.8089 77.4964
1 26.1698 -17.8258 77.5164
1 26.2333 -17.8033 77.5366
1 26.3533 -17.7431 77.5574
1 26.4944 -17.6628 77.5764
1 26.6611 -17.5682 77.5964
1 26.8759 -17.4728 77.6165
1 27.0913 -17.398 77.6365
1 27.3071 -17.3356 77.6564
1 27.5438 -17.2694 77.6765
1 27.727 -17.2068 77.6971
1 27.9107 -17.1542 77.7165
1 28.0664 -17.1284 77.7364
1 28.1805 -17.1015 77.7564
1 28.2738 -17.1025 77.7764
1 28.3504 -17.0918 77.7964
1 28.417 -17.074 77.8164
1 28.5025 -17.0691 77.8364
1 28.5744 -17.0548 77.8564
1 28.6381 -17.035 77.8764
1 28.697 -17.0117 77.8965
1 28.7529 -16.9865 77.9164
1 28.7865 -16.9713 77.9364
1 28.8066 -16.9622 77.9564
1 28.8187 -16.9568 77.9764
1 28.8337 -16.9441 77.9965
1 28.8633 -16.9253 78.0164
1 28.9016 -16.9026 78.0364
1 28.9737 -16.8571 78.0564
1 29.0659 -16.7979 78.0764
1 29.1702 -16.7305 78.0966
1 29.3274 -16.6643 78.1164
1 29.4709 -16.5927 78.1364
1 29.619 -16.5162 78.1567
1 29.77 -16.4369 78.1764
1 29.9305 -16.3464 78.1966
1 30.0889 -16.2588 78.2164
1 30.2747 -16.1525 78.2364
1 30.4485 -16.0555 78.2564
1 30.6151 -15.9643 78.2764
1 30.7358 -15.8986 78.2965
1 30.829 -15.8481 78.3165
1 30.885 -15.8179 78.3364
1 30.9185 -15.7997 78.3564
1 30.9387 -15.7888 78.3766
1 30.9507 -15.7823 78.3964
1 30.958 -15.7784 78.4164
1 30.9623 -15.776 78.4364
1 30.9649 -15.7746 78.4564
1 30.9873 -15.7628 78.4764
1 31.0085 -15.7462 78.4965
1 31.0212 -15.7362 78.5164
1 31.0288 -15.7303 78.5364
1 31.0334 -15.7267 78.5565
1 31.0361 -15.7245 78.5765
1 31.0377 -15.7232 78.5966
1 31.0387 -15.7225 78.6164
1 31.0393 -15.722 78.6364
1 31.0397 -15.7217 78.6566
1 31.0399 -15.7216 78.6764
1 31.04 -15.7215 78.6964
1 31.0401 -15.7214 78.7164
1 31.0401 -15.7214 78.7364
1 31.0402 -15.7213 78.7566
1 31.0402 -15.7213 78.7765
0 31.0954 -15.4634 80.1565
0 31.0933 -15.4466 80.1766
0 31.0671 -15.4189 80.1965
0 31.0591 -15.3929 80.2165
0 31.0294 -15.3598 80.2365
0 31.0115 -15.3399 80.2565
0 30.9759 -15.3105 80.2765
0 30.9373 -15.2659 80.2966
0 30.8892 -15.2216 80.3164
0 30.8431 -15.1681 80.3365
0 30.7983 -15.109 80.3565
0 30.7869 -15.0549 80.3765
0 30.7455 -14.9685 80.3965
0 30.6785 -14.8723 80.4167
0 30.6038 -14.7608 80.4365
0 30.5417 -14.667 80.4566
0 30.4698 -14.557 80.4765
0 30.4094 -14.4641 80.4965
0 30.3308 -14.364 80.5165
0 30.2664 -14.2771 80.5365
0 30.2277 -14.225 80.5566
0 30.2122 -14.1844 80.5765
0 30.2029 -14.16 80.5965
0 30.1974 -14.1454 80.6166
0 30.194 -14.1366 80.6365
0 30.192 -14.1313 80.6566
0 30.3385 -19.1793 83.2966
0 30.3449 -19.1715 83.3166
0 30.3488 -19.1668 83.3366
0 30.3511 -19.1639 83.3566
0 30.3525 -19.1623 83.3766
0 30.3533 -19.1612 83.3966
0 30.3538 -19.1606 83.4168
0 30.3541 -19.1603 83.4366
0 30.3543 -19.16 83.4566
0 30.3544 -19.1599 83.4766
0 30.3545 -19.1598 83.4966
0 30.3545 -19.1598 83.5166
0 30.3545 -19.1598 83.5366
0 30.3546 -19.1597 83.5567
0 30.3546 -19.1597 83.5766
0 30.3546 -19.1597 83.5966
0 30.3546 -19.1597 83.6167
0 30.3546 -19.1597 83.6366
0 30.3623 -19.1504 83.6567
0 30.3669 -19.1448 83.6766
0 30.3697 -19.1414 83.6966
0 30.3713 -19.1394 83.7166
0 30.3723 -19.1382 83.7366
0 30.3806 -19.1282 83.7566
0 30.3933 -19.1128 83.7767
0 30.4086 -19.0943 83.7966
0 30.4254 -19.0739 83.8166
0 30.4109 -19.0444 83.8366
0 30.4022 -19.0266 83.8566
0 30.3969 -19.016 83.8766
0 30.3691 -18.9923 83.8966
0 30.3524 -18.9781 83.9166
0 30.3424 -18.9695 83.9366
0 30.3364 -18.9644 83.9566
0 30.3328 -18.9613 83.9766
0 30.3307 -18.9595 83.9966
0 30.3371 -18.9491 84.0166
0 30.3409 -18.9429 84.0366
0 30.3432 -18.9391 84.0566
0 30.3199 -18.9196 84.0773
0 30.2813 -18.8905 84.0968
0 30.2087 -18.8385 84.1166
0 30.1404 -18.79 84.1366
0 30.0578 -18.717 84.1566
0 29.9664 -18.6294 84.1766
0 29.9022 -18.5409 84.1967
0 29.8219 -18.444 84.2167
0 29.749 -18.3685 84.2366
0 29.6881 -18.2967 84.2567
0 29.6345 -18.2271 84.2766
0 29.593 -18.1494 84.2966
0 29.5432 -18.0856 84.3166
0 29.4963 -18.0207 84.3366
0 29.4681 -17.9818 84.3568
0 29.4341 -17.9319 84.3766
0 29.3889 -17.8847 84.3967
0 29.3695 -17.8471 84.4166
0 29.3655 -17.8153 84.4366
0 29.346 -17.7696 84.4568
0 29.3343 -17.7423 84.4766
0 29.3272 -17.7258 84.4966
0 29.2982 -17.6987 84.5167
0 29.2885 -17.6732 84.5366
0 29.2826 -17.6579 84.5566
0 29.2543 -17.6314 84.5768
0 29.2373 -17.6155 84.5966
0 29.2271 -17.606 84.6166
0 29.221 -17.6003 84.6366
0 29.1924 -17.5796 84.6566
0 29.183 -17.558 84.6767
0 29.1851 -17.5357 84.6966
0 29.1863 -17.5223 84.7166
0 29.187 -17.5143 84.737
0 29.1875 -17.5095 84.7567
0 29.1877 -17.5066 84.7766
0 29.1879 -17.5049 84.7967
0 29.188 -17.5038 84.8166
0 29.188 -17.5032 84.8368
0 29.1881 -17.5028 84.8566
0 29.1632 -17.4854 84.8766
0 29.1235 -17.4577 84.8966
0 29.0748 -17.4238 84.9166
0 28.9958 -17.369 84.9367
0 28.9235 -17.3189 84.9566
0 28.8878 -17.2796 84.9766
0 28.8415 -17.2388 84.9966
0 28.7965 -17.1878 85.0166
0 28.7695 -17.1572 85.0366
0 28.7533 -17.1389 85.0568
0 28.7436 -17.1279 85.0766
0 28.7378 -17.1213 85.0967
0 28.7094 -17.1001 85.1168
0 28.6923 -17.0874 85.1366
0 28.6572 -17.0626 85.1566
0 28.6189 -17.0212 85.1766
0 28.5787 -16.9699 85.1966
0 28.52 -16.8862 85.2167
0 28.4426 -16.7923 85.2366
0 28.3366 -16.6658 85.2566
0 28.2384 -16.5371 85.2767
0 28.1448 -16.407 85.2966
0 28.0746 -16.2645 85.3167
0 27.9901 -16.1355 85.3368
0 27.9144 -16.0409 85.3566
0 27.8516 -15.9577 85.3767
0 27.7888 -15.8906 85.3966
0 27.7338 -15.824 85.4166
0 27.7084 -15.7747 85.4368
0 27.6932 -15.7452 85.4566
0 27.659 -15.7103 85.4767
0 27.6385 -15.6894 85.4966
0 27.6262 -15.6768 85.5167
0 27.6265 -15.6601 85.5368
0 27.6344 -15.6407 85.5566
0 27.6391 -15.6291 85.5767
0 27.6419 -15.6222 85.5967
0 27.6185 -15.6009 85.6167
0 27.5794 -15.5709 85.6367
0 27.5308 -15.5358 85.6568
0 27.4766 -15.4976 85.6766
0 27.4189 -15.4576 85.6966
0 27.3669 -15.4072 85.7167
0 27.3433 -15.3677 85.7366
0 27.3369 -15.3348 85.7566
0 27.3614 -15.2941 85.7768
0 27.4121 -15.2395 85.7966
0 27.4426 -15.2068 85.8167
0 27.4608 -15.1872 85.8366
0 27.4718 -15.1754 85.8567
0 27.4784 -15.1683 85.8768
0 27.4823 -15.1641 85.8967
0 27.4847 -15.1615 85.9167
0 27.4861 -15.16 85.9368
0 27.4869 -15.1591 85.9567
0 27.4951 -15.1493 85.9767
0 27.4749 -15.1263 85.9968
0 27.4628 -15.1125 86.0166
0 27.4555 -15.1042 86.0367
0 27.4512 -15.0992 86.0568
0 27.4486 -15.0963 86.0766
0 27.447 -15.0945 86.0967
0 27.446 -15.0934 86.1166
0 27.4455 -15.0927 86.1366
0 27.4451 -15.0924 86.1569
0 27.4449 -15.0921 86.1767
0 27.4525 -15.0828 86.1967
0 27.457 -15.0772 86.2168
0 27.4598 -15.0738 86.2366
0 27.4691 -15.0626 86.2567
0 27.4824 -15.0466 86.2768
0 27.4981 -15.0279 86.2967
0 27.5229 -14.9983 86.3167
0 27.5532 -14.9622 86.3366
0 27.5714 -14.9406 86.3567
0 27.5823 -14.9276 86.3767
0 27.5888 -14.9199 86.3966
0 27.5928 -14.9152 86.4167
0 27.5951 -14.9124 86.4367
0 27.5714 -14.8935 86.4567
0 27.5571 -14.8822 86.4767
0 27.5486 -14.8754 86.4975
0 27.5435 -14.8713 86.5177
0 27.5404 -14.8688 86.5367
0 27.5385 -14.8674 86.5568
0 27.5374 -14.8665 86.5767
0 27.5368 -14.866 86.5967
0 27.5364 -14.8656 86.6168
0 27.5361 -14.8655 86.6366
0 27.536 -14.8653 86.6567
0 27.5359 -14.8653 86.6768
0 27.5359 -14.8652 86.6967
0 27.5358 -14.8652 86.7167
0 27.5106 -14.848 86.7367
0 27.4955 -14.8377 86.7567
0 27.4865 -14.8315 86.7768
0 27.4559 -14.8106 86.7967
0 27.4124 -14.7809 86.8167
0 27.3359 -14.7287 86.8368
0 27.2725 -14.6711 86.8575
0 27.217 -14.6102 86.8767
0 27.1662 -14.5473 86.8967
0 27.1182 -14.4833 86.9167
0 27.0719 -14.4185 86.9371
0 27.0265 -14.3534 86.957
0 26.9818 -14.288 86.9767
0 26.955 -14.2488 86.9967
0 26.9389 -14.2252 87.0167
0 26.904 -14.194 87.0368
0 26.883 -14.1752 87.0567
0 26.8705 -14.164 87.0767
0 26.8629 -14.1572 87.0969
0 26.8584 -14.1532 87.1167
0 26.8557 -14.1507 87.1367
0 26.8541 -14.1493 87.1567
0 26.8026 -14.1141 87.1767
0 26.7541 -14.0667 87.1967
0 26.6998 -14.0212 87.2167
0 26.6496 -13.9676 87.2367
0 26.6019 -13.9091 87.2568
0 26.5227 -13.8399 87.2767
0 26.4576 -13.772 87.2967
0 26.3679 -13.6972 87.3169
0 26.2887 -13.6351 87.3367
0 26.1905 -13.5638 87.3574
0 26.1063 -13.5039 87.3769
0 26.005 -13.4339 87.3967
0 25.9265 -13.3656 87.4157
0 25.8618 -13.2985 87.4357
0 25.7799 -13.2149 87.4557
0 25.7053 -13.1477 87.4757
0 25.6174 -13.0642 87.4957
0 25.5139 -12.98 87.5157
0 25.4263 -12.9125 87.5357
0 25.356 -12.8459 87.5557
0 25.2884 -12.7889 87.5758
0 25.2478 -12.7547 87.5957
0 25.2057 -12.7079 87.6157
0 25.1549 -12.6629 87.6359
0 25.1144 -12.6005 87.6557
0 25.0978 -12.5538 87.6757
0 25.07 -12.4997 87.6959
0 25.0279 -12.4502 87.7157
0 25.0026 -12.4205 87.7357
0 24.9951 -12.3935 87.7559
0 24.9651 -12.3603 87.7757
0 24.9549 -12.3312 87.7957
0 24.9487 -12.3137 87.8157
0 24.945 -12.3033 87.8357
0 24.9427 -12.297 87.8558
0 24.9414 -12.2932 87.8757
0 24.9151 -12.274 87.8957
0 24.8738 -12.2455 87.9157
0 24.8312 -12.2022 87.9357
0 24.7801 -12.1593 87.9559
0 24.7239 -12.1166 87.9758
0 24.6647 -12.074 87.9957
0 24.6113 -12.0224 88.0157
0 24.5537 -11.9744 88.0358
0 24.5268 -11.9364 88.0557
0 24.4851 -11.8967 88.0757
0 24.4423 -11.8468 88.0957
0 24.4165 -11.8168 88.116
0 24.3755 -11.7819 88.1357
0 24.3509 -11.7609 88.1559
0 24.3361 -11.7484 88.1757
0 24.3273 -11.7408 88.1957
0 24.322 -11.7363 88.2158
0 24.3188 -11.7336 88.2357
0 24.3169 -11.732 88.2557
0 24.3157 -11.731 88.2757
1 24.314 -11.7295 89.0161
1 24.314 -11.7295 89.0358
1 24.314 -11.7295 89.0573
1 24.314 -11.7295 89.0768
1 24.314 -11.7295 89.0958
1 24.314 -11.7295 89.117
1 24.314 -11.7295 89.1361
1 24.314 -11.7295 89.1558
1 24.314 -11.7295 89.1757
1 24.314 -11.7295 89.1958
1 24.314 -11.7295 89.2158
1 24.314 -11.7295 89.2358
1 24.314 -11.7295 89.2558
1 24.314 -11.7295 89.2758
1 24.314 -11.7295 89.2957
1 24.314 -11.7295 89.3158
1 24.314 -11.7295 89.3358
1 24.314 -11.7295 89.3558
1 24.314 -11.7295 89.3758
1 24.314 -11.7295 89.3962
1 24.314 -11.7295 89.416
1 24.3396 -11.7465 89.4358
1 24.3549 -11.7566 89.4558
1 24.3641 -11.7627 89.476
1 24.3696 -11.7664 89.4958
1 24.3985 -11.7855 89.5161
1 24.4159 -11.7969 89.5358
1 24.4263 -11.8038 89.556
1 24.4325 -11.808 89.5762
1 24.4618 -11.8274 89.5964
1 24.4794 -11.839 89.616
1 24.4899 -11.846 89.636
1 24.4963 -11.8502 89.6558
1 24.5001 -11.8527 89.6758
1 24.5024 -11.8542 89.6966
1 24.5293 -11.8721 89.716
1 24.5531 -11.8736 89.7358
1 24.593 -11.8915 89.7558
1 24.6425 -11.9192 89.7758
1 24.6977 -11.9527 89.7958
1 24.7563 -11.9899 89.8165
1 24.8426 -12.0461 89.8359
1 24.9198 -12.0969 89.8559
1 24.9916 -12.1444 89.8759
1 25.0348 -12.1728 89.8959
1 25.102 -12.1656 89.9159
1 25.1963 -12.157 89.9358
1 25.2736 -12.1397 89.9559
1 25.3662 -12.1342 89.9766
1 25.468 -12.1359 89.9958
1 25.5498 -12.1248 90.0159
1 25.6243 -12.1353 90.0362
1 25.6691 -12.1415 90.0559
1 25.7291 -12.1533 90.0758
1 25.7651 -12.1603 90.0958
1 25.7867 -12.1645 90.1158
1 25.7997 -12.1671 90.1358
1 25.8075 -12.1686 90.1558
1 25.8121 -12.1695 90.176
1 25.8149 -12.17 90.1967
1 25.8421 -12.1875 90.2158
1 25.8583 -12.1979 90.236
1 25.8966 -12.183 90.2558
1 25.948 -12.1529 90.2758
1 26.0281 -12.1016 90.2958
1 26.1123 -12.0406 90.3159
1 26.2121 -11.9707 90.3358
1 26.2928 -11.9168 90.3559
1 26.362 -11.8724 90.3758
1 26.4035 -11.8458 90.3959
1 26.4284 -11.8298 90.416
1 26.4434 -11.8202 90.4358
1 26.4523 -11.8144 90.4559
1 26.4577 -11.811 90.476
1 26.4609 -11.8089 90.4958
1 26.4629 -11.8077 90.5159
1 26.464 -11.8069 90.5359
1 26.4647 -11.8065 90.556
1 26.4652 -11.8062 90.576
1 26.4654 -11.806 90.5958
1 26.4656 -11.8059 90.6159
1 26.4911 -11.8231 90.636
1 26.5064 -11.8334 90.6558
1 26.5619 -11.8448 90.6764
1 26.6367 -11.8276 90.6958
1 26.7278 -11.8226 90.7159
1 26.8496 -11.8129 90.7359
1 27.0151 -11.8178 90.7558
1 27.1606 -11.8262 90.7758
1 27.2987 -11.8658 90.796
1 27.4786 -11.9298 90.8158
1 27.6118 -11.9855 90.836
1 27.7425 -12.0538 90.8561
1 27.8463 -12.1121 90.8758
1 27.9755 -12.1408 90.8959
1 28.0948 -12.1345 90.916
1 28.2125 -12.1363 90.936
1 28.3293 -12.1431 90.9561
1 28.4664 -12.1411 90.9759
1 28.5695 -12.1282 90.9959
1 28.7062 -12.1055 91.016
1 28.8508 -12.0568 91.0359
1 28.9871 -11.9951 91.056
1 29.1316 -11.9232 91.0759
1 29.2601 -11.8568 91.0961
1 29.3868 -11.7847 91.1159
1 29.5047 -11.7182 91.1359
1 29.6382 -11.6436 91.1559
1 29.768 -11.5666 91.1759
1 29.8878 -11.4974 91.1959
1 30.0226 -11.4213 91.216
1 30.1742 -11.3321 91.2358
1 30.3281 -11.2442 91.2559
1 30.4835 -11.1572 91.2759
1 30.6608 -11.0595 91.2959
1 30.8802 -10.9349 91.3159
1 31.167 -10.7719 91.3359
1 31.4735 -10.5974 91.3559
1 31.8421 -10.3847 91.3759
1 32.1979 -10.1811 91.396
1 32.5464 -9.98325 91.416
1 32.8772 -9.79078 91.4359
1 33.1975 -9.60171 91.456
1 33.4983 -9.41641 91.4759
1 33.7663 -9.24441 91.496
1 33.9775 -9.11005 91.516
1 34.1547 -8.99831 91.536
1 34.2902 -8.91104 91.556
1 34.4007 -8.83846 91.576
1 34.5041 -8.76538 91.596
1 34.5661 -8.72153 91.616
1 34.6113 -8.68591 91.6361
1 34.6597 -8.65366 91.656
1 34.6887 -8.63431 91.676
1 34.7061 -8.6227 91.696
1 34.7245 -8.60642 91.7161
1 34.7434 -8.58735 91.7358
1 34.7548 -8.57591 91.756
1 34.7908 -8.54887 91.7759
1 34.8417 -8.51249 91.796
1 34.888 -8.47211 91.8159
1 34.9451 -8.42775 91.836
1 35.0085 -8.381 91.8559
1 35.068 -8.34209 91.876
1 35.1036 -8.31874 91.896
1 35.1543 -8.28462 91.916
1 35.206 -8.25329 91.936
1 35.237 -8.2345 91.9562
1 35.2557 -8.22322 91.9759
1 35.2748 -8.2072 91.996
1 35.2862 -8.19759 92.0159
1 35.2931 -8.19182 92.0359
1 35.3051 -8.17912 92.056
1 35.3124 -8.1715 92.0759
1 35.3167 -8.16692 92.0959
1 35.3272 -8.15495 92.1159
1 35.3336 -8.14776 92.1359
1 35.384 -8.15104 92.1559
1 35.4143 -8.153 92.1759
1 35.4403 -8.14496 92.196
1 35.4813 -8.15859 92.2158
1 35.5138 -8.15757 92.2359
1 35.5665 -8.16624 92.2559
1 35.6234 -8.18992 92.2759
1 35.6828 -8.22262 92.2959
1 35.769 -8.27925 92.318
1 35.8925 -8.33945 92.3359
1 35.9918 -8.3941 92.3559
1 36.1098 -8.45486 92.3759
1 36.231 -8.52844 92.3959
1 36.329 -8.59117 92.4159
1 36.4381 -8.66598 92.4361
1 36.5287 -8.72947 92.4559
1 36.6334 -8.80478 92.4759
1 36.7466 -8.88721 92.4959
1 36.8647 -8.97395 92.5159
1 36.9858 -9.0633 92.5359
1 37.0836 -9.13557 92.5559
1 37.1925 -9.21628 92.5759
1 37.341 -9.3118 92.5959
1 37.5053 -9.42527 92.6159
1 37.6869 -9.54063 92.6359
1 37.8709 -9.66616 92.656
1 38.0563 -9.79785 92.676
1 38.2504 -9.92442 92.696
1 38.5129 -10.0841 92.7159
1 38.7701 -10.2554 92.7359
1 38.999 -10.4149 92.7559
1 39.1861 -10.5485 92.7759
1 39.3232 -10.6476 92.7959
1 39.4055 -10.707 92.8159
1 39.4797 -10.7616 92.8359
1 39.5242 -10.7944 92.8561
1 39.551 -10.8141 92.8759
1 39.6167 -10.8638 92.8961
1 39.6809 -10.9126 92.9159
1 39.7443 -10.9608 92.9359
1 39.8319 -11.0277 92.9561
1 39.8845 -11.0679 92.9759
1 39.9408 -11.111 92.9959
1 40.0074 -11.1471 93.0159
1 40.0801 -11.1791 93.0359
1 40.1485 -11.2173 93.0561
1 40.2143 -11.2592 93.0759
1 40.2785 -11.3034 93.0959
1 40.3418 -11.349 93.1159
1 40.4373 -11.4058 93.1359
1 40.5193 -11.459 93.1559
1 40.6179 -11.529 93.1759
1 40.7018 -11.5902 93.1959
1 40.7982 -11.6356 93.2159
1 40.856 -11.6629 93.2359
1 40.8907 -11.6792 93.2559
1 40.9115 -11.689 93.2759
1 40.924 -11.6949 93.2959
1 40.9315 -11.6985 93.316
1 40.936 -11.7006 93.3359
1 40.9387 -11.7019 93.3559
1 40.9403 -11.7026 93.3759
1 40.9413 -11.7031 93.3959
1 40.9419 -11.7034 93.4159
1 40.9422 -11.7035 93.436
1 40.9424 -11.7036 93.4559
1 40.9425 -11.7037 93.4761
1 40.9673 -11.7228 93.4959
1 40.9822 -11.7343 93.5159
1 40.9911 -11.7412 93.5361
1 40.9964 -11.7454 93.5559
1 40.9997 -11.7478 93.5759
1 41.0016 -11.7493 93.5959
1 41.0027 -11.7502 93.6159
1 41.0248 -11.7404 93.6361
1 41.038 -11.7345 93.656
1 41.0673 -11.7207 93.6759
1 41.1062 -11.7021 93.6959
1 41.1295 -11.6909 93.7159
1 41.1649 -11.6739 93.7361
1 41.2108 -11.6828 93.7559
1 41.2383 -11.6882 93.7759
1 41.2795 -11.7106 93.7961
1 41.3289 -11.7432 93.8159
1 41.3832 -11.7819 93.836
1 41.4404 -11.8243 93.8559
1 41.4994 -11.8689 93.8759
1 41.5841 -11.9341 93.8961
1 41.6595 -11.9924 93.9159
1 41.7294 -12.0466 93.936
1 41.8206 -12.1175 93.956
1 41.8753 -12.1601 93.976
1 41.9327 -12.2049 93.9961
1 41.9671 -12.2317 94.0159
1 42.0124 -12.2671 94.0359
1 42.0641 -12.3076 94.0561
1 42.1411 -12.3409 94.0759
1 42.1873 -12.3609 94.0959
1 42.2363 -12.3627 94.116
1 42.333 -12.3628 94.1359
1 42.437 -12.3719 94.1559
1 42.5452 -12.3866 94.1759
1 42.6316 -12.3853 94.1959
1 42.7047 -12.3744 94.2161
1 42.7946 -12.3772 94.2359
1 42.8485 -12.3788 94.2559
1 42.8808 -12.3798 94.2759
1 42.9002 -12.3804 94.2959
1 42.9118 -12.3807 94.3159
1 42.9188 -12.3809 94.3359
1 42.923 -12.381 94.356
1 42.9255 -12.3811 94.3759
1 42.927 -12.3812 94.3959
1 42.9279 -12.3812 94.4159
1 42.9285 -12.3812 94.4359
1 42.9288 -12.3812 94.456
1 42.929 -12.3812 94.476
1 42.9291 -12.3812 94.4959
1 42.9292 -12.3812 94.516
1 42.9292 -12.3812 94.536
1 42.9292 -12.3812 94.556
1 42.9293 -12.3812 94.5761
1 42.9293 -12.3812 94.5959
1 42.9293 -12.3812 94.7159
1 42.9293 -12.3812 94.736
1 42.9293 -12.3812 94.7562
1 42.9293 -12.3812 94.7759
1 42.9293 -12.3812 94.7959
1 42.9293 -12.3812 94.8159
1 42.9293 -12.3812 94.8359
1 42.9293 -12.3812 94.8559
1 42.9293 -12.3812 94.876
1 42.9293 -12.3812 94.896
0 43.0257 -12.2782 95.736
0 43.0351 -12.2681 95.756
0 43.0488 -12.2536 95.776
0 43.065 -12.2364 95.796
0 43.0907 -12.2091 95.8162
0 43.1141 -12.1843 95.8359
0 43.1282 -12.1694 95.856
0 43.1366 -12.1604 95.876
0 43.1497 -12.1466 95.896
0 43.1576 -12.1383 95.916
0 43.1703 -12.1249 95.936
0 43.1693 -12.0806 95.956
0 43.1603 -12.0177 95.9761
0 43.1542 -11.9354 95.996
0 43.1341 -11.8582 96.016
0 43.138 -11.7952 96.0362
0 43.1238 -11.7295 96.056
0 43.0741 -11.6429 96.076
0 43.0356 -11.5548 96.0961
0 42.996 -11.4742 96.116
0 42.9476 -11.4064 96.136
0 42.9019 -11.3379 96.1559
0 42.8745 -11.2968 96.176
0 42.8415 -11.2444 96.196
0 42.797 -11.1935 96.216
0 42.7456 -11.1436 96.236
0 42.6982 -11.0858 96.256
0 42.6611 -11.0151 96.276
0 42.6055 -10.9172 96.296
0 42.506 -10.7919 96.316
0 42.3635 -10.6225 96.336
0 42.2197 -10.446 96.3561
0 42.0672 -10.2737 96.376
0 41.9173 -10.0955 96.396
0 41.7857 -9.9416 96.416
0 41.6652 -9.80223 96.4361
0 41.568 -9.69926 96.4562
0 41.4848 -9.61814 96.476
0 41.4429 -9.56114 96.496
0 41.3929 -9.50761 96.516
0 41.3629 -9.47549 96.536
0 41.345 -9.45621 96.556
0 41.3093 -9.42532 96.576
0 41.263 -9.38746 96.596
0 41.2104 -9.34542 96.6162
0 41.1788 -9.3202 96.636
0 41.135 -9.28576 96.6562
0 41.1087 -9.26509 96.676
0 41.0929 -9.25269 96.6961
0 41.0586 -9.22595 96.7162
0 41.046 -9.20156 96.736
0 41.0135 -9.16762 96.756
0 40.994 -9.14726 96.7762
0 40.9823 -9.13504 96.796
0 40.9753 -9.12771 96.816
0 40.9711 -9.12331 96.836
0 40.9437 -9.10138 96.8562
0 40.9272 -9.08821 96.8761
0 40.9174 -9.08032 96.896
0 40.9114 -9.07558 96.9161
0 40.9079 -9.07274 96.9361
0 40.9057 -9.07103 96.956
0 40.9045 -9.07001 96.976
0 40.9037 -9.06939 96.996
0 40.8863 -9.04139 97.0162
0 40.8839 -9.01624 97.036
0 40.8406 -8.95423 97.0561
0 40.8057 -8.88108 97.0763
0 40.7759 -8.80127 97.096
0 40.724 -8.69819 97.116
0 40.676 -8.60875 97.136
0 40.6132 -8.49994 97.156
0 40.5586 -8.40708 97.1761
0 40.5088 -8.3238 97.196
0 40.4369 -8.227 97.216
0 40.3688 -8.14963 97.2362
0 40.2778 -8.06468 97.256
0 40.1892 -7.95862 97.2764
0 40.119 -7.86746 97.296
0 40.0598 -7.78523 97.3162
0 40.0323 -7.72764 97.336
0 39.9907 -7.67382 97.3561
0 39.9657 -7.64153 97.3761
0 39.9508 -7.62216 97.396
0 39.9418 -7.61054 97.4172
0 39.9193 -7.57605 97.4368
0 39.9059 -7.55536 97.456
0 39.8807 -7.51544 97.4762
0 39.8656 -7.49148 97.496
0 39.8565 -7.47711 97.5162
0 39.8511 -7.46849 97.536
0 39.8227 -7.44407 97.5562
0 39.7806 -7.41017 97.576
0 39.7634 -7.38158 97.596
0 39.7279 -7.34518 97.616
0 39.6815 -7.30411 97.636
0 39.6034 -7.24101 97.6562
0 39.5314 -7.18395 97.676
0 39.4459 -7.10302 97.696
0 39.3443 -7.01607 97.7161
0 39.2662 -6.93643 97.736
0 39.2156 -6.85845 97.7561
0 39.211 -6.76218 97.7771
0 39.1954 -6.63842 97.7962
0 39.1947 -6.48713 97.816
0 39.2496 -6.32753 97.836
0 39.3165 -6.17393 97.8561
0 39.3781 -6.07079 97.876
0 39.4582 -5.98695 97.896
0 39.5358 -5.91739 97.9162
0 39.604 -5.86469 97.936
0 39.6448 -5.83307 97.9561
0 39.6694 -5.8141 97.9761
0 39.6841 -5.80272 97.9961
0 39.6677 -5.7766 98.016
0 39.6578 -5.76094 98.036
0 39.6519 -5.75153 98.056
0 39.6231 -5.72661 98.076
0 39.6059 -5.71166 98.0962
0 39.5703 -5.68342 98.116
0 39.5236 -5.64721 98.1361
0 39.4784 -5.59789 98.1562
0 39.4593 -5.55998 98.1761
0 39.4226 -5.51797 98.196
0 39.358 -5.44593 98.2161
0 39.3019 -5.37514 98.2361
0 39.243 -5.31342 98.256
0 39.1823 -5.25716 98.2764
0 39.1459 -5.22339 98.296
0 39.0988 -5.18391 98.3161
0 39.0785 -5.15189 98.336
0 39.0664 -5.13267 98.356
0 39.0591 -5.12115 98.3762
0 39.0547 -5.11423 98.396
0 39.0736 -5.09903 98.416
0 39.0597 -5.07068 98.436
0 39.026 -5.03444 98.456
0 39.0057 -5.01269 98.4761
0 39.0016 -4.99131 98.496
0 38.9991 -4.97848 98.516
0 38.9977 -4.97078 98.5363
0 39.0048 -4.95784 98.556
0 39.0171 -4.94176 98.5762
0 39.0325 -4.92381 98.596
0 39.0498 -4.90476 98.616
0 39.0602 -4.89332 98.6361
0 39.0664 -4.88646 98.656
0 39.0448 -4.86309 98.6761
0 39.0065 -4.82983 98.6961
0 38.9581 -4.79064 98.716
0 38.9371 -4.75883 98.7361
0 38.9245 -4.73974 98.756
0 38.917 -4.72829 98.7761
0 38.9125 -4.72141 98.7961
0 38.8844 -4.69806 98.8161
0 38.8755 -4.67575 98.8361
0 38.8609 -4.62658 98.8561
0 38.8682 -4.58056 98.8761
0 38.8806 -4.54471 98.8962
0 38.8881 -4.5232 98.916
0 38.8925 -4.5103 98.9361
0 38.9033 -4.49433 98.956
0 38.9177 -4.47653 98.9761
0 38.901 -4.44658 98.9961
0 38.891 -4.42861 99.0161
0 38.885 -4.41783 99.0362
0 38.8814 -4.41136 99.056
0 38.8792 -4.40748 99.0761
0 38.8859 -4.39694 99.0963
0 38.8646 -4.37135 99.116
0 38.8518 -4.356 99.1361
0 38.8441 -4.34679 99.156
0 38.7887 -4.30275 99.1761
0 38.7046 -4.23785 99.1961
0 38.6033 -4.16046 99.2161
0 38.5425 -4.11402 99.2361
0 38.4886 -4.0587 99.2563
0 38.4563 -4.02551 99.2761
0 38.4449 -3.99736 99.2961
0 38.4381 -3.98047 99.3162
0 38.434 -3.97034 99.3361
0 38.4061 -3.94504 99.3561
0 38.3639 -3.91065 99.376
0 38.3131 -3.87081 99.396
0 38.2572 -3.82771 99.4162
0 38.1981 -3.78266 99.4361
0 38.1627 -3.75564 99.4562
0 38.1495 -3.73116 99.4761
0 38.1415 -3.71648 99.4961
0 38.1368 -3.70767 99.5161
0 38.1555 -3.69111 99.5361
0 38.1884 -3.66991 99.5562
0 38.1826 -3.63799 99.5761
0 38.1281 -3.58047 99.5962
0 38.0955 -3.54595 99.6161
0 38.0504 -3.50606 99.6361
0 38.0233 -3.48213 99.6561
0 38.0032 -3.43731 99.6761
0 37.9872 -3.37997 99.6961
0 37.9776 -3.34557 99.7161
0 37.9718 -3.32493 99.7361
0 37.9684 -3.31254 99.7562
0 37.9663 -3.30511 99.7761
0 37.965 -3.30065 99.7961
0 37.9643 -3.29798 99.8161
0 37.9638 -3.29637 99.8361
1 38.0172 -3.26579 100.376
1 38.0172 -3.26579 100.396
1 38.0172 -3.26579 100.416
1 38.0172 -3.26579 100.436
1 38.0172 -3.26579 100.456
1 38.0172 -3.26579 100.476
1 38.0172 -3.26579 100.496
1 38.0172 -3.26579 100.516
1 38.0172 -3.26579 100.536
1 38.0172 -3.26579 100.556
1 38.0172 -3.26579 100.576
1 38.0172 -3.26579 100.596
1 38.0172 -3.26579 100.616
1 38.0172 -3.26579 100.636
1 38.0172 -3.26579 100.656
1 38.0172 -3.26579 100.676
1 38.0172 -3.26579 100.696
1 38.0388 -3.25453 100.716
1 38.0951 -3.22528 100.736
1 38.1721 -3.18528 100.756
1 38.2616 -3.13888 100.776
1 38.3803 -3.0775 100.796
1 38.4948 -3.01837 100.816
1 38.6107 -2.99103 100.836
1 38.7274 -2.98278 100.856
1 38.8191 -2.96673 100.876
1 38.8958 -2.94601 100.896
1 38.9635 -2.9225 100.916
1 39.0258 -2.89732 100.936
1 39.0887 -2.90153 100.956
1 39.1265 -2.90405 100.976
1 39.1746 -2.92489 100.996
1 39.229 -2.95672 101.016
1 39.3168 -2.97574 101.036
1 39.395 -3.00651 101.056
1 39.489 -3.03332 101.076
1 39.618 -3.07718 101.096
1 39.7209 -3.12289 101.116
1 39.8378 -3.15041 101.136
1 39.9885 -3.18651 101.156
1 40.1379 -3.23878 101.176
1 40.2999 -3.29818 101.196
1 40.4306 -3.34503 101.216
1 40.5895 -3.39301 101.236
1 40.7871 -3.43087 101.256
1 41.0033 -3.50148 101.276
1 41.2054 -3.57222 101.296
1 41.4071 -3.63491 101.316
1 41.5969 -3.6706 101.336
1 41.7911 -3.7124 101.356
1 41.9546 -3.74644 101.376
1 42.1113 -3.79811 101.396
1 42.2386 -3.84069 101.416
1 42.3736 -3.8976 101.436
1 42.4798 -3.95151 101.456
1 42.5768 -3.99552 101.476
1 42.6683 -4.03362 101.496
1 42.7782 -4.0575 101.516
1 42.8774 -4.08358 101.536
1 42.9839 -4.10837 101.556
1 43.1164 -4.12175 101.576
1 43.268 -4.15888 101.596
1 43.4528 -4.19971 101.616
1 43.6357 -4.25347 101.636
1 43.7957 -4.32559 101.656
1 43.9603 -4.36773 101.676
1 44.106 -4.40245 101.696
1 44.262 -4.42226 101.716
1 44.4025 -4.44367 101.736
1 44.5337 -4.46607 101.756
1 44.681 -4.47867 101.776
1 44.8163 -4.49585 101.796
1 44.9742 -4.49739 101.816
1 45.1158 -4.50803 101.836
1 45.2694 -4.5138 101.856
1 45.3834 -4.50693 101.876
1 45.5068 -4.50457 101.896
1 45.6357 -4.50496 101.916
1 45.7599 -4.51507 101.936
1 45.8594 -4.54131 101.956
1 45.9192 -4.55706 101.976
1 46.0018 -4.57642 101.996
1 46.0764 -4.60824 102.016
1 46.176 -4.62929 102.036
1 46.2908 -4.64391 102.056
1 46.3814 -4.64245 102.076
1 46.4795 -4.62114 102.096
1 46.5603 -4.59814 102.116
1 46.6524 -4.56398 102.136
1 46.7377 -4.52529 102.156
1 46.8438 -4.5042 102.176
1 46.9374 -4.4734 102.196
1 47.0318 -4.42879 102.216
1 47.1403 -4.37376 102.236
1 47.2354 -4.32263 102.256
1 47.3444 -4.26373 102.276
1 47.4398 -4.21031 102.296
1 47.5658 -4.17848 102.316
1 47.6714 -4.14134 102.336
1 47.8036 -4.11938 102.356
1 47.9298 -4.11663 102.376
1 48.0523 -4.12544 102.396
1 48.1477 -4.12071 102.416
1 48.2519 -4.12839 102.436
1 48.3693 -4.13556 102.456
1 48.4647 -4.1604 102.476
1 48.5687 -4.18588 102.496
1 48.656 -4.22173 102.516
1 48.7084 -4.24323 102.536
1 48.7866 -4.26676 102.556
1 48.8555 -4.27096 102.576
1 48.8968 -4.27347 102.596
1 48.9684 -4.28566 102.616
1 49.0114 -4.29297 102.636
1 49.0869 -4.33855 102.656
1 49.157 -4.3865 102.676
1 49.2487 -4.45651 102.696
1 49.3534 -4.53978 102.716
1 49.4877 -4.62119 102.736
1 49.6398 -4.70156 102.756
1 49.8245 -4.77158 102.776
1 50.0287 -4.83552 102.796
1 50.2446 -4.89593 102.816
1 50.4648 -4.9239 102.836
1 50.6656 -4.94217 102.856
1 50.808 -4.9435 102.876
1 50.9402 -4.9555 102.896
1 51.0688 -5.00436 102.916
1 51.1707 -5.05452 102.936
1 51.2318 -5.08462 102.956
1 51.2931 -5.12352 102.976
1 51.3546 -5.16772 102.996
1 51.4408 -5.23597 103.016
1 51.5171 -5.2978 103.036
1 51.5876 -5.35578 103.056
1 51.701 -5.42282 103.076
1 51.7937 -5.48395 103.096
1 51.9205 -5.55297 103.116
1 52.0212 -5.61531 103.136
1 52.1281 -5.66418 103.156
1 52.2388 -5.705 103.176
1 52.3053 -5.72949 103.196
1 52.3697 -5.76515 103.216
1 52.4329 -5.80753 103.236
1 52.4953 -5.85393 103.256
1 52.5793 -5.89334 103.276
1 52.6517 -5.90757 103.296
1 52.6952 -5.91611 103.316
1 52.7678 -5.93285 103.336
1 52.8113 -5.94289 103.356
1 52.8374 -5.94891 103.376
1 52.8776 -5.97355 103.396
1 52.9263 -6.00936 103.416
1 52.9799 -6.05188 103.436
1 53.0121 -6.0774 103.456
1 53.0804 -6.13479 103.476
1 53.1704 -6.21135 103.496
1 53.2733 -6.29943 103.516
1 53.3839 -6.39445 103.536
1 53.4747 -6.47256 103.556
1 53.5292 -6.51942 103.576
1 53.5863 -6.56865 103.596
1 53.6206 -6.59818 103.616
1 53.6655 -6.63701 103.636
1 53.6925 -6.66031 103.656
1 53.7307 -6.66499 103.676
1 53.7756 -6.65851 103.696
1 53.8245 -6.64535 103.716
1 53.8759 -6.62819 103.736
1 53.9067 -6.61789 103.756
1 53.9472 -6.60246 103.776
1 53.9715 -6.5932 103.796
1 53.9861 -6.58764 103.816
1 53.9948 -6.58431 103.836
1 54.0001 -6.58231 103.856
1 54.0716 -6.5838 103.876
1 54.1586 -6.56627 103.897
1 54.2328 -6.54656 103.916
1 54.3237 -6.54675 103.936
1 54.4247 -6.5589 103.956
1 54.534 -6.60863 103.976
1 54.624 -6.65968 103.996
1 54.7023 -6.71155 104.016
1 54.8038 -6.74705 104.036
1 54.8868 -6.75924 104.056
1 54.9586 -6.75745 104.076
1 55.0237 -6.74729 104.096
1 55.0871 -6.76247 104.116
1 55.1251 -6.77158 104.136
1 55.1723 -6.79833 104.156
1 55.2249 -6.83567 104.176
1 55.2808 -6.87937 104.196
1 55.3629 -6.9482 104.216
1 55.4585 -7.00179 104.236
1 55.6167 -7.05088 104.256
1 55.7557 -7.06237 104.276
1 55.9295 -7.06377 104.296
1 56.0779 -7.04677 104.316
1 56.2353 -7.04018 104.336
1 56.3981 -7.03993 104.356
1 56.5421 -7.05238 104.376
1 56.6527 -7.08131 104.396
1 56.7515 -7.11241 104.416
1 56.8108 -7.13107 104.436
1 56.8463 -7.14227 104.456
1 56.8677 -7.14898 104.476
1 56.9047 -7.17449 104.496
1 56.9269 -7.1898 104.516
1 56.9484 -7.19127 104.536
1 56.9613 -7.19216 104.556
1 56.9911 -7.18386 104.576
1 57.0311 -7.17007 104.596
1 57.0551 -7.16179 104.616
1 57.1157 -7.16953 104.636
1 57.1742 -7.16539 104.656
1 57.2335 -7.18444 104.676
1 57.3395 -7.23018 104.696
1 57.4494 -7.27044 104.717
1 57.5857 -7.32901 104.736
1 57.7379 -7.39864 104.756
1 57.8774 -7.48363 104.776
1 57.9852 -7.55624 104.796
1 58.074 -7.62143 104.817
1 58.1514 -7.68217 104.836
1 58.2219 -7.74026 104.856
1 58.3124 -7.81839 104.876
1 58.3907 -7.88693 104.896
1 58.4859 -7.97138 104.915
1 58.591 -8.06541 104.935
1 58.7104 -8.1576 104.955
1 58.854 -8.27806 104.975
1 58.9881 -8.39378 104.995
1 59.1166 -8.5067 105.015
1 59.2636 -8.60942 105.035
1 59.3978 -8.6843 105.055
1 59.5547 -8.72648 105.076
1 59.7187 -8.78694 105.096
1 59.8852 -8.82814 105.115
1 60.0293 -8.83601 105.135
1 60.1838 -8.8458 105.155
1 60.3446 -8.8568 105.175
1 60.5109 -8.89886 105.195
1 60.6584 -8.96793 105.215
1 60.7946 -9.05323 105.235
1 60.924 -9.14829 105.255
1 61.0493 -9.24923 105.275
1 61.1482 -9.33176 105.295
1 61.2552 -9.42522 105.315
1 61.3431 -9.50327 105.335
1 61.4672 -9.61609 105.355
1 61.5891 -9.72779 105.375
1 61.7097 -9.83886 105.395
1 61.8295 -9.94956 105.415
1 61.9488 -10.0601 105.435
1 62.044 -10.1484 105.455
1 62.1249 -10.2235 105.475
1 62.197 -10.2906 105.495
1 62.264 -10.353 105.515
1 62.3278 -10.4124 105.535
1 62.3743 -10.4408 105.555
1 62.4259 -10.4799 105.575
1 62.5041 -10.5475 105.595
1 62.5983 -10.6323 105.615
1 62.6784 -10.7053 105.635
1 62.7737 -10.7934 105.655
1 62.878 -10.8905 105.675
1 63.0098 -10.985 105.695
1 63.1345 -11.0558 105.715
1 63.277 -11.1044 105.735
1 63.4067 -11.1175 105.755
1 63.5522 -11.1316 105.775
1 63.6615 -11.1321 105.795
1 63.7272 -11.1324 105.815
1 63.7901 -11.1548 105.835
1 63.8278 -11.1682 105.855
1 63.8587 -11.169 105.875
1 63.8772 -11.1694 105.895
1 63.8883 -11.1697 105.915
1 63.895 -11.1699 105.935
1 63.899 -11.17 105.956
1 63.9235 -11.1621 105.975
1 63.9603 -11.1494 105.996
1 64.0265 -11.1259 106.016
1 64.1105 -11.096 106.035
1 64.2286 -11.0845 106.055
1 64.3216 -11.0698 106.075
1 64.4451 -11.0676 106.095
1 64.5648 -11.0808 106.115
1 64.7279 -11.1178 106.135
1 64.8713 -11.1546 106.155
1 65.0264 -11.2137 106.175
1 65.165 -11.2638 106.195
1 65.3171 -11.331 106.215
1 65.454 -11.386 106.235
1 65.5898 -11.4265 106.255
1 65.6714 -11.4508 106.275
1 65.7437 -11.4878 106.295
1 65.8187 -11.5252 106.315
1 65.8953 -11.5628 106.335
1 66.0114 -11.6529 106.355
1 66.1277 -11.7519 106.375
1 66.2442 -11.8564 106.395
1 66.3607 -11.9641 106.415
1 66.5005 -12.0964 106.435
1 66.6391 -12.2137 106.455
1 66.7689 -12.3292 106.475
1 66.8699 -12.4211 106.495
1 66.9759 -12.4913 106.515
1 67.0617 -12.5259 106.535
1 67.1574 -12.5316 106.555
1 67.2684 -12.5429 106.575
1 67.3792 -12.5348 106.595
1 67.49 -12.515 106.615
1 67.5869 -12.4884 106.635
1 67.6672 -12.4651 106.655
1 67.7457 -12.4364 106.676
1 67.8232 -12.4047 106.695
1 67.8919 -12.3782 106.715
1 67.9774 -12.3475 106.735
1 68.0592 -12.3145 106.755
1 68.1082 -12.2947 106.775
1 68.1376 -12.2828 106.795
1 68.1553 -12.2756 106.815
1 68.188 -12.264 106.835
1 68.2299 -12.2496 106.855
1 68.2771 -12.2337 106.876
1 68.3359 -12.2095 106.895
1 68.4016 -12.1805 106.915
1 68.5251 -12.1569 106.935
1 68.6519 -12.1209 106.955
1 68.7955 -12.1075 106.975
1 68.9797 -12.0935 106.995
1 69.1429 -12.0634 107.015
1 69.3158 -12.0165 107.035
1 69.4954 -11.9898 107.055
1 69.6568 -11.9824 107.075
1 69.799 -11.9937 107.095
1 69.9148 -11.9862 107.115
1 70.0297 -11.9976 107.136
1 70.1217 -12.0275 107.155
1 70.2305 -12.0541 107.175
1 70.3272 -12.086 107.195
1 70.4083 -12.1282 107.215
1 70.5023 -12.1695 107.235
1 70.5809 -12.1871 107.255
1 70.6734 -12.2138 107.276
1 70.7512 -12.2227 107.296
1 70.8654 -12.2371 107.315
1 70.9562 -12.2387 107.335
1 71.056 -12.2558 107.357
1 71.1686 -12.245 107.375
1 71.2668 -12.2245 107.395
1 71.3562 -12.1981 107.415
1 71.4774 -12.1915 107.436
1 71.6037 -12.1967 107.456
1 71.7018 -12.193 107.476
1 71.7912 -12.1767 107.496
1 71.8901 -12.1833 107.515
1 71.9718 -12.1803 107.535
1 72.0431 -12.1717 107.555
1 72.0858 -12.1666 107.575
1 72.1345 -12.1867 107.595
1 72.2097 -12.2453 107.615
1 72.2778 -12.3037 107.635
1 72.3417 -12.362 107.655
1 72.4482 -12.4367 107.675
1 72.5797 -12.4912 107.695
1 72.7038 -12.5405 107.715
1 72.8457 -12.5799 107.735
1 72.9984 -12.6135 107.755
1 73.1353 -12.6503 107.775
1 73.3078 -12.7058 107.795
1 73.4648 -12.7487 107.815
1 73.627 -12.8147 107.836
1 73.7695 -12.8711 107.855
1 73.9002 -12.9218 107.876
1 74.0544 -12.9555 107.896
1 74.2371 -13.0096 107.915
1 74.4142 -13.0526 107.935
1 74.5884 -13.1189 107.956
1 74.7604 -13.1694 107.975
1 74.931 -13.2104 107.995
1 75.0561 -13.2585 108.016
1 75.1763 -13.3046 108.035
1 75.2794 -13.3487 108.055
1 75.364 -13.3988 108.075
1 75.4458 -13.4454 108.095
1 75.5176 -13.497 108.115
1 75.5834 -13.5515 108.135
1 75.6456 -13.6079 108.155
1 75.7366 -13.6819 108.175
1 75.8366 -13.7736 108.195
1 75.9193 -13.8523 108.215
1 75.9689 -13.8995 108.235
1 76.0436 -13.9451 108.255
1 76.119 -13.9593 108.276
1 76.2089 -13.9552 108.296
1 76.3158 -13.9332 108.315
1 76.4556 -13.9243 108.335
1 76.6067 -13.9303 108.355
1 76.7507 -13.9444 108.375
1 76.9352 -13.9812 108.395
1 77.1359 -14.0385 108.415
1 77.3235 -14.0845 108.435
1 77.526 -14.1477 108.455
1 77.6923 -14.2033 108.475
1 77.837 -14.2546 108.495
1 77.9545 -14.2724 108.515
1 78.0699 -14.3009 108.535
1 78.17 -14.335 108.555
1 78.2525 -14.3794 108.575
1 78.302 -14.406 108.595
1 78.3625 -14.439 108.615
1 78.4296 -14.4759 108.635
1 78.509 -14.5082 108.655
1 78.579 -14.5516 108.676
1 78.7106 -14.5836 108.695
1 78.8791 -14.6091 108.715
1 79.0698 -14.6008 108.736
1 79.2513 -14.5782 108.755
1 79.4357 -14.5703 108.776
1 79.5912 -14.5838 108.795
1 79.7068 -14.5861 108.816
1 79.8069 -14.5748 108.836
1 79.867 -14.568 108.855
1 79.903 -14.564 108.876
1 79.9247 -14.5615 108.895
1 79.9459 -14.5532 108.916
1 79.9587 -14.5482 108.936
1 79.9746 -14.5383 108.956
1 79.9842 -14.5324 108.976
1 79.9899 -14.5288 108.996
1 79.9934 -14.5267 109.016
0 79.0651 -11.5004 109.935
0 78.9616 -11.3142 109.955
0 78.8561 -11.1104 109.975
0 78.7409 -10.9025 109.995
0 78.6427 -10.7165 110.016
0 78.5236 -10.5257 110.035
0 78.4064 -10.3628 110.056
0 78.2987 -10.2101 110.075
0 78.1966 -10.0637 110.095
0 78.0978 -9.92096 110.115
0 78.0156 -9.81112 110.136
0 77.9516 -9.71457 110.155
0 77.8674 -9.60825 110.176
0 77.771 -9.49611 110.195
0 77.6673 -9.38048 110.215
0 77.5756 -9.24981 110.236
0 77.4912 -9.11013 110.255
0 77.4193 -8.95863 110.275
0 77.3236 -8.78234 110.295
0 77.2136 -8.5912 110.315
0 77.0949 -8.39117 110.336
0 76.9627 -8.19228 110.355
0 76.8222 -7.99408 110.375
0 76.6769 -7.79632 110.396
0 76.5202 -7.60532 110.416
0 76.388 -7.43605 110.436
0 76.2624 -7.28629 110.455
0 76.172 -7.16587 110.476
0 76.1029 -7.06307 110.496
0 76.0464 -6.97083 110.515
0 75.9975 -6.88494 110.536
0 75.9682 -6.83341 110.555
0 75.9274 -6.7784 110.575
0 75.9029 -6.7454 110.595
0 75.8965 -6.71914 110.615
0 75.8926 -6.70339 110.636
0 75.8903 -6.69394 110.655
0 75.8971 -6.68183 110.676
0 75.878 -6.65047 110.695
0 75.8433 -6.60756 110.715
0 75.7992 -6.55774 110.735
0 75.7577 -6.49731 110.755
0 75.6945 -6.40645 110.776
0 75.6183 -6.29735 110.795
0 75.5424 -6.17087 110.815
0 75.49 -6.05806 110.835
0 75.4202 -5.93581 110.856
0 75.3399 -5.80791 110.875
0 75.2449 -5.68305 110.895
0 75.1495 -5.55361 110.915
0 75.0619 -5.415 110.936
0 74.9708 -5.27734 110.956
0 74.9174 -5.15149 110.975
0 74.8468 -5.0215 110.995
0 74.7809 -4.91946 111.016
0 74.7262 -4.8278 111.035
0 74.6782 -4.74239 111.055
0 74.6333 -4.62946 111.075
0 74.6212 -4.4864 111.095
0 74.6514 -4.31803 111.115
0 74.6516 -4.0927 111.136
0 74.6884 -3.84363 111.155
0 74.7318 -3.54975 111.175
0 74.7481 -3.24252 111.195
0 74.7481 -2.92723 111.215
0 74.7382 -2.60705 111.235
0 74.7152 -2.24673 111.255
0 74.6759 -1.86872 111.276
0 74.6505 -1.50416 111.296
0 74.5785 -1.13717 111.316
0 74.5022 -0.792831 111.335
0 74.4004 -0.469304 111.356
0 74.3455 -0.205818 111.376
0 74.2731 0.00711992 111.395
0 74.213 0.197007 111.415
0 74.2391 0.33859 111.435
0 74.262 0.461524 111.456
0 74.2901 0.61127 111.475
0 74.307 0.701117 111.495
0 74.3482 0.768829 111.516
0 74.373 0.809456 111.536
0 74.3639 0.858028 111.556
0 74.3511 0.924424 111.575
0 74.3277 0.994976 111.596
0 74.2979 1.06801 111.615
0 74.2644 1.14254 111.635
0 74.1964 1.23563 111.656
0 74.1316 1.31567 111.676
0 74.0448 1.41204 111.696
0 73.977 1.50056 111.715
0 73.8965 1.60851 111.736
0 73.8073 1.75967 111.755
0 73.7669 1.9581 111.776
0 73.7628 2.22305 111.798
0 73.7804 2.52797 111.816
0 73.8122 2.82536 111.836
0 73.8431 3.14331 111.855
0 73.8758 3.41043 111.875
0 73.893 3.63388 111.895
0 73.8863 3.83039 111.916
0 73.842 4.00337 111.935
0 73.7671 4.1556 111.956
0 73.6819 4.30197 111.976
0 73.5824 4.4382 111.995
0 73.4823 4.57495 112.015
0 73.3981 4.68118 112.036
0 73.3232 4.7691 112.056
0 73.2623 4.85266 112.075
0 73.2014 4.92697 112.096
0 73.1732 4.97819 112.115
0 73.1401 5.03973 112.135
0 73.0717 5.12498 112.155
0 72.9902 5.23107 112.175
0 72.8766 5.3738 112.196
0 72.7435 5.53846 112.215
0 72.607 5.7229 112.236
0 72.4845 5.88843 112.256
0 72.3621 6.03594 112.275
0 72.2725 6.15519 112.296
0 72.2108 6.2641 112.316
0 72.1575 6.36016 112.335
0 72.1338 6.42441 112.356
0 72.1196 6.46296 112.375
0 72.1111 6.48609 112.395
0 72.129 6.50764 112.416
0 72.1153 6.54467 112.436
0 72.1153 6.5735 112.456
0 72.0908 6.6149 112.475
0 72.0844 6.64635 112.495
0 72.0561 6.68932 112.515
0 72.0228 6.7458 112.535
0 71.9704 6.84106 112.555
0 71.8981 6.95298 112.576
0 71.814 7.07489 112.596
0 71.7308 7.20935 112.616
0 71.6401 7.34474 112.636
0 71.5448 7.48067 112.656
0 71.463 7.5863 112.676
0 71.3729 7.70435 112.696
0 71.3025 7.8058 112.715
0 71.2193 7.92132 112.736
0 71.153 8.02123 112.756
0 71.1034 8.15026 112.776
0 71.0542 8.32219 112.796
0 71.0296 8.49581 112.816
0 71.02 8.67046 112.836
0 71.0357 8.81507 112.856
0 71.0436 8.93377 112.876
0 71.0318 9.03566 112.896
0 71.0314 9.13534 112.916
0 70.9817 9.24326 112.936
0 70.9353 9.33867 112.956
0 70.8828 9.41996 112.976
0 70.8347 9.49938 112.996
0 70.7564 9.5951 113.016
0 70.6846 9.67655 113.036
0 70.6167 9.74943 113.056
0 70.5512 9.81717 113.076
0 70.487 9.88181 113.096
0 70.4237 9.94459 113.116
0 70.3361 10.0302 113.136
0 70.2652 10.1442 113.156
0 70.173 10.2605 113.176
0 70.0761 10.3849 113.196
0 69.9931 10.4835 113.216
0 69.9018 10.5972 113.236
0 69.8303 10.696 113.256
0 69.7607 10.8112 113.276
0 69.732 10.9577 113.296
0 69.7276 11.123 113.316
0 69.7297 11.2928 113.336
0 69.7357 11.4654 113.356
0 69.7207 11.6317 113.376
0 69.695 11.7621 113.396
0 69.6545 11.8643 113.416
0 69.6385 11.9323 113.436
0 69.5788 12.021 113.456
0 69.518 12.0981 113.476
0 69.4898 12.1511 113.496
0 69.4478 12.2069 113.516
0 69.3976 12.2642 113.536
0 69.3424 12.3226 113.556
0 69.3092 12.3575 113.576
0 69.2643 12.4025 113.596
0 69.2373 12.4294 113.616
0 69.1961 12.4695 113.636
0 69.1463 12.5174 113.656
0 69.0995 12.5768 113.676
0 69.0464 12.6363 113.696
0 68.9643 12.7198 113.716
0 68.8899 12.7937 113.736
0 68.8202 12.8619 113.756
0 68.7783 12.9029 113.776
0 68.7532 12.9274 113.796
0 68.7382 12.9422 113.816
0 68.7291 12.951 113.836
0 68.7469 12.9645 113.856
0 68.7557 13.0046 113.876
0 68.7358 13.0525 113.896
0 68.7239 13.0812 113.916
0 68.7167 13.0985 113.936
0 68.7124 13.1088 113.956
0 68.7331 13.1232 113.976
0 68.7455 13.1318 113.996
1 68.7723 13.1515 114.536
1 68.7773 13.1556 114.556
1 68.7802 13.1581 114.576
1 68.782 13.1595 114.596
1 68.7831 13.1604 114.616
1 68.7837 13.1609 114.636
1 68.7841 13.1612 114.656
1 68.7844 13.1614 114.676
1 68.7845 13.1616 114.696
1 68.7846 13.1616 114.716
1 68.7846 13.1617 114.736
1 68.7847 13.1617 114.756
1 68.7929 13.1685 114.776
1 68.7979 13.1726 114.796
1 68.8324 13.1899 114.816
1 68.8995 13.2166 114.836
1 68.963 13.2408 114.856
1 69.0244 13.2634 114.876
1 69.0845 13.285 114.896
1 69.152 13.3129 114.916
1 69.239 13.3458 114.936
1 69.361 13.3896 114.956
1 69.5374 13.4228 114.976
1 69.7464 13.4494 114.996
1 69.975 13.4719 115.016
1 70.2638 13.4756 115.036
1 70.5635 13.4918 115.056
1 70.8699 13.5152 115.076
1 71.1721 13.536 115.096
1 71.455 13.5859 115.116
1 71.7181 13.6464 115.136
1 71.9309 13.7047 115.156
1 72.1053 13.7548 115.176
1 72.2583 13.7681 115.196
1 72.3984 13.7592 115.216
1 72.5075 13.7296 115.236
1 72.573 13.7119 115.256
1 72.6372 13.6769 115.276
1 72.7008 13.6315 115.296
1 72.7622 13.6118 115.316
1 72.8459 13.6149 115.336
1 72.9194 13.6242 115.356
1 73.0103 13.6446 115.376
1 73.1131 13.6399 115.396
1 73.1982 13.6444 115.416
1 73.296 13.6619 115.436
1 73.4015 13.687 115.456
1 73.4882 13.7094 115.476
1 73.5636 13.7302 115.496
1 73.6088 13.7426 115.516
1 73.6609 13.7256 115.536
1 73.7253 13.698 115.556
1 73.764 13.6814 115.576
1 73.7872 13.6714 115.596
1 73.8245 13.6727 115.616
1 73.9186 13.6635 115.636
1 73.9984 13.6653 115.656
1 74.1181 13.6563 115.676
1 74.2616 13.6407 115.696
1 74.4208 13.5895 115.716
1 74.5895 13.5168 115.736
1 74.7405 13.424 115.756
1 74.9055 13.2946 115.776
1 75.0789 13.1431 115.796
1 75.2325 13.003 115.816
1 75.3742 12.8697 115.836
1 75.484 12.765 115.856
1 75.5994 12.6529 115.876
1 75.718 12.5363 115.896
1 75.814 12.4416 115.916
1 75.9209 12.3354 115.936
1 76.0098 12.247 115.956
1 76.1111 12.1763 115.976
1 76.2668 12.1299 115.996
1 76.407 12.1159 116.016
1 76.6093 12.1102 116.036
1 76.8256 12.1024 116.056
1 77.049 12.1248 116.076
1 77.2546 12.1269 116.096
1 77.4974 12.0984 116.116
1 77.7157 12.0381 116.136
1 77.9204 11.9272 116.156
1 78.1157 11.8174 116.176
1 78.2891 11.74 116.196
1 78.441 11.6752 116.216
1 78.5802 11.6179 116.236
1 78.7432 11.5784 116.256
1 78.9135 11.5111 116.276
1 79.087 11.4587 116.296
1 79.2868 11.3899 116.316
1 79.5107 11.3181 116.336
1 79.749 11.2444 116.356
1 80.0203 11.1442 116.376
1 80.3112 11.0278 116.396
1 80.5905 10.8954 116.416
1 80.8778 10.7525 116.436
1 81.1223 10.6224 116.456
1 81.3644 10.5061 116.476
1 81.5573 10.417 116.496
1 81.7927 10.2997 116.516
1 82.0699 10.1788 116.536
1 82.3638 10.0487 116.556
1 82.6677 9.91291 116.576
1 82.9928 9.77272 116.596
1 83.3145 9.66187 116.616
1 83.6502 9.53609 116.636
1 83.9548 9.42767 116.656
1 84.2565 9.29716 116.676
1 84.509 9.17321 116.696
1 84.7559 9.02742 116.716
1 84.9989 8.89981 116.736
1 85.2476 8.78964 116.756
1 85.4998 8.6898 116.776
1 85.7458 8.58937 116.796
1 86.0197 8.5006 116.816
1 86.2787 8.40653 116.836
1 86.5369 8.31579 116.856
1 86.7864 8.22028 116.876
1 87.0707 8.10906 116.896
1 87.3439 8.00758 116.916
1 87.5952 7.9131 116.936
1 87.8171 7.77826 116.956
1 88.0293 7.65701 116.976
1 88.2119 7.56995 116.996
1 88.3768 7.50334 117.016
1 88.57 7.42155 117.036
1 88.7412 7.358 117.056
1 88.9381 7.27786 117.076
1 89.182 7.19922 117.096
1 89.4459 7.11478 117.116
1 89.7535 7.03814 117.136
1 90.0953 6.97234 117.156
1 90.4495 6.90625 117.176
1 90.8662 6.8245 117.196
1 91.2887 6.75284 117.216
1 91.6831 6.67562 117.236
1 92.0453 6.62779 117.256
1 92.3331 6.58171 117.276
1 92.6312 6.52105 117.296
1 92.9202 6.48455 117.316
1 93.2273 6.46685 117.336
1 93.5769 6.47106 117.356
1 93.9834 6.46771 117.376
1 94.4476 6.46358 117.396
1 94.9463 6.45833 117.416
1 95.4573 6.41424 117.436
1 95.9438 6.33585 117.456
1 96.3373 6.24913 117.476
1 96.6752 6.18841 117.496
1 96.9723 6.16789 117.516
1 97.2057 6.16983 117.536
1 97.401 6.18519 117.556
1 97.5654 6.2022 117.576
1 97.7192 6.22652 117.596
1 97.8668 6.25519 117.616
1 98.0025 6.28004 117.636
1 98.1156 6.30514 117.656
1 98.1834 6.3202 117.676
1 98.2242 6.32924 117.696
1 98.2486 6.33467 117.716
1 98.2632 6.33792 117.736
1 98.2801 6.34626 117.756
1 98.2902 6.35126 117.776
1 98.2963 6.35426 117.796
1 98.3869 6.38019 117.816
1 98.5362 6.42613 117.836
1 98.7127 6.47763 117.856
1 98.8976 6.526 117.876
1 99.0874 6.57241 117.896
1 99.2646 6.62026 117.916
1 99.4579 6.67255 117.936
1 99.6372 6.72381 117.956
1 99.7823 6.77439 117.976
1 99.8694 6.82808 117.996
1 99.9216 6.88353 118.016
1 99.953 6.93643 118.036
1 99.9718 6.97517 118.056
1 99.9831 7.01166 118.076
1 99.9898 7.04045 118.096
1 99.9939 7.07089 118.116
1 99.9963 7.09888 118.136
1 99.9978 7.11567 118.156
1 99.9987 7.12575 118.176
1 99.9992 7.13179 118.196
1 99.9995 7.13542 118.216
1 99.9997 7.1376 118.236
1 99.9998 7.1389 118.256
1 99.9999 7.13968 118.276
0 100 7.71447 119.316
0 100 7.85177 119.336
0 100 7.99564 119.356
0 100 8.17106 119.376
0 100 8.36537 119.396
0 100 8.57098 119.416
0 100 8.78334 119.436
0 99.9577 9.02728 119.456
0 99.8552 9.29638 119.476
0 99.7086 9.57424 119.496
0 99.5586 9.8298 119.516
0 99.3599 10.1269 119.536
0 99.1551 10.4214 119.556
0 98.9545 10.7205 119.576
0 98.7563 11.0224 119.596
0 98.5514 11.3196 119.616
0 98.3504 11.6202 119.636
0 98.1356 11.9102 119.656
0 97.8967 12.2273 119.676
0 97.6668 12.5334 119.696
0 97.4659 12.8053 119.716
0 97.306 13.0295 119.736
0 97.1233 13.2797 119.756
0 96.9584 13.5244 119.776
0 96.828 13.7385 119.796
0 96.6865 13.9552 119.816
0 96.5143 14.2006 119.836
0 96.3395 14.4296 119.856
0 96.1472 14.6823 119.876
0 95.9919 14.9577 119.896
0 95.8189 15.3076 119.916
0 95.6749 15.7193 119.936
0 95.5161 16.1889 119.956
0 95.348 16.6934 119.976
0 95.174 17.2187 119.996
0 94.988 17.7815 120.016
0 94.8106 18.3484 120.036
0 94.6621 18.9223 120.056
0 94.5386 19.507 120.076
0 94.4218 20.0917 120.096
0 94.3409 20.6874 120.116
0 94.3132 21.3009 120.136
0 94.2611 21.9098 120.156
0 94.2026 22.4755 120.176
0 94.1161 23.011 120.196
0 94.0131 23.4967 120.216
0 93.8925 23.9145 120.236
0 93.7861 24.2642 120.256
0 93.664 24.5686 120.276
0 93.5571 24.8187 120.296
0 93.4593 25.0362 120.316
0 93.3838 25.2004 120.336
0 93.3385 25.2989 120.356
0 93.3113 25.358 120.376
0 93.295 25.3934 120.396
