0 1.09961 -100 57.4505
0 1.09961 -100 57.4705
0 1.09961 -100 57.4905
0 1.09961 -100 57.5105
0 1.09961 -100 57.5304
0 1.09961 -100 57.5505
0 1.09961 -100 57.5705
0 1.09961 -100 57.5904
0 1.09961 -100 57.6105
0 1.09961 -100 57.6307
0 1.09961 -100 57.6512
0 1.08197 -100 57.6706
0 1.05374 -100 57.6905
0 1.03681 -100 57.7105
0 1.00899 -100 57.7306
0 0.956986 -100 57.7505
0 0.890444 -100 57.7707
0 0.850518 -100 57.7905
0 0.808885 -100 57.8105
0 0.783905 -100 57.8307
0 0.768917 -100 57.8505
0 0.759924 -100 57.8705
0 0.754529 -100 57.8906
0 0.751291 -100 57.9105
0 0.749349 -100 57.9306
0 0.748183 -100 57.9505
0 0.747484 -100 57.9705
0 0.747064 -100 57.9905
0 0.746813 -100 58.0105
0 0.751306 -100 58.0305
0 0.754002 -100 58.0505
0 0.75562 -100 58.0706
0 0.75659 -100 58.0905
0 0.757172 -100 58.1105
0 0.757522 -100 58.1305
0 0.762377 -100 58.1505
0 0.747604 -100 58.1705
0 0.73874 -100 58.1906
0 0.738067 -100 58.2105
0 0.737663 -100 58.2305
0 0.737421 -100 58.2507
0 0.701883 -100 58.2705
0 0.645146 -100 58.2905
0 0.557941 -100 58.3105
0 0.505618 -100 58.3306
0 0.456493 -100 58.3505
0 0.431651 -100 58.3705
0 0.399008 -100 58.3906
0 0.379422 -100 58.4105
0 0.332176 -100 58.4305
0 0.2374 -100 58.4506
0 0.0962058 -100 58.4705
0 -0.0373356 -100 58.4905
0 -0.12606 -100 58.5105
0 -0.174681 -100 58.5305
0 -0.199237 -100 58.5505
0 -0.213971 -100 58.5705
0 -0.240648 -100 58.5905
0 -0.252039 -100 58.6105
0 -0.254256 -100 58.6306
0 -0.250968 -100 58.6506
0 -0.262224 -100 58.6705
0 -0.304693 -100 58.6906
0 -0.401668 -100 58.7105
0 -0.531433 -100 58.7305
0 -0.671766 -100 58.7506
0 -0.800594 -100 58.7705
0 -0.927175 -100 58.7905
0 -1.03448 -100 58.8105
0 -1.13025 -100 58.8307
0 -1.24172 -100 58.8505
0 -1.39871 -100 58.8705
0 -1.57859 -100 58.8906
0 -1.79501 -100 58.9106
0 -2.01087 -100 58.9306
0 -2.20839 -100 58.9509
0 -2.395 -100 58.9706
0 -2.59337 -100 58.9908
0 -2.78989 -100 59.0107
0 -2.90793 -100 59.0305
0 -2.99713 -100 59.0505
0 -3.07359 -100 59.0706
0 -3.1698 -100 59.0905
0 -3.26413 -100 59.1105
0 -3.38948 -100 59.1306
0 -3.46689 -100 59.1505
0 -3.5323 -100 59.1705
0 -3.56764 -99.987 59.1905
0 -3.58431 -99.971 59.2105
0 -3.58525 -99.9452 59.2306
0 -3.60419 -99.9219 59.2506
0 -3.63395 -99.9003 59.2705
0 -3.70699 -99.8641 59.2905
0 -3.81996 -99.8034 59.3105
0 -3.94304 -99.7438 59.3307
0 -4.04929 -99.6845 59.3505
0 -4.16842 -99.6258 59.3706
0 -4.29535 -99.5676 59.3905
0 -4.44101 -99.4938 59.4105
0 -4.57498 -99.41 59.4307
0 -4.68345 -99.3279 59.4505
0 -4.77216 -99.2386 59.4706
0 -4.83946 -99.1691 59.4906
0 -4.87983 -99.1274 59.5112
0 -4.90406 -99.1024 59.5306
0 -4.93267 -99.0715 59.5507
0 -4.94984 -99.0529 59.5705
0 -4.97872 -99.0341 59.5905
0 -4.99605 -99.0228 59.6105
0 -5.00195 -99.0078 59.6305
0 -5.02408 -98.9911 59.6505
0 -5.07455 -98.9658 59.6705
0 -5.19789 -98.9123 59.6906
0 -5.35728 -98.8172 59.7105
0 -5.45782 -98.6538 59.7308
0 -5.45881 -98.4307 59.7506
0 -5.34728 -98.1123 59.7705
0 -5.09548 -97.6677 59.7905
0 -4.73374 -97.1707 59.8108
0 -4.36285 -96.71 59.8305
0 -4.05832 -96.3647 59.8506
0 -3.84368 -96.1318 59.8705
0 -3.7149 -95.992 59.8905
0 -3.63763 -95.9081 59.9107
0 -3.59127 -95.8578 59.9305
0 -3.56346 -95.8276 59.9506
0 -3.54677 -95.8095 59.9705
0 -3.53675 -95.7986 59.9906
0 -3.53074 -95.7921 60.0106
0 -3.52714 -95.7882 60.0306
0 -3.54387 -95.7778 60.0506
0 -3.5917 -95.7554 60.0706
0 -3.6393 -95.734 60.0907
0 -3.66787 -95.7211 60.1106
0 -3.68501 -95.7134 60.1305
0 -3.69529 -95.7088 60.1507
0 -3.70146 -95.706 60.1706
0 -3.70516 -95.7043 60.1906
0 -3.70272 -95.6947 60.2106
0 -3.70125 -95.689 60.2306
0 -3.70037 -95.6856 60.2505
0 -3.71875 -95.6754 60.2705
0 -3.72978 -95.6694 60.2907
0 -3.77425 -95.6497 60.3106
0 -3.87668 -95.6057 60.3306
0 -4.05192 -95.5313 60.3506
0 -4.29008 -95.4308 60.3753
0 -4.49005 -95.3465 60.3905
0 -4.70528 -95.2562 60.4106
0 -4.91072 -95.1703 60.4306
0 -5.09126 -95.095 60.4506
0 -5.21868 -95.0418 60.4709
0 -5.29514 -95.01 60.4907
0 -5.34101 -94.9908 60.5106
0 -5.36854 -94.9794 60.5314
0 -5.38505 -94.9725 60.5506
0 -5.39496 -94.9683 60.5706
0 -5.42001 -94.958 60.5905
0 -5.44956 -94.9351 60.6106
0 -5.50553 -94.9055 60.6306
0 -5.55825 -94.8799 60.6506
0 -5.58988 -94.8645 60.6707
0 -5.60886 -94.8553 60.6906
0 -5.62025 -94.8498 60.7106
0 -5.64622 -94.8385 60.7305
0 -5.7384 -94.8002 60.7506
0 -5.80829 -94.7606 60.7706
0 -5.85023 -94.7369 60.7905
0 -5.91373 -94.7068 60.8107
0 -5.97102 -94.6809 60.8306
0 -6.04378 -94.6497 60.8506
0 -6.08743 -94.6309 60.8707
0 -6.13282 -94.6118 60.8906
0 -6.17926 -94.5924 60.9106
0 -6.22176 -94.5642 60.9306
0 -6.26647 -94.5394 60.9506
0 -6.31253 -94.5166 60.9706
0 -6.37862 -94.4873 60.9906
0 -6.47144 -94.4374 61.0108
0 -6.56109 -94.3829 61.0306
0 -6.62959 -94.3336 61.0506
0 -6.68996 -94.2962 61.0707
0 -6.74547 -94.2659 61.0908
0 -6.77877 -94.2477 61.1106
0 -6.79875 -94.2368 61.1306
0 -6.81074 -94.2303 61.1506
0 -6.83722 -94.2185 61.1711
0 -6.85311 -94.2115 61.1906
0 -6.86264 -94.2072 61.2106
0 -6.86836 -94.2047 61.2308
0 -6.8718 -94.2032 61.2506
0 -6.87385 -94.2023 61.2706
0 -6.95229 -94.1704 61.2907
0 -7.09144 -94.1035 61.3106
0 -7.25233 -94.0322 61.3306
0 -7.34433 -93.9805 61.3506
0 -7.39953 -93.9495 61.3706
0 -7.43265 -93.9309 61.3906
0 -7.45252 -93.9198 61.4106
0 -7.46444 -93.9131 61.4306
0 -7.4716 -93.909 61.4506
0 -7.47589 -93.9066 61.4706
0 -7.47846 -93.9052 61.4906
0 -7.48001 -93.9043 61.5106
0 -7.48094 -93.9038 61.5306
0 -7.48149 -93.9035 61.5506
0 -7.48183 -93.9033 61.5706
0 -7.48203 -93.9032 61.5907
0 -7.48215 -93.9031 61.6106
0 -7.48222 -93.9031 61.6306
0 -7.50163 -93.8953 61.6508
0 -7.53265 -93.8828 61.6706
0 -7.6288 -93.8443 61.6906
0 -7.7253 -93.8056 61.7108
0 -7.78319 -93.7824 61.7306
0 -7.81793 -93.7685 61.7506
0 -7.83878 -93.7602 61.7709
0 -7.85128 -93.7552 61.7906
0 -7.85878 -93.7522 61.8106
0 -7.86329 -93.7504 61.831
0 -7.86599 -93.7493 61.8506
0 -7.86761 -93.7486 61.8706
0 -7.88799 -93.7405 61.8908
0 -7.97791 -93.7047 61.9106
0 -8.16804 -93.6291 61.9306
0 -8.39905 -93.5376 61.9508
0 -8.65478 -93.4367 61.9706
0 -8.88193 -93.3365 61.9906
0 -9.09203 -93.2368 62.0107
0 -9.24834 -93.1437 62.0306
0 -9.39647 -93.0558 62.0506
0 -9.48088 -92.9941 62.0707
0 -9.52706 -92.948 62.0908
0 -9.55029 -92.9113 62.1106
0 -9.60349 -92.874 62.1328
0 -9.73363 -92.8135 62.1506
0 -9.98887 -92.7089 62.1707
0 -10.2801 -92.5932 62.1907
0 -10.5734 -92.4785 62.2106
0 -10.8439 -92.363 62.2306
0 -11.0459 -92.2787 62.2506
0 -11.1869 -92.2206 62.2706
0 -11.2715 -92.1858 62.2906
0 -11.3222 -92.1649 62.3108
0 -11.3527 -92.1523 62.3306
0 -11.3709 -92.1448 62.3506
0 -11.4017 -92.1328 62.3706
0 -11.4202 -92.1256 62.3907
0 -11.4269 -92.1121 62.4106
0 -11.4309 -92.104 62.4308
0 -11.4289 -92.0899 62.4506
0 -11.4277 -92.0815 62.4706
0 -11.4468 -92.0689 62.4906
0 -11.4781 -92.0539 62.5106
0 -11.5918 -91.9983 62.5307
0 -11.7307 -91.9166 62.5509
0 -11.8694 -91.836 62.5708
0 -11.9438 -91.7692 62.5907
0 -11.9797 -91.7107 62.6106
0 -11.9968 -91.6663 62.6308
0 -12.0027 -91.6305 62.6514
0 -12.0261 -91.6016 62.6706
0 -12.0402 -91.5842 62.6907
0 -12.0487 -91.5738 62.7107
0 -12.0537 -91.5675 62.7312
0 -12.0568 -91.5638 62.751
0 -12.0542 -91.5523 62.7712
0 -12.0482 -91.5362 62.7908
0 -12.0403 -91.5174 62.812
0 -12.0355 -91.506 62.8313
0 -12.0326 -91.4993 62.8508
0 -12.0265 -91.486 62.8711
0 -12.0228 -91.478 62.8912
0 -12.0206 -91.4732 62.9108
0 -12.0149 -91.4612 62.9307
0 -12.0115 -91.4539 62.9509
0 -12.0094 -91.4496 62.9707
0 -12.0082 -91.447 62.9908
0 -12.0074 -91.4454 63.0108
0 -12.007 -91.4445 63.0308
0 -12.0067 -91.4439 63.0509
0 -12.0021 -91.4344 63.0708
0 -12.0193 -91.4212 63.0908
0 -12.0652 -91.3891 63.1107
0 -12.0883 -91.3606 63.1307
0 -12.0253 -91.2772 63.151
0 -11.8334 -91.0945 63.1707
0 -11.5089 -90.7957 63.1907
0 -11.0825 -90.3723 63.2107
0 -10.6629 -89.8317 63.2306
0 -10.3422 -89.1702 63.2506
0 -10.1018 -88.4712 63.2706
0 -9.94359 -87.7497 63.2907
0 -9.85327 -87.0324 63.3107
0 -9.84305 -86.3275 63.3307
0 -9.83989 -85.6636 63.3507
0 -9.78226 -85.0856 63.3707
0 -9.65363 -84.6127 63.3907
0 -9.48686 -84.2122 63.4108
0 -9.30993 -83.8932 63.4307
0 -9.146 -83.6428 63.4506
0 -8.99463 -83.4431 63.4708
0 -8.8845 -83.3036 63.4906
0 -8.81359 -83.2103 63.5107
0 -8.77719 -83.1171 63.5308
0 -8.74082 -83.0324 63.5507
0 -8.71415 -82.972 63.5707
0 -8.6933 -82.9262 63.5908
0 -8.68079 -82.8987 63.6106
0 -8.69398 -82.8738 63.6309
0 -8.70189 -82.8588 63.6508
0 -8.72735 -82.8413 63.6707
0 -8.74262 -82.8308 63.6908
0 -8.75178 -82.8245 63.7107
0 -8.75728 -82.8208 63.7307
0 -8.76058 -82.8185 63.7508
0 -8.76256 -82.8171 63.7708
0 -8.76374 -82.8163 63.7907
0 -8.76446 -82.8158 63.8108
0 -8.76488 -82.8155 63.8308
0 -8.76514 -82.8154 63.8508
0 -8.76529 -82.8153 63.8708
0 -8.76539 -82.8152 63.8908
0 -8.76544 -82.8152 63.9108
0 -8.76548 -82.8151 63.9308
0 -8.7655 -82.8151 63.9508
0 -8.76551 -82.8151 63.9708
0 -8.76551 -82.8151 63.9908
0 -8.76552 -82.8151 64.0108
0 -8.76552 -82.8151 64.0307
0 -8.76552 -82.8151 64.0508
0 -8.76552 -82.8151 64.0708
0 -8.76552 -82.8151 64.0907
0 -8.76553 -82.8151 64.1107
0 -8.76553 -82.8151 64.1307
0 -8.76553 -82.8151 64.1507
0 -8.76553 -82.8151 64.1707
0 -8.76553 -82.8151 64.1907
0 -8.80695 -82.7982 64.2107
0 -8.93546 -82.7457 64.2307
0 -9.15792 -82.6552 64.2508
0 -9.43702 -82.5421 64.2709
0 -9.75037 -82.4158 64.2908
0 -10.0636 -82.2899 64.3108
0 -10.3562 -82.1729 64.3309
0 -10.5944 -82.0778 64.3508
0 -10.7584 -82.0125 64.3707
0 -10.8567 -81.9733 64.3907
0 -10.9157 -81.9497 64.4107
0 -10.9511 -81.9356 64.4307
0 -10.9724 -81.9272 64.4508
0 -11.0061 -81.9138 64.4708
0 -11.0472 -81.8975 64.4908
0 -11.0929 -81.8795 64.5108
0 -11.1622 -81.8522 64.5308
0 -11.2248 -81.8275 64.5508
0 -11.3253 -81.788 64.5708
0 -11.4486 -81.7396 64.5907
0 -11.6067 -81.6778 64.6107
0 -11.7599 -81.6062 64.6308
0 -11.915 -81.5388 64.6507
0 -12.1087 -81.4476 64.6707
0 -12.3211 -81.3324 64.6908
0 -12.5448 -81.2029 64.7108
0 -12.759 -81.0828 64.7309
0 -12.9675 -80.9684 64.7509
0 -13.1516 -80.8656 64.7708
0 -13.3045 -80.7878 64.7908
0 -13.4128 -80.7231 64.8107
0 -13.5203 -80.6681 64.8308
0 -13.6273 -80.619 64.8509
0 -13.7293 -80.5635 64.8707
0 -13.8119 -80.5222 64.8909
0 -13.8567 -80.4874 64.9108
0 -13.9048 -80.4585 64.9308
0 -13.9291 -80.4312 64.9508
0 -13.9649 -80.4068 64.9708
0 -14.0077 -80.3841 64.9908
0 -14.0547 -80.3624 65.0112
0 -14.0995 -80.3314 65.0307
0 -14.1904 -80.2888 65.0508
0 -14.3089 -80.2392 65.0711
0 -14.4227 -80.1935 65.0907
0 -14.5244 -80.13 65.1107
0 -14.6523 -80.02 65.1309
0 -14.7793 -79.9 65.1508
0 -14.9011 -79.764 65.1708
0 -14.9817 -79.6443 65.1907
0 -15.0374 -79.5346 65.2108
0 -15.0737 -79.4208 65.2307
0 -15.1243 -79.3065 65.2507
0 -15.1669 -79.21 65.2708
0 -15.1877 -79.1421 65.2908
0 -15.2171 -79.0834 65.3108
0 -15.2347 -79.0482 65.3308
0 -15.2452 -79.0271 65.3508
0 -15.2516 -79.0144 65.3707
0 -15.2554 -79.0068 65.3908
0 -15.2576 -79.0022 65.4107
0 -15.259 -78.9995 65.4308
0 -15.2551 -78.9878 65.4508
0 -15.2528 -78.9809 65.4707
0 -15.2514 -78.9767 65.4907
0 -15.2506 -78.9742 65.5107
0 -15.2501 -78.9727 65.5309
0 -15.2498 -78.9718 65.5507
0 -15.2496 -78.9712 65.5707
0 -15.2495 -78.9709 65.5909
0 -15.2494 -78.9707 65.6107
0 -15.2494 -78.9706 65.6308
0 -15.2709 -78.9625 65.6507
0 -15.3484 -78.9336 65.6707
0 -15.438 -78.9003 65.6907
0 -15.5302 -78.8544 65.7108
0 -15.6456 -78.7929 65.7307
0 -15.758 -78.7401 65.7507
0 -15.8855 -78.6745 65.7708
0 -16.0007 -78.6092 65.7907
0 -16.0867 -78.5521 65.811
0 -16.1553 -78.4998 65.8308
0 -16.2181 -78.4606 65.8507
0 -16.2728 -78.419 65.8708
0 -16.3489 -78.3783 65.8907
0 -16.4333 -78.3279 65.9107
0 -16.5272 -78.2819 65.9307
0 -16.596 -78.2263 65.9507
0 -16.676 -78.167 65.9708
0 -16.7675 -78.1157 65.9908
0 -16.8394 -78.0669 66.0108
0 -16.9214 -78.0118 66.0308
0 -16.9877 -77.9608 66.051
0 -17.0275 -77.9302 66.0708
0 -17.0079 -77.8782 66.0908
0 -16.9044 -77.7697 66.1108
0 -16.7212 -77.605 66.1308
0 -16.4853 -77.3966 66.1508
0 -16.2466 -77.1843 66.1707
0 -16.0259 -76.9716 66.191
0 -15.8571 -76.7718 66.2108
0 -15.7534 -76.6122 66.2308
0 -15.7178 -76.4493 66.2507
0 -15.7131 -76.2834 66.2708
0 -15.727 -76.1157 66.2911
0 -15.7572 -76.007 66.3107
0 -15.7753 -75.9417 66.3307
0 -15.7862 -75.9026 66.3508
0 -15.7927 -75.8791 66.3707
0 -15.7967 -75.865 66.3907
0 -15.799 -75.8565 66.411
0 -15.8004 -75.8515 66.4307
0 -15.8231 -75.8403 66.4508
0 -15.8368 -75.8336 66.4698
0 -15.845 -75.8296 66.4898
0 -15.8718 -75.8191 66.5097
0 -15.8879 -75.8128 66.5298
0 -15.8828 -75.7978 66.5498
0 -15.8746 -75.7286 66.5697
0 -15.8131 -75.6127 66.5898
0 -15.6899 -75.4464 66.6098
0 -15.5418 -75.2208 66.6298
0 -15.3488 -74.9372 66.6502
0 -15.1284 -74.6187 66.6698
0 -14.8792 -74.2882 66.6898
0 -14.6344 -73.9419 66.7098
0 -14.402 -73.5864 66.7297
0 -14.1647 -73.2343 66.7499
0 -13.9663 -72.8973 66.7698
0 -13.8112 -72.5909 66.7898
0 -13.7141 -72.3154 66.8098
0 -13.6225 -72.0867 66.8298
0 -13.5545 -71.9079 66.8498
0 -13.4733 -71.7569 66.87
0 -13.3941 -71.644 66.8898
0 -13.3486 -71.5457 66.9098
0 -13.3183 -71.4456 66.93
0 -13.3002 -71.3855 66.9498
0 -13.2892 -71.3495 66.9698
0 -13.2777 -71.3172 66.9898
0 -13.2708 -71.2978 67.0098
0 -13.2666 -71.2862 67.0298
0 -13.2641 -71.2792 67.0498
0 -13.2626 -71.275 67.0698
0 -13.2839 -71.2639 67.0898
0 -13.319 -71.2486 67.1098
0 -13.3622 -71.2308 67.1298
0 -13.4276 -71.1922 67.1498
0 -13.5559 -71.1346 67.1698
0 -13.717 -71.0551 67.1899
0 -13.8707 -70.9602 67.2098
0 -13.9975 -70.8648 67.2298
0 -14.0637 -70.786 67.2498
0 -14.0984 -70.728 67.27
0 -14.1365 -70.674 67.2898
0 -14.1595 -70.6415 67.3098
0 -14.1732 -70.6221 67.3298
0 -14.1814 -70.6104 67.3498
0 -14.1864 -70.6034 67.3698
0 -14.2117 -70.5906 67.3898
0 -14.2492 -70.5744 67.4098
0 -14.3115 -70.5368 67.4299
0 -14.3936 -70.4972 67.4498
0 -14.4876 -70.4564 67.4698
0 -14.5839 -70.4041 67.4898
0 -14.664 -70.3642 67.5098
0 -14.7021 -70.3187 67.5298
0 -14.7425 -70.2722 67.5498
0 -14.7841 -70.225 67.5698
0 -14.8315 -70.1882 67.5898
0 -14.86 -70.1661 67.6098
0 -14.8771 -70.1528 67.6298
0 -14.8823 -70.1341 67.6498
0 -14.8855 -70.1229 67.6698
0 -14.9098 -70.1077 67.6898
0 -14.9693 -70.0815 67.7099
0 -15.0275 -70.0573 67.7298
0 -15.1073 -70.0258 67.7498
0 -15.1776 -69.9984 67.7698
0 -15.2648 -69.9651 67.7898
0 -15.3621 -69.9281 67.8098
0 -15.4429 -69.8975 67.8298
0 -15.5139 -69.8707 67.8498
0 -15.5741 -69.8354 67.8698
0 -15.6553 -69.7973 67.8898
0 -15.7265 -69.7661 67.9098
0 -15.7917 -69.7389 67.9299
0 -15.8534 -69.7142 67.9498
0 -15.913 -69.6909 67.97
0 -15.9438 -69.6661 67.9898
0 -15.9573 -69.6405 68.0098
0 -15.9654 -69.625 68.0298
0 -15.9703 -69.6158 68.0498
0 -15.9732 -69.6102 68.0699
0 -15.975 -69.6069 68.0898
0 -15.9986 -69.5965 68.1098
0 -16.0078 -69.5794 68.1298
0 -16.0084 -69.5584 68.1502
0 -16.0264 -69.5265 68.1698
0 -16.0597 -69.4989 68.1898
0 -16.1023 -69.474 68.2098
0 -16.1681 -69.4314 68.2298
0 -16.2302 -69.3975 68.2498
0 -16.2851 -69.3579 68.2699
0 -16.3357 -69.3149 68.2898
0 -16.3887 -69.2807 68.3098
0 -16.4204 -69.2602 68.3298
0 -16.4848 -69.2312 68.3504
0 -16.5913 -69.1887 68.37
0 -16.7005 -69.1465 68.3898
0 -16.8113 -69.1045 68.41
0 -16.9231 -69.0627 68.4298
0 -17.0534 -69.0018 68.4498
0 -17.2224 -68.932 68.4699
0 -17.3871 -68.8545 68.4898
0 -17.5314 -68.7914 68.5098
0 -17.6358 -68.7344 68.5299
0 -17.7212 -68.692 68.5498
0 -17.7725 -68.6665 68.5698
0 -17.8032 -68.6512 68.5899
0 -17.8444 -68.6338 68.6098
0 -17.8692 -68.6234 68.6298
0 -17.9068 -68.6089 68.65
0 -17.9293 -68.6002 68.6698
0 -17.9429 -68.5949 68.6898
0 -17.951 -68.5918 68.7112
0 -17.9559 -68.5899 68.7306
0 -17.9588 -68.5888 68.7498
0 -17.9833 -68.5799 68.7698
0 -18.0208 -68.5663 68.7898
0 -18.0661 -68.55 68.8098
0 -18.0933 -68.5402 68.8299
0 -18.1324 -68.5261 68.8498
0 -18.1786 -68.5094 68.8701
0 -18.2292 -68.4912 68.8899
0 -18.2595 -68.4803 68.9098
0 -18.2728 -68.4628 68.9299
0 -18.3036 -68.4441 68.95
0 -18.3678 -68.4165 68.9698
0 -18.4291 -68.3917 68.9898
0 -18.461 -68.3659 69.01
0 -18.5029 -68.3422 69.0298
0 -18.5281 -68.328 69.0498
0 -18.5384 -68.3085 69.0699
0 -18.5445 -68.2968 69.0898
0 -18.5482 -68.2898 69.1098
0 -18.5732 -68.2774 69.1298
0 -18.5883 -68.27 69.1501
0 -18.5924 -68.2545 69.1698
0 -18.5949 -68.2452 69.1898
0 -18.5964 -68.2397 69.2098
0 -18.6201 -68.2282 69.2298
0 -18.6752 -68.1939 69.2498
0 -18.7311 -68.1652 69.2698
0 -18.7876 -68.1399 69.29
0 -18.8166 -68.1137 69.3098
0 -18.87 -68.0596 69.3299
0 -18.9381 -67.9889 69.3499
0 -18.9921 -67.9163 69.3698
0 -19.0197 -67.8618 69.3898
0 -19.0362 -67.8291 69.4098
0 -19.0461 -67.8095 69.4301
0 -19.0521 -67.7977 69.4499
0 -19.0556 -67.7906 69.4699
0 -19.0758 -67.7672 69.4898
0 -19.1109 -67.7451 69.5101
0 -19.1319 -67.7318 69.5299
0 -19.1396 -67.7128 69.5498
0 -19.1443 -67.7014 69.5702
0 -19.1243 -67.6505 69.5899
0 -19.0771 -67.5327 69.6099
0 -19.0086 -67.3637 69.6301
0 -18.9118 -67.152 69.6499
0 -18.8391 -66.8869 69.67
0 -18.7911 -66.5904 69.6899
0 -18.7426 -66.3153 69.71
0 -18.7063 -66.0964 69.7299
0 -18.6796 -65.9539 69.7498
0 -18.6586 -65.8573 69.7699
0 -18.6691 -65.791 69.7899
0 -18.6754 -65.7512 69.8099
0 -18.6743 -65.7162 69.8299
0 -18.6736 -65.6952 69.8499
0 -18.6682 -65.6715 69.8699
0 -18.665 -65.6572 69.8899
0 -18.6581 -65.6375 69.91
0 -18.6539 -65.6257 69.9299
0 -18.6746 -65.6103 69.9499
0 -18.687 -65.6011 69.9699
0 -18.6894 -65.5844 69.9899
0 -18.6909 -65.5744 70.0099
0 -18.6918 -65.5683 70.0299
0 -18.6923 -65.5647 70.0499
0 -18.6877 -65.5514 70.07
0 -18.6849 -65.5435 70.0899
0 -18.6832 -65.5387 70.1101
0 -18.6822 -65.5358 70.13
0 -18.6354 -65.4979 70.1498
0 -18.53 -65.4149 70.17
0 -18.3845 -65.2938 70.1899
0 -18.2534 -65.1535 70.2099
0 -18.1619 -65.0257 70.2299
0 -18.1069 -64.949 70.2501
0 -18.0921 -64.8834 70.2699
0 -18.1014 -64.8244 70.2899
0 -18.1252 -64.7693 70.3099
0 -18.1394 -64.7363 70.3299
0 -18.143 -64.7052 70.3499
0 -18.1451 -64.6866 70.3699
0 -18.1464 -64.6754 70.39
0 -18.1421 -64.6575 70.4099
0 -18.1628 -64.6383 70.4299
0 -18.2448 -64.6016 70.4507
0 -18.2889 -64.5684 70.4699
0 -18.3387 -64.5401 70.4899
0 -18.3635 -64.5118 70.5099
0 -18.4248 -64.4781 70.5299
0 -18.5031 -64.4299 70.5499
0 -18.6148 -64.3647 70.5699
0 -18.7367 -64.2667 70.5899
0 -18.8647 -64.1492 70.6101
0 -18.9964 -64.0198 70.6299
0 -19.1072 -63.8918 70.6499
0 -19.2287 -63.7563 70.6701
0 -19.3334 -63.6246 70.6899
0 -19.3862 -63.5231 70.7099
0 -19.4128 -63.4509 70.7299
0 -19.4288 -63.4076 70.7499
0 -19.4618 -63.3733 70.7699
0 -19.5 -63.3332 70.7899
0 -19.5413 -63.2895 70.8099
0 -19.5661 -63.2634 70.8299
0 -19.581 -63.2476 70.8499
0 -19.5899 -63.2382 70.8699
0 -19.5953 -63.2326 70.8899
0 -19.5985 -63.2292 70.9099
0 -19.6004 -63.2271 70.9299
0 -19.6434 -63.198 70.9499
0 -19.716 -63.1639 70.9699
0 -19.8299 -63.1186 70.9899
0 -19.9587 -63.044 71.0099
0 -20.1149 -62.9324 71.0299
0 -20.2876 -62.7986 71.0499
0 -20.437 -62.6373 71.0699
0 -20.5673 -62.4482 71.0899
0 -20.6813 -62.2314 71.1099
0 -20.7332 -62.0035 71.1299
0 -20.7765 -61.7721 71.1499
0 -20.7824 -61.5887 71.1699
0 -20.8045 -61.4592 71.19
0 -20.8178 -61.3815 71.2099
0 -20.8258 -61.3348 71.2299
0 -20.8306 -61.3069 71.2499
0 -20.8334 -61.2901 71.2699
0 -20.8352 -61.28 71.2899
0 -20.8362 -61.274 71.3099
0 -20.8368 -61.2703 71.3299
0 -20.8372 -61.2682 71.3499
0 -20.8374 -61.2669 71.3699
0 -20.8375 -61.2661 71.3899
0 -20.8613 -61.2573 71.4099
0 -20.8755 -61.252 71.4302
0 -20.8841 -61.2488 71.4499
0 -20.8892 -61.2469 71.4699
0 -20.916 -61.2374 71.4899
0 -20.9557 -61.2234 71.5099
0 -21.0032 -61.2067 71.5299
0 -21.0554 -61.1884 71.5499
0 -21.0867 -61.1774 71.5699
0 -21.1055 -61.1708 71.5899
0 -21.1168 -61.1668 71.6099
0 -21.1235 -61.1644 71.6299
0 -21.1276 -61.163 71.6499
0 -21.13 -61.1621 71.6699
0 -21.1315 -61.1616 71.6899
0 -21.1324 -61.1613 71.7099
0 -21.1329 -61.1611 71.7299
0 -21.1332 -61.161 71.7499
0 -21.1334 -61.161 71.7699
0 -21.1335 -61.1609 71.7899
0 -21.1336 -61.1609 71.8099
0 -21.1573 -61.1526 71.8299
0 -21.1716 -61.1476 71.8499
0 -21.2038 -61.1363 71.8701
0 -21.2706 -61.1129 71.8899
0 -21.358 -61.0824 71.9099
0 -21.4343 -61.0558 71.93
0 -21.5037 -61.0316 71.95
0 -21.5929 -61.0006 71.9701
0 -21.6939 -60.9655 71.9899
0 -21.802 -60.928 72.0099
0 -21.9144 -60.8891 72.03
0 -22.0057 -60.8576 72.0499
0 -22.0604 -60.8387 72.0701
0 -22.0933 -60.8273 72.0899
0 -22.1368 -60.8123 72.1099
0 -22.2104 -60.787 72.13
0 -22.3261 -60.7473 72.1499
0 -22.4193 -60.7153 72.1699
0 -22.4991 -60.688 72.19
0 -22.5469 -60.6716 72.21
0 -22.5756 -60.6618 72.23
0 -22.6167 -60.6477 72.2499
0 -22.6652 -60.6312 72.2701
0 -22.7181 -60.6131 72.2899
0 -22.7498 -60.6023 72.3099
0 -22.7689 -60.5958 72.3301
0 -22.828 -60.5757 72.3499
0 -22.9112 -60.5474 72.3699
0 -23.0089 -60.5143 72.3901
0 -23.1392 -60.4703 72.4099
0 -23.3369 -60.4037 72.4299
0 -23.5752 -60.3237 72.45
0 -23.8381 -60.2359 72.47
0 -24.0917 -60.1515 72.4901
0 -24.2679 -60.0929 72.5129
0 -24.3737 -60.0578 72.5299
0 -24.4216 -60.0236 72.5499
0 -24.3964 -59.9298 72.5699
0 -24.3755 -59.7845 72.59
0 -24.333 -59.6161 72.6099
0 -24.2243 -59.4385 72.6299
0 -24.1205 -59.2718 72.65
0 -24.0147 -59.1002 72.6699
0 -23.8784 -58.9221 72.6899
0 -23.7428 -58.7204 72.7099
0 -23.615 -58.5385 72.7299
0 -23.4918 -58.3685 72.7499
0 -23.4077 -58.2432 72.7699
0 -23.3423 -58.1333 72.7899
0 -23.2979 -58.0558 72.81
0 -23.2713 -58.0092 72.8299
0 -23.2396 -57.9683 72.85
0 -23.1732 -57.9046 72.8699
0 -23.0892 -57.7946 72.8902
0 -22.9928 -57.6122 72.91
0 -22.8506 -57.4261 72.9299
0 -22.6757 -57.2261 72.9501
0 -22.5102 -57.0213 72.97
0 -22.3262 -56.8219 72.9899
0 -22.1519 -56.6505 73.01
0 -21.9834 -56.4961 73.0302
0 -21.8132 -56.34 73.05
0 -21.6872 -56.1993 73.0704
0 -21.5987 -56.0689 73.09
0 -21.5377 -55.9566 73.11
0 -21.5336 -55.8595 73.13
0 -21.526 -55.7893 73.1503
0 -21.5214 -55.7472 73.17
0 -21.5186 -55.722 73.19
0 -21.517 -55.7068 73.21
0 -21.5888 -55.6726 73.2301
0 -21.7291 -55.6186 73.25
0 -21.9105 -55.5529 73.27
0 -22.0923 -55.4885 73.29
0 -22.2501 -55.4333 73.31
0 -22.3935 -55.3836 73.33
0 -22.5526 -55.3291 73.3501
0 -22.6969 -55.2798 73.37
0 -22.7834 -55.2503 73.39
0 -22.8354 -55.2326 73.41
0 -22.8665 -55.2219 73.43
0 -22.8532 -55.1896 73.45
0 -22.7919 -55.1192 73.4702
0 -22.6909 -55.0252 73.49
0 -22.566 -54.9169 73.51
0 -22.4266 -54.8003 73.53
0 -22.3269 -54.7174 73.55
0 -22.2671 -54.6677 73.57
0 -22.226 -54.6258 73.5901
0 -22.2258 -54.5923 73.61
0 -22.2205 -54.5602 73.63
0 -22.2418 -54.5325 73.6501
0 -22.2545 -54.516 73.67
0 -22.2622 -54.506 73.69
0 -22.2616 -54.488 73.7101
0 -22.2561 -54.4651 73.73
0 -22.2773 -54.443 73.75
0 -22.3092 -54.4094 73.77
0 -22.4018 -54.3643 73.79
0 -22.5011 -54.3085 73.81
0 -22.629 -54.2381 73.83
0 -22.7741 -54.159 73.85
0 -22.905 -54.0829 73.87
0 -23.0081 -54.029 73.89
0 -23.07 -53.9967 73.91
0 -23.1265 -53.957 73.93
0 -23.1604 -53.9331 73.95
0 -23.2053 -53.9106 73.97
0 -23.2762 -53.8685 73.99
0 -23.3432 -53.835 74.01
0 -23.4326 -53.7985 74.03
0 -23.5057 -53.7563 74.05
0 -23.5987 -53.7146 74.0702
0 -23.6986 -53.6611 74.09
0 -23.778 -53.6087 74.1129
0 -23.8452 -53.5569 74.1303
0 -23.9347 -53.5096 74.15
0 -24.0377 -53.4649 74.17
0 -24.1437 -53.4096 74.19
0 -24.2217 -53.344 74.21
0 -24.2881 -53.2844 74.23
0 -24.3279 -53.2486 74.25
0 -24.3713 -53.2068 74.2701
0 -24.4221 -53.1737 74.29
0 -24.5019 -53.1376 74.31
0 -24.5941 -53.0875 74.3301
0 -24.6886 -53.017 74.35
0 -24.7453 -52.9747 74.37
0 -24.7794 -52.9493 74.39
0 -24.8194 -52.9138 74.41
0 -24.8434 -52.8925 74.43
0 -24.8826 -52.8717 74.45
0 -24.9061 -52.8592 74.47
0 -24.9449 -52.8436 74.49
0 -24.9929 -52.8262 74.51
0 -25.0465 -52.8077 74.53
0 -25.1034 -52.7886 74.55
0 -25.1623 -52.7691 74.5702
0 -25.2224 -52.7493 74.5902
0 -25.2833 -52.7295 74.6117
0 -25.3693 -52.7016 74.6302
0 -25.4706 -52.6688 74.65
0 -25.6006 -52.613 74.67
0 -25.7035 -52.5716 74.69
0 -25.7652 -52.5467 74.7101
0 -25.8271 -52.5239 74.73
0 -25.8642 -52.5102 74.75
0 -25.9062 -52.4817 74.7701
0 -25.9563 -52.4567 74.79
0 -26.0112 -52.4338 74.81
0 -26.0441 -52.42 74.83
0 -26.0836 -52.3916 74.85
0 -26.1322 -52.3666 74.87
0 -26.206 -52.3235 74.89
0 -26.3198 -52.2617 74.9102
0 -26.4578 -52.1886 74.93
0 -26.5853 -52.1168 74.95
0 -26.7066 -52.0457 74.97
0 -26.8192 -51.9628 74.99
0 -26.9366 -51.8973 75.01
0 -27.057 -51.8424 75.03
0 -27.1992 -51.7738 75.05
0 -27.3344 -51.717 75.0701
0 -27.4356 -51.6628 75.09
0 -27.5213 -51.6226 75.11
0 -27.5977 -51.5906 75.13
0 -27.7186 -51.5482 75.15
0 -27.8613 -51.4873 75.17
0 -28.0221 -51.4276 75.1901
0 -28.1888 -51.3563 75.21
0 -28.3843 -51.2706 75.23
0 -28.5668 -51.1714 75.25
0 -28.767 -51.0566 75.27
0 -28.9021 -50.9553 75.2901
0 -29.0034 -50.8745 75.31
0 -29.0642 -50.8261 75.33
0 -29.1006 -50.797 75.3502
0 -29.1225 -50.7795 75.37
0 -29.1356 -50.7691 75.39
0 -29.1687 -50.7552 75.4102
0 -29.2137 -50.7393 75.43
0 -29.3365 -50.687 75.45
0 -29.5363 -50.6179 75.4703
0 -29.7725 -50.514 75.49
0 -29.9651 -50.367 75.5102
0 -30.1215 -50.1693 75.5308
0 -30.2409 -49.9736 75.5502
0 -30.3127 -49.7868 75.5701
0 -30.3458 -49.65 75.5908
0 -30.3656 -49.5679 75.6101
0 -30.3775 -49.5187 75.63
0 -30.3846 -49.4891 75.6504
0 -30.3889 -49.4714 75.67
0 -30.3915 -49.4607 75.6902
0 -30.393 -49.4544 75.7101
0 -30.394 -49.4505 75.73
0 -30.3945 -49.4482 75.7502
0 -30.3949 -49.4469 75.77
0 -30.3951 -49.446 75.79
0 -30.3952 -49.4455 75.8101
1 -30.4079 -49.4757 76.6707
1 -30.4079 -49.4757 76.6901
1 -30.4079 -49.4757 76.7101
1 -30.4079 -49.4757 76.7301
1 -30.4079 -49.4757 76.7502
1 -30.4079 -49.4757 76.7701
1 -30.4079 -49.4757 76.7901
1 -30.4079 -49.4757 76.8101
1 -30.4079 -49.4757 76.8301
1 -30.4079 -49.4757 76.8501
1 -30.4079 -49.4757 76.8701
1 -30.4079 -49.4757 76.8901
1 -30.4079 -49.4757 76.9101
1 -30.4079 -49.4757 76.9303
1 -30.4079 -49.4757 76.9501
1 -30.4079 -49.4757 76.9701
1 -30.4079 -49.4757 76.9901
1 -30.413 -49.488 77.0101
1 -30.416 -49.4955 77.0301
1 -30.4178 -49.4999 77.0503
1 -30.4189 -49.5026 77.0701
1 -30.4196 -49.5042 77.0901
1 -30.4199 -49.5052 77.1101
1 -30.4202 -49.5057 77.1303
1 -30.4203 -49.5061 77.1501
1 -30.4204 -49.5063 77.1701
1 -30.4205 -49.5064 77.1901
1 -30.3698 -49.5215 77.2104
1 -30.2887 -49.5457 77.2301
1 -30.1893 -49.5754 77.2501
1 -30.1044 -49.6007 77.2701
1 -30.0028 -49.6311 77.2901
1 -29.8659 -49.6722 77.3102
1 -29.7332 -49.712 77.3301
1 -29.603 -49.7513 77.3502
1 -29.4743 -49.7901 77.3701
1 -29.3214 -49.8365 77.3901
1 -29.1539 -49.8874 77.4101
1 -28.9777 -49.9412 77.4301
1 -28.7712 -50.0044 77.4501
1 -28.5466 -50.0736 77.4701
1 -28.3112 -50.1463 77.4901
1 -28.0694 -50.2214 77.5101
1 -27.8239 -50.298 77.5302
1 -27.5349 -50.3697 77.5501
1 -27.0891 -50.3861 77.5701
1 -26.5328 -50.3564 77.5903
1 -25.9438 -50.2704 77.6101
1 -25.3601 -50.1433 77.6301
1 -24.8454 -49.989 77.6501
1 -24.4133 -49.824 77.6701
1 -24.0798 -49.6931 77.6901
1 -23.8633 -49.6011 77.7101
1 -23.7335 -49.546 77.7301
1 -23.6555 -49.5129 77.7501
1 -23.6088 -49.493 77.7701
1 -23.5557 -49.4895 77.7901
1 -23.5239 -49.4874 77.8103
1 -23.4799 -49.4945 77.8301
1 -23.4337 -49.5195 77.8501
1 -23.4061 -49.5344 77.8702
1 -23.3645 -49.5518 77.8901
1 -23.3147 -49.5707 77.9102
1 -23.2099 -49.6073 77.9301
1 -23.0475 -49.6632 77.9503
1 -22.8504 -49.7307 77.9701
1 -22.638 -49.8175 77.9902
1 -22.3917 -49.9246 78.0102
1 -22.1943 -50.006 78.0301
1 -22.0315 -50.0841 78.0501
1 -21.9091 -50.1397 78.0701
1 -21.8108 -50.1816 78.0903
1 -21.7076 -50.2361 78.1102
1 -21.5962 -50.2861 78.1304
1 -21.5099 -50.3369 78.1511
1 -21.4333 -50.376 78.1703
1 -21.3432 -50.4289 78.1904
1 -21.2397 -50.478 78.2121
1 -21.1282 -50.5248 78.2301
1 -20.9678 -50.5998 78.2502
1 -20.8029 -50.683 78.2702
1 -20.6599 -50.7626 78.2904
1 -20.5548 -50.8311 78.3101
1 -20.4971 -50.8843 78.3301
1 -20.4432 -50.9371 78.3502
1 -20.3862 -50.9775 78.3701
1 -20.3028 -51.0192 78.3901
1 -20.2088 -51.0739 78.4101
1 -20.1032 -51.1243 78.4301
1 -19.996 -51.1841 78.4501
1 -19.858 -51.2465 78.4703
1 -19.7314 -51.3136 78.4902
1 -19.6363 -51.3748 78.5103
1 -19.5355 -51.4412 78.5301
1 -19.4505 -51.4899 78.5501
1 -19.3585 -51.515 78.5701
1 -19.1964 -51.4744 78.5901
1 -18.9426 -51.356 78.6101
1 -18.5924 -51.1877 78.6303
1 -18.1672 -50.9773 78.6501
1 -17.7134 -50.7552 78.6701
1 -17.2675 -50.5736 78.6903
1 -16.8931 -50.4672 78.7102
1 -16.6439 -50.4125 78.7302
1 -16.4944 -50.3797 78.7501
1 -16.3803 -50.3693 78.7703
1 -16.3118 -50.363 78.7901
1 -16.2217 -50.3777 78.8101
1 -16.1188 -50.4051 78.8301
1 -16.0326 -50.4308 78.8501
1 -15.932 -50.4647 78.8701
1 -15.7984 -50.513 78.8902
1 -15.6206 -50.5793 78.9102
1 -15.4164 -50.6565 78.9301
1 -15.1721 -50.7497 78.9502
1 -14.9526 -50.8339 78.9701
1 -14.7236 -50.9222 78.9901
1 -14.5134 -51.0035 79.0104
1 -14.2659 -51.0998 79.0301
1 -14.0204 -51.1957 79.0501
1 -13.7763 -51.2914 79.0703
1 -13.5573 -51.3776 79.0902
1 -13.3533 -51.4581 79.1101
1 -13.1826 -51.5257 79.1303
1 -13.0319 -51.5855 79.1502
1 -12.8932 -51.6407 79.1701
1 -12.7376 -51.7028 79.1903
1 -12.596 -51.7594 79.2102
1 -12.4628 -51.8127 79.2302
1 -12.3348 -51.8642 79.2503
1 -12.2339 -51.9048 79.2702
1 -12.1011 -51.9583 79.2901
1 -11.9734 -52.01 79.3102
1 -11.8006 -52.08 79.3303
1 -11.6249 -52.1515 79.3503
1 -11.4475 -52.2238 79.3701
1 -11.2691 -52.2967 79.3903
1 -11.0902 -52.37 79.4103
1 -10.9111 -52.4437 79.4301
1 -10.7318 -52.5176 79.4502
1 -10.5525 -52.5916 79.4702
1 -10.3733 -52.6659 79.4903
1 -10.1941 -52.7404 79.5101
1 -9.94786 -52.767 79.531
1 -9.70195 -52.7672 79.5502
1 -9.35804 -52.736 79.5702
1 -8.93832 -52.6748 79.5902
1 -8.48302 -52.63 79.6102
1 -8.00638 -52.5956 79.6302
1 -7.57458 -52.5811 79.6502
1 -7.16301 -52.6008 79.6702
1 -6.79765 -52.6646 79.6902
1 -6.43655 -52.7654 79.7102
1 -6.10181 -52.8781 79.7302
1 -5.78304 -52.9983 79.7502
1 -5.47399 -53.123 79.7703
1 -5.17093 -53.2506 79.7901
1 -4.82467 -53.4013 79.8102
1 -4.45277 -53.5662 79.8302
1 -4.0424 -53.7507 79.8502
1 -3.65601 -53.9258 79.8702
1 -3.30754 -54.0847 79.8902
1 -2.96494 -54.2228 79.9102
1 -2.5811 -54.2927 79.9302
1 -2.16156 -54.289 79.9502
1 -1.64582 -54.2194 79.9702
1 -1.10121 -54.0782 79.9902
1 -0.463819 -53.8735 80.0102
1 0.241536 -53.5995 80.0303
1 0.988818 -53.286 80.0502
1 1.80307 -52.9517 80.0702
1 2.68758 -52.6411 80.0902
1 3.55695 -52.3561 80.1102
1 4.3474 -52.1294 80.1302
1 5.0555 -51.9591 80.1502
1 5.70205 -51.8556 80.1702
1 6.23542 -51.8109 80.1902
1 6.70084 -51.8019 80.2102
1 7.10768 -51.8244 80.2302
1 7.56079 -51.8703 80.2503
1 8.06447 -51.9431 80.2702
1 8.59827 -52.0325 80.2902
1 9.17277 -52.1449 80.3105
1 9.78924 -52.2624 80.3302
1 10.4534 -52.3961 80.3502
1 11.1278 -52.5503 80.3702
1 11.8306 -52.7302 80.3903
1 12.5141 -52.9452 80.4102
1 13.1987 -53.151 80.4302
1 13.8208 -53.3358 80.4502
1 14.4498 -53.5342 80.4702
1 15.0869 -53.7634 80.4902
1 15.7506 -54.0249 80.5114
1 16.4073 -54.2937 80.5304
1 17.0952 -54.5499 80.551
1 17.7611 -54.7952 80.5703
1 18.4094 -55.0129 80.5904
1 19.0948 -55.2632 80.611
1 19.7177 -55.5027 80.6305
1 20.3647 -55.7544 80.6502
1 21.0218 -55.9925 80.6702
1 21.7027 -56.215 80.6903
1 22.4337 -56.4128 80.7102
1 23.2378 -56.6244 80.7302
1 24.0636 -56.8323 80.7502
1 24.945 -57.0674 80.7702
1 25.8376 -57.3066 80.7902
1 26.715 -57.5361 80.8103
1 27.5858 -57.7829 80.8302
1 28.4337 -58.0492 80.8502
1 29.2698 -58.3502 80.8702
1 30.0798 -58.6806 80.8902
1 30.8548 -59.0369 80.9102
1 31.592 -59.4386 80.9302
1 32.3056 -59.8683 80.9502
1 33.0038 -60.3154 80.9702
1 33.7124 -60.7884 80.9903
1 34.4261 -61.2777 81.0102
1 35.1619 -61.7924 81.0302
1 35.9668 -62.3246 81.0503
1 36.769 -62.8172 81.0702
1 37.5649 -63.2441 81.0902
1 38.2958 -63.5876 81.1103
1 38.9858 -63.8606 81.1304
1 39.6309 -64.0769 81.1504
1 40.2306 -64.2662 81.1702
1 40.7843 -64.4462 81.1905
1 41.3686 -64.6454 81.2103
1 42.0154 -64.8352 81.2302
1 42.7119 -65.0458 81.2502
1 43.4588 -65.3069 81.2702
1 44.2538 -65.594 81.2903
1 44.9613 -65.847 81.3102
1 45.5583 -66.0545 81.3302
1 45.9537 -66.1678 81.3506
1 46.1909 -66.2358 81.3703
1 46.3333 -66.2766 81.3903
1 46.4187 -66.3011 81.4103
1 46.4699 -66.3157 81.4303
1 46.5007 -66.3246 81.4502
1 46.5191 -66.3298 81.4704
1 46.5302 -66.333 81.4902
1 46.5172 -66.3193 81.5102
1 46.4506 -66.264 81.5303
1 46.3123 -66.1527 81.5503
1 46.1113 -65.9921 81.5702
1 45.8724 -65.8022 81.5903
1 45.5907 -65.5791 81.6103
1 45.3424 -65.3831 81.6303
1 45.1935 -65.2654 81.6502
1 45.1042 -65.1949 81.6705
1 45.0506 -65.1525 81.6902
1 45.0184 -65.1271 81.7102
1 44.9991 -65.1118 81.7303
1 44.9875 -65.1027 81.7503
0 44.9701 -65.089 82.5104
0 44.9701 -65.089 82.5304
0 44.9701 -65.089 82.5503
0 44.9701 -65.089 82.5704
0 44.9701 -65.089 82.5904
0 44.9701 -65.089 82.6103
0 44.9701 -65.089 82.6303
0 44.9701 -65.089 82.6504
0 44.9701 -65.089 82.6703
0 44.9701 -65.089 82.6903
0 44.9701 -65.089 82.7104
0 44.9701 -65.089 82.7304
0 44.9701 -65.089 82.7504
0 44.9701 -65.089 82.7704
0 44.9701 -65.089 82.7903
0 44.9701 -65.089 82.8103
0 44.9701 -65.089 82.8303
0 44.9701 -65.089 82.8503
0 44.9701 -65.089 82.8703
0 44.9701 -65.089 82.8903
0 44.9701 -65.089 82.9104
0 44.9701 -65.089 82.9304
0 44.9503 -65.0734 82.9504
0 44.879 -65.0175 82.9704
0 44.7766 -64.9373 82.9904
0 44.6556 -64.8426 83.0104
0 44.5234 -64.7392 83.0305
0 44.3843 -64.6307 83.0504
0 44.2411 -64.5191 83.0705
0 44.1153 -64.4212 83.0904
0 44.0398 -64.3625 83.1104
0 43.9946 -64.3272 83.1303
0 43.9674 -64.3061 83.1509
0 43.9511 -64.2934 83.1704
0 43.9413 -64.2858 83.1903
0 43.9354 -64.2812 83.2104
0 43.9266 -64.2743 83.5903
0 43.9266 -64.2743 83.6103
0 43.9266 -64.2743 83.6303
0 43.8668 -64.2279 83.6503
0 43.731 -64.1228 83.6703
0 43.5294 -63.967 83.6903
0 43.3082 -63.7965 83.7103
0 43.0826 -63.607 83.7303
0 42.854 -63.4063 83.7503
0 42.6714 -63.2193 83.7704
0 42.5289 -63.0661 83.7903
0 42.3829 -62.9281 83.8105
0 42.2825 -62.8197 83.8303
0 42.1819 -62.724 83.8503
0 42.1363 -62.6461 83.8706
0 42.1037 -62.5636 83.8903
0 42.084 -62.514 83.9106
0 42.0595 -62.4588 83.9303
0 42.0043 -62.3948 83.9494
0 41.9381 -62.3154 83.9694
0 41.8782 -62.2525 83.9894
0 41.8091 -62.1737 84.0094
0 41.7921 -62.0885 84.0294
0 41.8496 -61.9555 84.0495
0 41.9782 -61.7773 84.0694
0 42.1682 -61.566 84.0893
0 42.375 -61.3194 84.1094
0 42.5997 -61.0412 84.1293
0 42.8148 -60.7283 84.1493
0 42.9737 -60.3803 84.1695
0 43.1079 -60.0222 84.1894
0 43.2069 -59.6421 84.2093
0 43.2527 -59.2282 84.2295
0 43.272 -58.8304 84.2494
0 43.2752 -58.442 84.2693
0 43.2835 -58.1073 84.2895
0 43.2622 -57.8538 84.3094
0 43.2288 -57.6858 84.3296
0 43.1881 -57.5691 84.3494
0 43.1637 -57.4991 84.3693
0 43.149 -57.4571 84.3894
0 43.1402 -57.4319 84.4095
0 43.1425 -57.4064 84.4294
0 43.1438 -57.391 84.4498
0 43.124 -57.3659 84.4693
0 43.0914 -57.335 84.4894
0 43.0718 -57.3164 84.5093
0 43.0394 -57.2894 84.5294
0 43.039 -57.2671 84.5494
0 43.0546 -57.2034 84.5693
0 43.1063 -57.0984 84.5894
0 43.1797 -56.9685 84.6094
0 43.2663 -56.8238 84.6293
0 43.3832 -56.7081 84.6494
0 43.4576 -56.584 84.6693
0 43.5261 -56.3789 84.6893
0 43.5836 -56.0655 84.7096
0 43.6289 -55.6494 84.7293
0 43.6876 -55.1871 84.7493
0 43.75 -54.752 84.7693
0 43.7995 -54.3544 84.7893
0 43.847 -54.0166 84.8094
0 43.8545 -53.7977 84.8293
0 43.859 -53.6663 84.8496
0 43.8617 -53.5875 84.8693
0 43.8633 -53.5402 84.8894
0 43.8642 -53.5119 84.9093
0 43.8648 -53.4948 84.9293
0 43.8652 -53.4846 84.9493
0 43.8444 -53.4623 84.9693
0 43.8395 -53.4382 84.9893
0 43.8232 -53.3968 85.0094
0 43.821 -53.3613 85.0294
0 43.7986 -53.3238 85.0493
0 43.7852 -53.3013 85.0693
0 43.7772 -53.2877 85.0893
0 43.7799 -53.269 85.1094
0 43.7892 -53.247 85.1293
0 43.8024 -53.2232 85.1494
0 43.8044 -53.1713 85.1694
0 43.7998 -53.1026 85.1894
0 43.7913 -53.0238 85.2094
0 43.7592 -52.9227 85.2294
0 43.7206 -52.7975 85.2494
0 43.6704 -52.6686 85.2694
0 43.6133 -52.5374 85.2893
0 43.5655 -52.4317 85.3093
0 43.5022 -52.325 85.3294
0 43.4219 -52.2285 85.3493
0 43.339 -52.1273 85.3694
0 43.2469 -52.034 85.3893
0 43.1644 -51.9242 85.4094
0 43.0801 -51.815 85.4294
0 42.9659 -51.7007 85.4494
0 42.8548 -51.5996 85.4694
0 42.7244 -51.4902 85.4894
0 42.59 -51.3652 85.5095
0 42.4667 -51.2576 85.5294
0 42.3714 -51.1769 85.5494
0 42.3142 -51.1285 85.5694
0 42.2586 -51.0832 85.5894
0 42.2253 -51.056 85.6094
0 42.2052 -51.0397 85.6294
0 42.1932 -51.0299 85.6495
0 42.186 -51.0241 85.6694
0 42.1817 -51.0206 85.6894
0 42.1791 -51.0184 85.7094
0 42.1851 -51.0064 85.7294
0 42.1887 -50.9992 85.7494
0 42.1909 -50.9949 85.7695
0 42.1998 -50.9815 85.7894
0 42.2051 -50.9735 85.8093
0 42.2083 -50.9687 85.8296
0 42.2102 -50.9658 85.8494
0 42.219 -50.9533 85.8694
0 42.2318 -50.9351 85.8894
0 42.2471 -50.9134 85.9096
0 42.2638 -50.8896 85.9294
0 42.2525 -50.8592 85.9503
0 42.232 -50.8139 85.9694
0 42.2059 -50.7597 85.9894
0 42.1765 -50.7002 86.0094
0 42.1451 -50.6376 86.0294
0 42.0697 -50.5404 86.0494
0 41.9893 -50.4389 86.0694
0 41.9058 -50.3348 86.0894
0 41.8205 -50.2291 86.1094
0 41.7264 -50.1331 86.1294
0 41.6347 -50.0324 86.1494
0 41.5367 -49.9394 86.1694
0 41.4135 -49.8351 86.1894
0 41.2826 -49.713 86.2094
0 41.1332 -49.5533 86.2294
0 41.0028 -49.2966 86.2494
0 40.9031 -48.9745 86.2694
0 40.8812 -48.6957 86.2894
0 40.9201 -48.47 86.3094
0 41.0292 -48.2965 86.3294
0 41.1728 -48.1654 86.3494
0 41.3372 -48.0599 86.3694
0 41.4945 -47.9766 86.3895
0 41.6085 -47.9199 86.4094
0 41.6769 -47.8859 86.4294
0 41.7256 -47.8545 86.4494
0 41.7624 -47.8247 86.4694
0 41.7921 -47.7959 86.4894
0 41.8251 -47.7568 86.5095
0 41.8449 -47.7332 86.5294
0 41.8568 -47.7191 86.5494
0 41.8639 -47.7107 86.5694
0 41.8758 -47.6947 86.5894
0 41.883 -47.6851 86.6094
0 41.8949 -47.6684 86.6295
0 41.9096 -47.6475 86.65
0 41.9261 -47.624 86.6694
0 41.9359 -47.6099 86.6896
0 41.9419 -47.6015 86.7094
0 41.9454 -47.5964 86.7294
0 41.9476 -47.5934 86.7494
0 41.9488 -47.5915 86.7694
0 41.9496 -47.5904 86.7894
0 41.9501 -47.5898 86.8095
0 41.9504 -47.5894 86.8295
0 41.9505 -47.5892 86.8494
0 41.9506 -47.589 86.8694
0 41.9507 -47.5889 86.8896
0 41.9507 -47.5889 86.9094
0 41.9507 -47.5888 86.9294
0 41.9507 -47.5888 86.9496
0 41.9508 -47.5888 86.9694
0 41.9508 -47.5888 86.9894
0 41.9508 -47.5888 87.0095
0 41.9508 -47.5888 87.0295
0 41.9508 -47.5888 87.0494
0 41.9291 -47.5724 87.0694
0 41.8728 -47.5297 87.0894
0 41.839 -47.5041 87.1094
0 41.8187 -47.4887 87.1294
0 41.8066 -47.4795 87.1495
0 41.7993 -47.474 87.1694
0 41.7732 -47.4543 87.1894
0 41.7576 -47.4424 87.2094
0 41.7482 -47.4353 87.2294
0 41.7426 -47.4311 87.2494
0 41.7392 -47.4285 87.2694
0 41.7372 -47.427 87.2896
0 41.7219 -47.3987 87.3094
0 41.7128 -47.3818 87.3294
0 41.7073 -47.3716 87.3494
0 41.7039 -47.3655 87.3694
0 41.702 -47.3618 87.3894
0 41.7008 -47.3596 87.4094
0 41.6784 -47.3419 87.4298
0 41.6649 -47.3313 87.4494
0 41.6569 -47.3249 87.4694
0 41.652 -47.3211 87.4894
0 41.6274 -47.3024 87.5096
0 41.5986 -47.2638 87.5294
0 41.5889 -47.2298 87.5494
0 41.569 -47.182 87.5696
0 41.6115 -47.1179 87.5894
0 41.6873 -46.9977 87.6094
0 41.8595 -46.8249 87.6297
0 42.0583 -46.5919 87.6494
0 42.3006 -46.3051 87.6694
0 42.5653 -45.9395 87.6894
0 42.8516 -45.5155 87.7094
0 43.1511 -45.0564 87.7294
0 43.4666 -44.5649 87.7494
0 43.7704 -44.0369 87.7696
0 44.1113 -43.5207 87.7894
0 44.4892 -43.0398 87.8094
0 44.8976 -42.5691 87.8294
0 45.3152 -42.0924 87.8494
0 45.7485 -41.6244 87.8694
0 46.1996 -41.1505 87.8894
0 46.5931 -40.7027 87.9095
0 46.9135 -40.3065 87.9294
0 47.1697 -39.9472 87.9494
0 47.347 -39.6976 87.9695
0 47.4692 -39.5252 87.9894
0 47.5425 -39.4218 88.0095
0 47.5864 -39.3597 88.0295
0 47.6128 -39.3225 88.0494
0 47.6287 -39.3001 88.0695
0 47.6382 -39.2867 88.0895
0 47.6439 -39.2787 88.1095
0 47.6473 -39.2739 88.1294
0 47.6493 -39.271 88.1494
0 47.689 -39.3545 88.5894
0 47.6858 -39.3555 88.6104
0 47.6839 -39.3561 88.6297
0 47.6827 -39.3564 88.6495
0 47.6899 -39.3453 88.6694
0 47.71 -39.3162 88.6896
0 47.7299 -39.2874 88.7095
0 47.7054 -39.2237 88.7294
0 47.6543 -39.1391 88.7496
0 47.5728 -39.013 88.7695
0 47.5174 -38.8972 88.7895
0 47.4857 -38.7764 88.8097
0 47.4745 -38.6927 88.8295
0 47.4835 -38.62 88.8495
0 47.4667 -38.5588 88.8697
0 47.4645 -38.5108 88.8895
0 47.4631 -38.482 88.9095
0 47.4781 -38.4423 88.9296
0 47.4426 -38.3832 88.9495
0 47.3768 -38.3125 88.9694
0 47.2928 -38.2349 88.9895
0 47.228 -38.1595 89.0096
0 47.1446 -38.079 89.0295
0 47.0722 -38.0131 89.0495
0 47.0065 -37.956 89.0695
0 46.9448 -37.9042 89.0902
0 46.8835 -37.8315 89.1097
0 46.7797 -37.7352 89.1295
0 46.6281 -37.6073 89.1495
0 46.4699 -37.4779 89.1695
0 46.2932 -37.3188 89.1895
0 46.1199 -37.1709 89.2095
0 45.971 -37.0471 89.2295
0 45.8368 -36.9379 89.2495
0 45.7113 -36.8375 89.2695
0 45.6135 -36.7598 89.2895
0 45.5098 -36.6782 89.3095
0 45.4476 -36.6293 89.3295
0 45.3878 -36.5825 89.3495
0 45.3723 -36.5479 89.3695
0 45.3384 -36.4858 89.3895
0 45.3238 -36.413 89.4095
0 45.2926 -36.3519 89.4295
0 45.2513 -36.2978 89.4497
0 45.2265 -36.2654 89.4695
0 45.1665 -36.211 89.4895
0 45.151 -36.1719 89.5095
0 45.1191 -36.131 89.5295
0 45.0999 -36.1065 89.5496
0 45.0659 -36.0743 89.5695
0 45.0433 -36.0311 89.5897
0 45.0051 -35.9637 89.6095
0 44.9779 -35.8755 89.6295
0 44.9573 -35.7746 89.6495
0 44.9428 -35.6902 89.6695
0 44.932 -35.6156 89.6895
0 44.9438 -35.5404 89.7095
0 44.934 -35.4423 89.7295
0 44.8828 -35.3486 89.7495
0 44.8272 -35.2511 89.7695
0 44.7917 -35.1687 89.7896
0 44.7555 -35.0901 89.8095
0 44.7544 -35.0364 89.8295
0 44.731 -34.9868 89.8495
0 44.7453 -34.9389 89.8695
0 44.7517 -34.8861 89.8895
0 44.7534 -34.8306 89.9095
0 44.7317 -34.7799 89.9295
0 44.7392 -34.7429 89.9495
0 44.7415 -34.6968 89.9697
0 44.7429 -34.6692 89.9899
0 44.7289 -34.6234 90.0095
0 44.7183 -34.572 90.0297
0 44.7197 -34.5295 90.0495
0 44.7184 -34.48 90.0695
0 44.7233 -34.4146 90.0895
0 44.7013 -34.334 90.1096
0 44.6687 -34.2086 90.1295
0 44.6298 -34.0562 90.1496
0 44.5871 -33.8877 90.1695
0 44.5419 -33.7094 90.1895
0 44.4669 -33.5437 90.2095
0 44.3945 -33.379 90.2295
0 44.3566 -33.2444 90.2495
0 44.3294 -33.1157 90.2695
0 44.3393 -32.9962 90.2895
0 44.32 -32.8831 90.3097
0 44.2832 -32.7739 90.3295
0 44.2382 -32.691 90.3495
0 44.1859 -32.6 90.3695
0 44.1546 -32.5454 90.3896
0 44.1643 -32.4941 90.4095
0 44.1908 -32.4568 90.4295
0 44.2044 -32.4105 90.45
0 44.1896 -32.3654 90.4695
0 44.1784 -32.3144 90.4897
0 44.1694 -32.2599 90.5096
0 44.141 -32.2098 90.5295
0 44.1239 -32.1797 90.5495
0 44.0907 -32.1443 90.5695
0 44.0478 -32.1056 90.5895
0 43.9967 -32.0412 90.6097
0 43.9406 -31.9612 90.6295
0 43.8816 -31.872 90.6495
0 43.8439 -31.7946 90.6695
0 43.8419 -31.7417 90.6895
0 43.8408 -31.71 90.7095
0 43.8401 -31.6909 90.7295
0 43.8397 -31.6795 90.7496
0 43.8394 -31.6726 90.7695
0 43.8369 -31.6446 90.7895
0 43.8202 -31.5983 90.8097
0 43.8286 -31.5402 90.8295
0 43.8543 -31.4988 90.8495
0 43.8983 -31.4554 90.8696
0 43.9432 -31.399 90.8895
0 43.9835 -31.3169 90.9095
0 44.0234 -31.2433 90.9295
0 44.0552 -31.1869 90.9495
0 44.0743 -31.1531 90.9695
0 44.0396 -31.0979 90.9895
0 44.0187 -31.0648 91.0095
0 44.0062 -31.045 91.0295
0 43.9756 -31.0156 91.0497
0 43.9572 -30.998 91.0695
0 43.9669 -30.981 91.0897
0 43.9936 -30.9643 91.1095
0 44.015 -30.9182 91.1296
0 44.0232 -30.8428 91.1495
0 44.0568 -30.7788 91.1695
0 44.1056 -30.7218 91.1897
0 44.1612 -30.645 91.2095
0 44.2233 -30.5803 91.2295
0 44.2661 -30.5053 91.2497
0 44.3413 -30.4352 91.2695
0 44.4286 -30.3262 91.2895
0 44.4944 -30.2123 91.3096
0 44.5604 -30.1014 91.3295
0 44.5976 -30.0109 91.3495
0 44.6464 -29.914 91.3697
0 44.6868 -29.7834 91.3897
0 44.699 -29.615 91.4095
0 44.7384 -29.435 91.4296
0 44.8094 -29.278 91.4495
0 44.8785 -29.1412 91.4695
0 44.9442 -28.9925 91.4895
0 45.0158 -28.8243 91.5095
0 45.1296 -28.6921 91.5296
0 45.2035 -28.5765 91.5495
0 45.2977 -28.4822 91.5696
0 45.3519 -28.4016 91.5896
0 45.4344 -28.3283 91.6095
0 45.5628 -28.2409 91.6295
0 45.7188 -28.1451 91.6496
0 45.818 -28.0512 91.6696
0 45.8935 -27.9701 91.6895
0 45.9547 -27.8968 91.7098
0 45.9761 -27.8226 91.7296
0 45.9502 -27.7301 91.7495
0 45.9194 -27.6445 91.7697
0 45.8855 -27.5629 91.7895
0 45.8577 -27.4714 91.8095
0 45.8336 -27.3741 91.8297
0 45.8116 -27.2732 91.8496
0 45.7517 -27.177 91.8696
0 45.6924 -27.1014 91.8897
0 45.618 -27.0081 91.9098
0 45.5813 -26.9398 91.9295
0 45.5438 -26.8686 91.9499
0 45.5293 -26.8136 91.9696
0 45.5205 -26.7806 91.9895
0 45.4919 -26.7429 92.0097
0 45.4513 -26.7025 92.0298
0 45.4114 -26.6481 92.0499
0 45.3955 -26.6031 92.0698
0 45.3704 -26.546 92.0896
0 45.3554 -26.5117 92.1096
0 45.3308 -26.461 92.1298
0 45.2772 -26.3826 92.1496
0 45.2215 -26.3177 92.1696
0 45.149 -26.2308 92.1896
0 45.1135 -26.1663 92.2095
0 45.0767 -26.0975 92.2296
0 45.039 -26.026 92.2496
0 45.0244 -25.9708 92.2696
0 45.0235 -25.9254 92.2896
0 45.0309 -25.8858 92.3097
0 45.0198 -25.8319 92.3296
0 45.0211 -25.7873 92.3496
0 45.0219 -25.7605 92.3696
0 45.0224 -25.7444 92.3896
0 45.0306 -25.7225 92.4096
0 44.9964 -25.6613 92.4296
0 44.9838 -25.6124 92.4496
0 44.9607 -25.5528 92.4696
0 44.9233 -25.4993 92.4896
0 44.8617 -25.4191 92.5104
0 44.7855 -25.3231 92.5297
0 44.7241 -25.2353 92.5496
0 44.664 -25.1101 92.5704
0 44.6122 -25.0048 92.5896
0 44.5654 -24.9115 92.6096
0 44.5138 -24.8377 92.6296
0 44.4355 -24.7577 92.6496
0 44.3649 -24.6919 92.6697
0 44.3068 -24.6223 92.6896
0 44.2719 -24.5805 92.7096
0 44.251 -24.5554 92.7296
0 44.2596 -24.5337 92.7496
0 44.2411 -24.5029 92.7696
0 44.1827 -24.4487 92.7897
0 44.1002 -24.3806 92.8096
0 44.0192 -24.2795 92.8296
0 43.939 -24.1585 92.8497
0 43.9068 -24.0613 92.8696
0 43.8954 -23.9906 92.8897
0 43.9097 -23.9414 92.9096
0 43.9183 -23.912 92.9296
0 43.9234 -23.8943 92.9496
0 43.9265 -23.8836 92.9696
0 43.9284 -23.8773 92.9896
0 43.9295 -23.8735 93.0096
0 43.9302 -23.8712 93.0297
0 43.9306 -23.8698 93.0496
0 43.9308 -23.869 93.0696
1 43.9549 -23.8855 93.7696
1 43.9691 -23.8962 93.7896
1 43.9777 -23.9027 93.8096
1 43.9828 -23.9065 93.8296
1 43.9859 -23.9088 93.8496
1 43.9877 -23.9102 93.8696
1 43.9888 -23.911 93.8897
1 43.9895 -23.9115 93.9096
1 43.9899 -23.9118 93.9296
1 43.9901 -23.912 93.9496
1 43.9903 -23.9121 93.9696
1 43.9904 -23.9122 93.9896
1 44.0141 -23.9301 94.0096
1 44.0758 -23.9765 94.0297
1 44.1365 -24.0222 94.0496
1 44.1966 -24.0674 94.0696
1 44.2564 -24.1125 94.0898
1 44.3396 -24.1752 94.1096
1 44.4211 -24.2185 94.1296
1 44.4937 -24.2624 94.1497
1 44.5372 -24.2887 94.1696
1 44.5633 -24.3045 94.1896
1 44.579 -24.314 94.2101
1 44.5884 -24.3197 94.2296
1 44.6364 -24.3098 94.2499
1 44.7075 -24.2905 94.2696
1 44.7925 -24.2656 94.2898
1 44.9518 -24.2423 94.3097
1 45.1322 -24.2021 94.3296
1 45.3702 -24.1634 94.3497
1 45.6507 -24.1137 94.3696
1 45.9223 -24.0581 94.3896
1 46.2099 -23.9928 94.4098
1 46.4859 -23.928 94.4296
1 46.7337 -23.8702 94.4497
1 46.9646 -23.8165 94.4698
1 47.1405 -23.7534 94.4897
1 47.3282 -23.6968 94.5098
1 47.5231 -23.6441 94.5297
1 47.7224 -23.5938 94.5497
1 47.9691 -23.5573 94.5697
1 48.2209 -23.5108 94.5896
1 48.4756 -23.4584 94.6097
1 48.7498 -23.458 94.6297
1 49.0122 -23.4704 94.6498
1 49.2674 -23.4907 94.6697
1 49.4949 -23.4971 94.6898
1 49.7057 -23.4954 94.7098
1 49.9065 -23.4889 94.7299
1 50.0699 -23.473 94.7497
1 50.2504 -23.4459 94.7697
1 50.4646 -23.4309 94.7896
1 50.6542 -23.4105 94.8098
1 50.8576 -23.424 94.8296
1 51.046 -23.4391 94.8496
1 51.2253 -23.4552 94.8698
1 51.394 -23.4537 94.8896
1 51.6011 -23.4547 94.9096
1 51.8098 -23.4632 94.9297
1 52.0095 -23.4635 94.9496
1 52.1804 -23.4402 94.9697
1 52.3259 -23.4148 94.9897
1 52.4644 -23.376 95.0098
1 52.6005 -23.354 95.0296
1 52.7584 -23.3611 95.0496
1 52.9143 -23.3546 95.0696
1 53.0608 -23.3521 95.0896
1 53.2017 -23.352 95.1096
1 53.3077 -23.3464 95.1296
1 53.3714 -23.3429 95.1497
1 53.4095 -23.3409 95.1697
1 53.4639 -23.3468 95.1896
1 53.5512 -23.3765 95.2098
1 53.6501 -23.4326 95.2297
1 53.7641 -23.4925 95.2496
1 53.879 -23.5668 95.2699
1 53.9712 -23.6304 95.2897
1 54.0346 -23.6568 95.3096
1 54.0959 -23.6917 95.3297
1 54.1791 -23.751 95.3498
1 54.2603 -23.7939 95.3697
1 54.3405 -23.827 95.3897
1 54.4431 -23.8735 95.4097
1 54.5046 -23.9014 95.4297
1 54.5961 -23.9447 95.4497
1 54.7054 -23.9975 95.4697
1 54.8023 -24.0366 95.4898
1 54.9149 -24.0869 95.5097
1 55.0137 -24.1247 95.5297
1 55.0812 -24.1356 95.5497
1 55.1448 -24.1615 95.5697
1 55.2143 -24.1847 95.5897
1 55.279 -24.2179 95.6097
1 55.3641 -24.2765 95.6298
1 55.4464 -24.3193 95.6497
1 55.5419 -24.3838 95.6697
1 55.6304 -24.4302 95.6897
1 55.7066 -24.4774 95.7098
1 55.7754 -24.5251 95.7297
1 55.8396 -24.5731 95.7497
1 55.9012 -24.6213 95.7698
1 55.9612 -24.6697 95.7897
1 55.9972 -24.6987 95.8097
1 56.0188 -24.7161 95.8305
1 56.0318 -24.7265 95.8497
1 56.0395 -24.7328 95.8697
1 56.0657 -24.731 95.8898
1 56.1341 -24.7323 95.9097
1 56.2265 -24.7106 95.9297
1 56.3547 -24.6697 95.9498
1 56.4829 -24.6227 95.9697
1 56.6111 -24.5721 95.9897
1 56.7476 -24.5078 96.01
1 56.8905 -24.4603 96.0297
1 57.0358 -24.3979 96.0497
1 57.184 -24.3516 96.0698
1 57.3028 -24.307 96.0897
1 57.4052 -24.2883 96.1097
1 57.5424 -24.2995 96.1297
1 57.6707 -24.3456 96.1497
1 57.8247 -24.4208 96.1697
1 57.9941 -24.5136 96.1897
1 58.17 -24.567 96.2097
1 58.327 -24.5771 96.2297
1 58.4956 -24.581 96.2497
1 58.6564 -24.5501 96.2697
1 58.8655 -24.5015 96.2897
1 59.0818 -24.4478 96.3097
1 59.2726 -24.4075 96.3297
1 59.4627 -24.4067 96.3497
1 59.6307 -24.4348 96.3697
1 59.7771 -24.4916 96.3897
1 59.8961 -24.5343 96.4099
1 60.0214 -24.5886 96.4297
1 60.1276 -24.63 96.4497
1 60.2141 -24.6748 96.4698
1 60.2876 -24.6966 96.4897
1 60.3762 -24.7245 96.5097
1 60.451 -24.7362 96.5297
1 60.5403 -24.7582 96.5499
1 60.6238 -24.7551 96.5697
1 60.7183 -24.7682 96.5897
1 60.7967 -24.771 96.6099
1 60.8437 -24.7727 96.6297
1 60.903 -24.7826 96.6497
1 60.9613 -24.8086 96.6697
1 61.019 -24.8443 96.6897
1 61.0536 -24.8657 96.7097
1 61.0827 -24.8674 96.7297
1 61.1001 -24.8684 96.7498
1 61.1416 -24.8779 96.7697
1 61.1975 -24.8925 96.7897
1 61.2765 -24.9416 96.8097
1 61.3548 -24.98 96.8297
1 61.4328 -25.0121 96.8497
1 61.5023 -25.0515 96.8697
1 61.5523 -25.0641 96.8897
1 61.605 -25.0918 96.9098
1 61.6366 -25.1084 96.9297
1 61.6555 -25.1183 96.9497
1 61.6669 -25.1243 96.9697
1 61.682 -25.1168 96.9897
1 61.7138 -25.1325 97.0097
1 61.7638 -25.1511 97.0297
1 61.87 -25.2118 97.0497
1 62.0017 -25.3089 97.0697
1 62.1342 -25.3967 97.0897
1 62.2363 -25.4696 97.1097
1 62.3202 -25.5336 97.1297
1 62.3705 -25.572 97.1497
1 62.4007 -25.5951 97.1697
1 62.4188 -25.6089 97.1897
0 62.446 -25.6297 97.7898
0 62.446 -25.6297 97.8098
0 62.446 -25.6297 97.8299
0 62.446 -25.6297 97.8497
0 62.446 -25.6297 97.8697
0 62.4543 -25.6187 97.8899
0 62.4675 -25.6011 97.9098
0 62.4921 -25.5687 97.9298
0 62.5068 -25.5492 97.9498
0 62.5156 -25.5376 97.9698
0 62.5066 -25.4993 97.9897
0 62.4786 -25.4561 98.0098
0 62.4558 -25.3879 98.0298
0 62.4051 -25.2955 98.0498
0 62.346 -25.1776 98.0698
0 62.2591 -25.024 98.0897
0 62.1555 -24.8491 98.1099
0 62.0273 -24.6302 98.1298
0 61.8843 -24.3848 98.1497
0 61.7405 -24.1127 98.17
0 61.5815 -23.7932 98.1897
0 61.4278 -23.4766 98.2097
0 61.2989 -23.1565 98.2297
0 61.1907 -22.7717 98.2498
0 61.1454 -22.3006 98.2698
0 61.153 -21.7295 98.2897
0 61.2604 -21.1336 98.3099
0 61.4277 -20.5224 98.3298
0 61.6395 -19.8907 98.351
0 61.8627 -19.2945 98.3699
0 62.0708 -18.7246 98.3899
0 62.2395 -18.1866 98.4098
0 62.4091 -17.7144 98.4298
0 62.5184 -17.3142 98.4498
0 62.5986 -16.9199 98.4698
0 62.6834 -16.5238 98.4898
0 62.7722 -16.1527 98.5098
0 62.8634 -15.7966 98.5298
0 62.9724 -15.5076 98.5498
0 63.0545 -15.3124 98.5697
0 63.112 -15.1844 98.5898
0 63.1466 -15.1076 98.6112
0 63.1673 -15.0615 98.6298
0 63.1797 -15.0339 98.6498
1 63.257 -15.0449 99.3698
1 63.257 -15.0449 99.3898
1 63.257 -15.0449 99.4098
1 63.257 -15.0449 99.4298
1 63.257 -15.0449 99.4498
1 63.257 -15.0449 99.4701
1 63.257 -15.0449 99.4898
1 63.257 -15.0449 99.5098
1 63.2804 -15.0659 99.5298
1 63.3178 -15.0996 99.55
1 63.3637 -15.1408 99.5698
1 63.4146 -15.1865 99.5898
1 63.4686 -15.235 99.6099
1 63.5243 -15.2852 99.63
1 63.6045 -15.3573 99.6498
1 63.7226 -15.4639 99.6699
1 63.8402 -15.5699 99.6898
1 63.9573 -15.6758 99.7098
1 64.0742 -15.7815 99.7299
1 64.2142 -15.9083 99.7498
1 64.3679 -16.0478 99.7698
1 64.5299 -16.1949 99.7899
1 64.6967 -16.3468 99.8099
1 64.8884 -16.4963 99.83
1 65.1173 -16.6394 99.8499
1 65.3462 -16.7838 99.8698
1 65.6194 -16.9192 99.89
1 65.8959 -17.0279 99.9099
1 66.1754 -17.1472 99.9298
1 66.4787 -17.2682 99.95
1 66.7741 -17.3952 99.9698
1 67.0425 -17.5308 99.9898
1 67.3184 -17.7194 100.01
1 67.6068 -17.9294 100.03
1 67.8715 -18.1415 100.05
1 68.1217 -18.3549 100.07
1 68.3631 -18.5691 100.09
1 68.5992 -18.784 100.11
1 68.8319 -18.9993 100.13
1 69.0397 -19.1933 100.15
1 69.2326 -19.3746 100.17
1 69.4164 -19.5484 100.19
1 69.572 -19.696 100.21
1 69.7107 -19.8279 100.23
1 69.8392 -19.9504 100.25
1 69.9615 -20.0673 100.27
1 70.0576 -20.1591 100.29
1 70.1378 -20.236 100.31
1 70.2537 -20.3472 100.33
1 70.4135 -20.501 100.35
1 70.5771 -20.6585 100.37
1 70.7873 -20.8356 100.39
1 70.9806 -20.981 100.41
1 71.1411 -21.0857 100.43
1 71.282 -21.1659 100.45
1 71.4335 -21.2533 100.47
1 71.569 -21.3232 100.49
1 71.7484 -21.4425 100.51
1 71.968 -21.6236 100.53
1 72.2338 -21.8638 100.55
1 72.5048 -22.1178 100.57
1 72.7565 -22.3581 100.59
1 72.9743 -22.5682 100.61
1 73.1716 -22.7604 100.63
1 73.3788 -22.9638 100.65
1 73.5918 -23.1741 100.67
1 73.786 -23.3665 100.69
1 73.9467 -23.526 100.71
1 74.0874 -23.666 100.73
1 74.2465 -23.8065 100.75
1 74.4081 -23.9572 100.77
1 74.5492 -24.0918 100.79
1 74.6779 -24.217 100.81
1 74.7991 -24.3363 100.83
1 74.9463 -24.4648 100.85
1 75.1309 -24.621 100.87
1 75.316 -24.7717 100.89
1 75.5012 -24.9193 100.91
1 75.6561 -25.0523 100.93
1 75.771 -25.1544 100.95
1 75.8619 -25.2117 100.97
1 75.9164 -25.246 100.99
1 75.9492 -25.2667 101.01
1 75.9688 -25.279 101.03
0 76.1619 -25.2681 101.449
0 76.1625 -25.268 101.469
0 76.1628 -25.2679 101.489
0 76.163 -25.2679 101.509
0 76.1632 -25.2678 101.529
0 76.1632 -25.2678 101.549
0 76.1633 -25.2678 101.569
0 76.1633 -25.2678 101.589
0 76.1633 -25.2678 101.609
0 76.1718 -25.2582 101.629
0 76.1853 -25.2429 101.649
0 76.2018 -25.224 101.669
0 76.2118 -25.2128 101.689
0 76.2177 -25.206 101.709
0 76.2079 -25.17 101.729
0 76.2104 -25.1389 101.749
0 76.1984 -25.0883 101.769
0 76.1559 -25.0038 101.789
0 76.1118 -24.8797 101.809
0 76.0803 -24.7638 101.829
0 76.0429 -24.621 101.849
0 76.0153 -24.4939 101.869
0 75.9717 -24.3539 101.889
0 75.9268 -24.1966 101.909
0 75.8947 -24.0609 101.929
0 75.8484 -23.9158 101.949
0 75.8069 -23.7968 101.969
0 75.7685 -23.6936 101.989
0 75.7402 -23.5903 102.009
0 75.7096 -23.4965 102.029
0 75.6776 -23.4083 102.049
0 75.6753 -23.3366 102.069
0 75.6687 -23.2522 102.089
0 75.6647 -23.2016 102.109
0 75.6928 -23.1576 102.129
0 75.7539 -23.1227 102.149
0 75.8347 -23.0933 102.169
0 75.9053 -23.0715 102.189
0 75.9919 -23.05 102.209
0 76.0438 -23.0372 102.229
0 76.075 -23.0294 102.249
0 76.0801 -22.9929 102.269
0 75.9727 -22.8586 102.289
0 75.8061 -22.6564 102.309
0 75.629 -22.3848 102.33
0 75.4455 -22.0718 102.349
0 75.2969 -21.7372 102.369
0 75.1692 -21.3899 102.389
0 75.0454 -21.0445 102.409
0 74.9071 -20.7191 102.429
0 74.757 -20.4564 102.449
0 74.5996 -20.2044 102.469
0 74.4823 -19.9768 102.489
0 74.3973 -19.7272 102.509
0 74.354 -19.487 102.529
0 74.358 -19.2479 102.549
0 74.3679 -18.9869 102.569
0 74.4065 -18.684 102.589
0 74.4621 -18.3288 102.609
0 74.5755 -17.9086 102.629
0 74.6786 -17.431 102.65
0 74.7834 -16.882 102.669
0 74.9283 -16.2388 102.689
0 75.058 -15.5897 102.709
0 75.2238 -14.9549 102.729
0 75.3645 -14.444 102.749
0 75.4567 -14.0731 102.769
0 75.512 -13.8505 102.789
0 75.5452 -13.717 102.809
0 75.5651 -13.6369 102.829
0 75.5771 -13.5888 102.849
0 75.595 -13.5167 103.389
0 75.595 -13.5167 103.409
0 75.595 -13.5167 103.429
0 75.595 -13.5167 103.449
0 75.595 -13.5167 103.469
0 75.595 -13.5167 103.489
0 75.595 -13.5167 103.509
0 75.595 -13.5167 103.529
0 75.595 -13.5167 103.549
0 75.595 -13.5167 103.569
0 75.595 -13.5167 103.589
0 75.595 -13.5167 103.609
0 75.595 -13.5167 103.629
0 75.595 -13.5167 103.649
0 75.595 -13.5167 103.669
0 75.595 -13.5167 103.689
0 75.595 -13.5167 103.709
0 75.595 -13.5167 103.729
0 75.5721 -13.4938 103.749
0 75.5584 -13.4801 103.769
0 75.5502 -13.4718 103.789
0 75.5452 -13.4669 103.809
0 75.5423 -13.4639 103.829
0 75.4947 -13.4164 103.849
0 75.4746 -13.3782 103.87
0 75.471 -13.3457 103.889
0 75.4688 -13.3261 103.909
0 75.4446 -13.2915 103.929
0 75.4072 -13.2479 103.949
0 75.3619 -13.1988 103.969
0 75.3202 -13.1369 103.989
0 75.2806 -13.0672 104.009
0 75.2569 -13.0254 104.029
0 75.2198 -12.9774 104.049
0 75.1516 -12.9029 104.069
0 75.0273 -12.7571 104.09
0 74.8691 -12.5686 104.109
0 74.7366 -12.4002 104.129
0 74.5964 -12.221 104.149
0 74.4971 -12.0535 104.169
0 74.4304 -11.8558 104.189
0 74.4057 -11.6353 104.209
0 74.421 -11.4337 104.229
0 74.4686 -11.2337 104.249
0 74.5277 -11.0719 104.269
0 74.5627 -10.9473 104.289
0 74.5922 -10.8628 104.309
0 74.6325 -10.8075 104.329
0 74.6651 -10.7646 104.349
0 74.7299 -10.7297 104.369
0 74.7995 -10.667 104.389
0 74.8723 -10.615 104.409
0 74.9466 -10.5421 104.429
0 75.0534 -10.4698 104.449
0 75.1481 -10.3846 104.47
0 75.2356 -10.2918 104.489
0 75.3125 -10.1518 104.509
0 75.383 -9.98344 104.531
0 75.4417 -9.83538 104.549
0 75.5164 -9.72256 104.569
0 75.5925 -9.64064 104.589
0 75.6149 -9.56841 104.609
0 75.6595 -9.51085 104.629
0 75.7175 -9.46211 104.649
0 75.7522 -9.43286 104.669
0 75.7815 -9.40558 104.689
0 75.7759 -9.36611 104.709
0 75.7493 -9.31933 104.729
0 75.7413 -9.25395 104.749
0 75.7677 -9.2005 104.769
0 75.8375 -9.14976 104.789
0 75.9413 -9.06337 104.809
0 76.0343 -8.96979 104.829
0 76.112 -8.85409 104.849
0 76.1895 -8.74295 104.869
0 76.2984 -8.64796 104.889
0 76.3405 -8.56777 104.909
0 76.3658 -8.51966 104.929
0 76.3344 -8.4444 104.949
0 76.2924 -8.37606 104.969
0 76.2672 -8.33506 104.989
0 76.2288 -8.28728 105.009
0 76.2057 -8.25861 105.029
0 76.177 -8.20843 105.049
0 76.1366 -8.15514 105.069
0 76.1123 -8.12317 105.089
0 76.0977 -8.10399 105.109
0 76.089 -8.09248 105.129
0 76.115 -8.07137 105.149
0 76.1306 -8.0587 105.169
0 76.1623 -8.01913 105.189
0 76.2126 -7.98119 105.209
0 76.2651 -7.92651 105.229
0 76.3363 -7.86969 105.249
0 76.4188 -7.81162 105.269
0 76.4931 -7.7198 105.289
0 76.5307 -7.59424 105.309
0 76.5609 -7.45384 105.329
0 76.5785 -7.34198 105.349
0 76.6054 -7.22762 105.369
0 76.6698 -7.12529 105.389
0 76.7561 -7.00256 105.409
0 76.8243 -6.88171 105.429
0 76.8732 -6.77174 105.449
0 76.9254 -6.70141 105.469
0 76.9647 -6.62174 105.489
0 77.0136 -6.54472 105.509
0 77.0598 -6.47908 105.529
0 77.1272 -6.41593 105.549
0 77.207 -6.32652 105.569
0 77.2713 -6.2257 105.589
0 77.2945 -6.10426 105.609
0 77.2784 -5.96513 105.629
0 77.2538 -5.84852 105.649
0 77.2091 -5.71232 105.669
0 77.1841 -5.57818 105.689
0 77.1854 -5.45052 105.709
0 77.1712 -5.34081 105.729
0 77.1621 -5.24705 105.749
0 77.1333 -5.16731 105.769
0 77.1244 -5.10983 105.789
0 77.119 -5.07534 105.809
0 77.1158 -5.05465 105.829
0 77.1139 -5.04223 105.849
0 77.1211 -5.02516 105.869
0 77.1255 -5.01491 105.889
0 77.1281 -5.00877 105.909
0 77.1297 -5.00508 105.929
0 77.1306 -5.00287 105.949
0 77.1161 -4.96843 105.969
0 77.1159 -4.93816 105.989
0 77.1241 -4.9104 106.009
0 77.1375 -4.88416 106.029
0 77.1455 -4.86841 106.049
0 77.1503 -4.85897 106.069
0 77.1532 -4.8533 106.089
0 77.1634 -4.84032 106.109
0 77.1694 -4.83253 106.129
0 77.1731 -4.82786 106.149
0 77.1753 -4.82506 106.169
0 77.1766 -4.82338 106.189
0 77.1539 -4.79885 106.209
0 77.1403 -4.78414 106.229
0 77.1087 -4.7518 106.249
0 77.0427 -4.6854 106.269
0 76.9796 -4.62207 106.289
0 76.8947 -4.53711 106.309
0 76.8202 -4.46266 106.329
0 76.752 -4.39453 106.349
0 76.6875 -4.33019 106.369
0 76.6488 -4.29159 106.389
0 76.6021 -4.24497 106.409
0 76.5504 -4.19355 106.429
0 76.4959 -4.13926 106.449
0 76.4632 -4.10669 106.469
0 76.4435 -4.08714 106.489
0 76.4317 -4.07542 106.509
0 76.4247 -4.06838 106.529
0 76.4664 -4.05503 106.549
0 76.5144 -4.04248 106.569
0 76.5432 -4.03494 106.589
1 76.5865 -4.02364 107.069
1 76.5865 -4.02364 107.089
1 76.5865 -4.02364 107.109
1 76.5865 -4.02364 107.129
1 76.5865 -4.02364 107.149
1 76.5865 -4.02364 107.169
1 76.5865 -4.02364 107.189
1 76.5865 -4.02364 107.209
1 76.6095 -4.01911 107.229
1 76.6693 -4.00737 107.249
1 76.7747 -4.01484 107.269
1 76.9075 -4.03391 107.289
1 77.0568 -4.06004 107.309
1 77.2394 -4.11401 107.329
1 77.489 -4.23198 107.349
1 77.7551 -4.36496 107.369
1 78.0542 -4.50291 107.389
1 78.3265 -4.6246 107.409
1 78.6057 -4.73252 107.429
1 78.8657 -4.80867 107.449
1 79.0678 -4.84621 107.469
1 79.2668 -4.8747 107.489
1 79.456 -4.93531 107.509
1 79.5929 -4.99546 107.529
1 79.7214 -5.05134 107.549
1 79.8678 -5.10074 107.569
1 80.0021 -5.15025 107.589
1 80.152 -5.19596 107.609
1 80.3578 -5.28719 107.629
1 80.5739 -5.38202 107.649
1 80.7727 -5.42751 107.669
1 80.9612 -5.44354 107.689
1 81.1983 -5.48018 107.709
1 81.3869 -5.52245 107.735
1 81.5232 -5.57178 107.749
1 81.7061 -5.66002 107.769
1 81.862 -5.73334 107.789
1 82.025 -5.82177 107.809
1 82.1689 -5.89528 107.829
1 82.3099 -5.95021 107.849
1 82.4869 -6.05185 107.869
1 82.6393 -6.13339 107.889
1 82.7768 -6.23053 107.909
1 82.8594 -6.28881 107.929
1 82.9173 -6.31417 107.949
1 82.9521 -6.32938 107.969
1 82.973 -6.33851 107.989
1 82.9855 -6.34399 108.009
1 82.993 -6.34727 108.029
1 82.9975 -6.34924 108.049
1 83.0318 -6.36495 108.069
1 83.0838 -6.38893 108.089
1 83.1926 -6.46622 108.109
1 83.2894 -6.52723 108.129
1 83.3934 -6.61221 108.149
1 83.4789 -6.68739 108.169
1 83.5761 -6.7809 108.189
1 83.6575 -6.86122 108.209
1 83.7836 -6.97262 108.229
1 83.9052 -7.08794 108.249
1 84.024 -7.20565 108.269
1 84.1411 -7.3248 108.289
1 84.2342 -7.42057 108.309
1 84.2986 -7.46863 108.329
1 84.3601 -7.52175 108.349
1 84.4139 -7.53486 108.369
1 84.4546 -7.53335 108.389
1 84.479 -7.53245 108.409
1 84.4937 -7.53191 108.429
1 84.5338 -7.54655 108.449
1 84.5809 -7.55191 108.47
1 84.6635 -7.56669 108.489
1 84.753 -7.55349 108.509
1 84.8925 -7.54453 108.529
1 85.085 -7.53484 108.55
1 85.3092 -7.55268 108.569
1 85.5523 -7.5872 108.589
1 85.8067 -7.63189 108.609
1 86.0218 -7.6894 108.629
1 86.2506 -7.78519 108.649
1 86.4788 -7.94106 108.669
1 86.6925 -8.07147 108.689
1 86.9518 -8.19909 108.709
1 87.1841 -8.31278 108.729
1 87.4087 -8.40916 108.749
1 87.6286 -8.49527 108.769
1 87.8457 -8.57536 108.789
1 88.0525 -8.66093 108.809
1 88.2621 -8.71299 108.829
1 88.519 -8.76688 108.849
1 88.776 -8.75444 108.869
1 89.0702 -8.73322 108.889
1 89.3727 -8.6731 108.91
1 89.6256 -8.60457 108.929
1 89.8404 -8.5399 108.949
1 90.0632 -8.49388 108.969
1 90.3138 -8.45632 108.989
1 90.6128 -8.4124 109.009
1 90.8867 -8.3513 109.029
1 91.1141 -8.29152 109.049
1 91.3367 -8.22982 109.069
1 91.588 -8.15557 109.089
1 91.8649 -8.06529 109.109
1 92.1341 -7.96828 109.129
1 92.3988 -7.86738 109.149
1 92.6458 -7.75839 109.169
1 92.9428 -7.67354 109.189
1 93.2408 -7.56343 109.209
1 93.5459 -7.45282 109.229
1 93.8321 -7.34471 109.249
1 94.0669 -7.25775 109.269
1 94.3026 -7.17251 109.289
1 94.4839 -7.10194 109.309
1 94.6783 -7.06348 109.329
1 94.8257 -7.05781 109.349
1 94.9364 -7.08024 109.369
1 95.0336 -7.11116 109.389
1 95.0919 -7.12971 109.409
1 95.1492 -7.16668 109.429
1 95.2143 -7.20636 109.449
1 95.2533 -7.23017 109.469
1 95.2991 -7.27032 109.489
1 95.3265 -7.29441 109.509
1 95.3514 -7.30053 109.529
1 95.397 -7.32175 109.549
1 95.455 -7.35207 109.569
1 95.5205 -7.38788 109.589
1 95.6127 -7.45293 109.609
1 95.707 -7.50142 109.629
1 95.7942 -7.54824 109.649
1 95.8549 -7.56813 109.669
1 95.9164 -7.55553 109.689
1 95.9701 -7.53167 109.709
1 96.0496 -7.519 109.729
1 96.1279 -7.52933 109.749
1 96.2054 -7.55349 109.769
1 96.2964 -7.62007 109.789
1 96.4037 -7.70411 109.81
1 96.543 -7.82475 109.829
1 96.7014 -7.96745 109.849
1 96.8574 -8.08942 109.869
1 97.0257 -8.23313 109.889
1 97.1571 -8.33762 109.909
1 97.2885 -8.44479 109.929
1 97.4198 -8.55364 109.949
1 97.5373 -8.62952 109.969
1 97.6382 -8.69347 109.989
1 97.7071 -8.72406 110.009
1 97.7484 -8.74241 110.029
1 97.7732 -8.75343 110.049
1 97.788 -8.76003 110.069
1 97.797 -8.764 110.089
1 97.8023 -8.76638 110.109
1 97.8055 -8.7678 110.129
0 97.8104 -8.76995 110.649
0 97.8104 -8.76995 110.669
0 97.8104 -8.76995 110.689
0 97.8104 -8.76995 110.709
0 97.8104 -8.76995 110.729
0 97.8104 -8.76995 110.749
0 97.8104 -8.76995 110.769
0 97.8104 -8.76995 110.789
0 97.8104 -8.76995 110.809
0 97.8104 -8.76995 110.829
0 97.8104 -8.76995 110.85
0 97.8104 -8.76995 110.869
0 97.7966 -8.73593 110.889
0 97.7664 -8.68929 110.909
0 97.7041 -8.60885 110.929
0 97.6087 -8.47414 110.949
0 97.5019 -8.29908 110.969
0 97.3659 -8.07363 110.989
0 97.1984 -7.78396 111.009
0 97.0118 -7.45582 111.029
0 96.8135 -7.10462 111.049
0 96.608 -6.73964 111.069
0 96.3897 -6.37422 111.089
0 96.2406 -6.02118 111.109
0 96.2193 -5.65127 111.129
0 96.2531 -5.21587 111.149
0 96.3124 -4.71977 111.169
0 96.3801 -4.17416 111.189
0 96.4067 -3.57508 111.209
0 96.471 -2.95141 111.229
0 96.4971 -2.25492 111.249
0 96.5778 -1.52731 111.269
0 96.6681 -0.754269 111.289
0 96.8101 0.0227044 111.309
0 97.0146 0.812892 111.329
0 97.2807 1.64353 111.349
0 97.5836 2.49865 111.369
0 97.9232 3.33404 111.389
0 98.1891 4.1263 111.409
0 98.392 4.7589 111.429
0 98.507 5.18088 111.449
0 98.5841 5.44178 111.469
0 98.6386 5.60604 111.489
0 98.6713 5.7046 111.509
0 98.6909 5.76373 111.529
0 98.7027 5.79921 111.549
0 98.7098 5.8205 111.569
0 98.714 5.83327 111.589
0 98.7165 5.84093 111.609
1 98.7204 5.85243 112.349
1 98.7204 5.85243 112.369
1 98.7204 5.85243 112.389
1 98.7204 5.85243 112.409
1 98.7435 5.82547 112.429
1 98.7573 5.8093 112.449
1 98.7888 5.77264 112.469
1 98.8307 5.72367 112.489
1 98.879 5.66732 112.509
1 98.931 5.60652 112.529
1 98.9853 5.54306 112.549
1 99.0261 5.51265 112.569
1 99.0736 5.46741 112.589
1 99.1252 5.41326 112.609
1 99.1792 5.35376 112.629
1 99.2346 5.29104 112.649
1 99.314 5.19937 112.669
1 99.3927 5.12494 112.689
1 99.463 5.05323 112.709
1 99.5742 4.92904 112.729
1 99.6949 4.80794 112.749
1 99.7986 4.71574 112.769
1 99.8791 4.62123 112.789
1 99.9275 4.49061 112.809
1 99.9565 4.33823 112.829
1 99.9739 4.18008 112.849
1 99.9843 4.00358 112.869
1 99.9906 3.87047 112.889
1 99.9944 3.73615 112.909
1 99.9966 3.62832 112.929
1 99.998 3.54373 112.949
1 99.9988 3.46572 112.969
1 99.9993 3.42623 112.989
1 99.9996 3.37528 113.009
1 99.9997 3.352 113.029
1 99.9998 3.33804 113.049
1 99.9999 3.28238 113.069
1 99.9999 3.1944 113.089
1 100 3.08699 113.109
1 100 3.00247 113.129
1 100 2.8971 113.149
1 100 2.77919 113.169
1 100 2.65375 113.189
1 100 2.53093 113.209
1 100 2.43701 113.229
1 100 2.32587 113.249
1 100 2.23891 113.269
1 100 2.16643 113.289
1 100 2.08223 113.309
1 100 1.98385 113.329
1 100 1.88391 113.349
1 100 1.77594 113.369
1 100 1.67004 113.389
1 100 1.5859 113.409
1 100 1.48723 113.429
1 100 1.37979 113.449
1 100 1.26702 113.469
1 100 1.151 113.489
1 100 1.05378 113.509
1 100 0.974633 113.529
1 100 0.87867 113.549
1 100 0.800208 113.569
1 100 0.676885 113.589
1 100 0.533232 113.609
1 100 0.370568 113.629
1 100 0.203013 113.649
1 100 0.060127 113.669
1 100 -0.040283 113.689
1 100 -0.149603 113.709
1 100 -0.264326 113.729
1 100 -0.403742 113.749
1 100 -0.558143 113.769
1 100 -0.743267 113.789
1 100 -0.919212 113.809
1 100 -1.08992 113.829
1 100 -1.25774 113.849
1 100 -1.40219 113.869
1 100 -1.5547 113.889
1 100 -1.74044 113.909
1 100 -1.91233 113.929
1 100 -2.13271 113.949
1 100 -2.34292 113.969
1 100 -2.57616 113.99
1 100 -2.82972 114.009
1 100 -3.11917 114.029
1 100 -3.43121 114.049
1 100 -3.73454 114.069
1 100 -3.98136 114.089
1 100 -4.23355 114.109
1 100 -4.43188 114.129
1 100 -4.59802 114.149
1 100 -4.74496 114.169
1 100 -4.85679 114.189
1 100 -5.00004 114.209
1 100 -5.1623 114.229
1 100 -5.33125 114.249
1 100 -5.4805 114.269
1 100 -5.58922 114.289
1 100 -5.68327 114.309
1 100 -5.73971 114.329
1 100 -5.77356 114.349
1 100 -5.79646 114.369
1 100 -5.78399 114.389
0 100 -5.75534 114.709
0 100 -5.73841 114.729
0 100 -5.69946 114.749
0 100 -5.6761 114.769
0 100 -5.59974 114.789
0 100 -5.42927 114.809
0 100 -5.14006 114.829
0 100 -4.71268 114.85
0 100 -4.23603 114.869
0 100 -3.72226 114.89
0 100 -3.21028 114.909
0 100 -2.68404 114.929
0 100 -2.08545 114.949
0 100 -1.37471 114.969
0 100 -0.561096 114.989
0 100 0.404665 115.009
0 100 1.50384 115.029
0 100 2.68857 115.049
0 100 3.94988 115.069
0 100 5.23204 115.089
0 100 6.51648 115.109
0 100 7.74464 115.129
0 100 8.87488 115.149
0 100 9.93884 115.169
0 100 10.8955 115.189
0 100 11.7476 115.209
0 100 12.4739 115.229
0 100 13.117 115.249
0 100 13.6809 115.269
0 100 14.1974 115.289
0 100 14.6561 115.31
0 100 15.1064 115.329
0 100 15.5349 115.349
0 100 15.9842 115.369
0 100 16.4369 115.389
0 100 16.9628 115.409
0 100 17.4975 115.429
0 100 18.0715 115.449
0 100 18.6318 115.47
0 100 19.1592 115.489
0 100 19.7053 115.509
0 100 20.2988 115.529
0 100 20.9624 115.549
0 100 21.7022 115.569
0 100 22.5239 115.589
0 100 23.4375 115.609
0 100 24.4253 115.629
0 100 25.4611 115.649
0 100 26.5549 115.669
0 100 27.6787 115.689
0 100 28.73 115.71
0 100 29.6219 115.729
0 100 30.2953 115.749
0 100 30.7295 115.77
0 100 30.99 115.789
0 100 31.1764 115.809
0 100 31.2883 115.829
0 100 31.3554 115.849
0 100 31.3957 115.869
0 100 31.4198 115.889
0 100 31.4343 115.909
0 100 31.443 115.929
0 100 31.4482 115.949
1 100 31.5314 117.449
1 100 31.5314 117.469
1 100 31.5314 117.489
1 100 31.5314 117.51
1 100 31.5314 117.53
1 100 31.5314 117.549
1 100 31.5314 117.57
1 100 31.5314 117.589
1 100 31.5314 117.609
1 100 31.5314 117.629
1 100 31.5314 117.649
1 100 31.5314 117.669
1 100 31.5314 117.689
