0 0 1498 49.7999
0 0 1498 49.8191
0 0 1498 49.8395
0 0 1498 49.859
0 0 1498 49.8792
0 0 1498 49.899
0 0 1498 49.9193
0 0 1498 49.939
0 0 1498 49.959
0 0 1498 49.9794
0 0 1498 49.9991
0 0 1498 50.019
0 0 1498 50.039
0 0 1498 50.0591
0 0 1498 50.079
0 0 1498 50.099
0 0 1498 50.119
0 0 1498 50.139
0 0 1497 50.159
0 0 1497 50.1792
0 0 1497 50.199
0 0 1497 50.219
0 0 1497 50.239
0 0 1497 50.259
0 0 1497 50.279
0 0 1497 50.299
0 0 1497 50.319
0 0 1497 50.339
0 0 1497 50.359
0 0 1496 50.379
0 0 1496 50.3991
0 0 1496 50.419
0 0 1496 50.439
0 0 1496 50.4593
0 0 1496 50.4791
0 0 1496 50.4991
0 0 1496 50.5191
0 0 1496 50.539
0 0 1496 50.559
0 0 1496 50.5791
0 0 1495 50.5991
0 0 1495 50.6191
0 0 1495 50.639
0 0 1495 50.6592
0 0 1495 50.6791
0 0 1495 50.6991
0 0 1495 50.7192
0 0 1495 50.739
0 0 1495 50.7591
0 0 1495 50.7791
0 0 1495 50.7991
0 0 1495 50.8191
0 0 1495 50.839
0 0 1495 50.859
0 0 1495 50.8791
0 0 1495 50.899
0 0 1495 50.9191
0 0 1494 50.9391
0 0 1494 50.9591
0 0 1494 50.979
0 0 1494 50.9992
0 0 1494 51.0191
0 0 1493 51.0392
0 0 1493 51.059
0 0 1493 51.0792
0 0 1493 51.099
0 1 1493 51.1192
0 5 1492 51.1392
0 9 1492 51.1591
0 14 1492 51.1791
0 18 1492 51.1991
0 22 1491 51.2191
0 26 1491 51.2392
0 29 1491 51.259
0 31 1491 51.2791
0 32 1491 51.299
0 33 1491 51.319
0 34 1490 51.3392
0 35 1490 51.3591
0 35 1490 51.3792
0 36 1490 51.3991
0 36 1490 51.4192
0 36 1490 51.4391
0 36 1490 51.4591
0 36 1490 51.4791
0 36 1490 51.4991
0 36 1490 51.5191
0 37 1490 51.5391
0 37 1490 51.5654
0 37 1490 51.5791
0 38 1490 51.5991
0 38 1490 51.619
0 39 1490 51.6392
0 39 1490 51.659
0 40 1490 51.6791
0 41 1490 51.6992
0 44 1490 51.7191
0 46 1490 51.7391
0 48 1490 51.7593
0 49 1490 51.7791
0 50 1490 51.7991
0 51 1489 51.819
0 52 1489 51.8391
0 53 1489 51.859
0 54 1489 51.8791
0 55 1489 51.8991
0 56 1489 51.9191
0 56 1489 51.9391
0 57 1489 51.9591
0 58 1489 51.9793
0 59 1489 51.9991
0 61 1489 52.0194
0 63 1489 52.0391
0 64 1489 52.0591
0 65 1488 52.0791
0 65 1488 52.0991
0 65 1488 52.1191
0 66 1488 52.1392
0 66 1488 52.1591
0 66 1488 52.1791
0 66 1488 52.1991
0 66 1488 52.2192
0 67 1488 52.2391
0 67 1488 52.2592
0 67 1488 52.2791
0 67 1488 52.2991
0 67 1488 52.3191
0 67 1488 52.3391
0 67 1488 52.3591
0 68 1488 52.3793
0 68 1488 52.3991
0 69 1488 52.4191
0 70 1488 52.4391
0 71 1488 52.4581
0 72 1488 52.4781
0 74 1488 52.4981
0 76 1488 52.5183
0 78 1488 52.5381
0 80 1488 52.5581
0 81 1488 52.5781
0 82 1488 52.5981
0 83 1488 52.6181
0 84 1488 52.6381
0 85 1488 52.6581
0 85 1488 52.6783
0 85 1488 52.6981
0 86 1488 52.7181
0 87 1488 52.7381
0 88 1488 52.7581
0 88 1488 52.7781
0 88 1488 52.7981
0 89 1488 52.8181
0 89 1488 52.8381
0 89 1488 52.8583
0 89 1488 52.8782
0 89 1488 52.8983
0 89 1488 52.9181
0 90 1488 52.9383
0 90 1488 52.9581
0 91 1488 52.9781
0 91 1488 52.9981
0 92 1488 53.0182
0 93 1488 53.0381
0 93 1488 53.0582
0 94 1488 53.0781
0 95 1488 53.0981
0 95 1488 53.1181
0 96 1488 53.1381
0 97 1488 53.1583
0 98 1488 53.1781
0 98 1488 53.1983
0 98 1488 53.2183
0 99 1488 53.2382
0 99 1488 53.2583
0 99 1488 53.2783
0 100 1488 53.2981
0 101 1488 53.3181
0 102 1488 53.3381
0 102 1488 53.3581
0 103 1488 53.3781
0 103 1488 53.3981
0 104 1488 53.4181
0 105 1488 53.4381
0 106 1488 53.4583
0 107 1488 53.4781
0 107 1488 53.4981
0 108 1488 53.5181
0 109 1488 53.5383
0 111 1488 53.5582
0 114 1488 53.5782
0 117 1487 53.5982
0 119 1487 53.6181
0 121 1487 53.6381
0 123 1487 53.6582
0 125 1487 53.6781
0 128 1487 53.6983
0 132 1487 53.7181
0 137 1486 53.7382
0 142 1486 53.7581
0 147 1486 53.7784
0 151 1486 53.7982
0 154 1486 53.8183
0 157 1486 53.8381
0 160 1486 53.8581
0 163 1485 53.8784
0 165 1485 53.8981
0 167 1485 53.9183
0 167 1485 53.9381
0 168 1485 53.9583
0 169 1485 53.9781
0 170 1485 53.9983
0 170 1485 54.0181
0 171 1485 54.0383
0 172 1485 54.0581
0 173 1485 54.0782
0 175 1485 54.0982
0 177 1485 54.1181
0 179 1485 54.1382
0 182 1485 54.1582
0 185 1484 54.1782
0 190 1484 54.1981
0 197 1484 54.2183
0 206 1484 54.2381
0 215 1483 54.2583
0 222 1483 54.2783
0 228 1483 54.2982
0 232 1482 54.3182
0 235 1482 54.3384
0 237 1482 54.3581
0 238 1482 54.3783
0 239 1482 54.3982
0 240 1482 54.4183
0 242 1482 54.4382
0 244 1482 54.4582
0 247 1482 54.4782
0 250 1482 54.4982
0 253 1482 54.5182
0 258 1481 54.5383
0 263 1481 54.5582
0 269 1481 54.5781
0 278 1481 54.5982
0 293 1481 54.6182
0 312 1481 54.6382
0 330 1481 54.6583
0 344 1481 54.6782
0 353 1481 54.6983
0 360 1481 54.7182
0 366 1481 54.7383
0 371 1481 54.7581
0 375 1481 54.7782
0 379 1481 54.7982
0 384 1481 54.8182
0 390 1481 54.8382
0 395 1481 54.8582
0 402 1481 54.8782
0 408 1481 54.8982
0 413 1481 54.9183
0 418 1481 54.9382
0 421 1481 54.9582
0 423 1481 54.9782
0 425 1481 54.9983
0 426 1481 55.0181
0 428 1481 55.0382
0 429 1481 55.0582
0 430 1481 55.0782
0 431 1481 55.0982
0 433 1481 55.1182
0 434 1480 55.1384
0 436 1480 55.1583
0 438 1480 55.1782
0 440 1480 55.1984
0 442 1480 55.2182
0 444 1480 55.2382
0 447 1480 55.2582
0 449 1480 55.2782
0 451 1480 55.2982
0 453 1480 55.3182
0 454 1480 55.3384
0 456 1480 55.3582
0 457 1480 55.3782
0 457 1480 55.3982
0 458 1480 55.4182
0 458 1480 55.4382
0 458 1480 55.4582
0 459 1480 55.4783
0 460 1480 55.4982
0 462 1480 55.5183
0 465 1479 55.5382
0 468 1479 55.5583
0 471 1479 55.5782
0 475 1479 55.5983
0 479 1479 55.6187
0 483 1479 55.6382
0 486 1479 55.6582
0 488 1479 55.6782
0 491 1479 55.6982
0 494 1479 55.7182
0 496 1478 55.7383
0 497 1478 55.7582
0 498 1478 55.7784
0 499 1478 55.7982
0 500 1478 55.8184
0 500 1478 55.8382
0 501 1478 55.8582
0 502 1478 55.8782
0 503 1478 55.8983
0 504 1478 55.9182
0 505 1478 55.9382
0 507 1478 55.9584
0 510 1478 55.9782
0 512 1478 55.9984
0 514 1478 56.0182
0 515 1478 56.0384
0 516 1478 56.0582
0 518 1478 56.0783
0 519 1478 56.0982
0 521 1478 56.1182
0 523 1478 56.1383
0 526 1478 56.1584
0 528 1478 56.1782
0 532 1477 56.1984
0 535 1477 56.2182
0 537 1477 56.2384
0 541 1477 56.2582
0 545 1477 56.2784
0 549 1477 56.2982
0 553 1476 56.3184
0 556 1476 56.3382
0 558 1476 56.3583
0 560 1476 56.3782
0 561 1476 56.3982
0 563 1476 56.4183
0 566 1476 56.4383
0 568 1476 56.4583
0 569 1476 56.4782
0 571 1476 56.4982
0 572 1476 56.5182
0 573 1476 56.5383
0 574 1475 56.5584
0 576 1475 56.5784
0 577 1475 56.5983
0 579 1475 56.6183
0 579 1476 56.6384
0 580 1475 56.6582
0 581 1475 56.6782
0 585 1475 56.6982
0 594 1475 56.7183
0 606 1475 56.7382
0 621 1475 56.7582
0 636 1476 56.7782
0 652 1476 56.7984
0 668 1476 56.8189
0 681 1476 56.8383
0 693 1476 56.8583
0 702 1476 56.8782
0 710 1476 56.8983
0 718 1476 56.9182
0 725 1475 56.9384
0 731 1475 56.9582
0 737 1475 56.9782
0 743 1474 56.9982
0 747 1474 57.0184
0 751 1474 57.0382
0 753 1474 57.0584
0 755 1474 57.0782
0 757 1474 57.0984
0 758 1474 57.1182
0 759 1474 57.1384
0 759 1474 57.1582
0 760 1474 57.1784
0 760 1474 57.1982
0 760 1474 57.2184
0 761 1474 57.2382
0 762 1474 57.2583
0 764 1473 57.2784
0 765 1473 57.2984
0 767 1473 57.3183
0 769 1473 57.3383
0 771 1473 57.3583
0 774 1473 57.3785
0 777 1472 57.3983
0 779 1472 57.4183
0 782 1472 57.4382
0 785 1472 57.4584
0 787 1472 57.4783
0 790 1471 57.4983
0 792 1471 57.5183
0 794 1471 57.5386
0 796 1471 57.5583
0 797 1471 57.5785
0 798 1471 57.5983
0 800 1471 57.6182
0 801 1470 57.6383
0 803 1470 57.6583
0 805 1470 57.6783
0 807 1470 57.6983
0 810 1470 57.7183
0 813 1469 57.7382
0 816 1469 57.7583
0 822 1469 57.7783
0 830 1469 57.7983
0 840 1470 57.8183
0 852 1470 57.8383
0 863 1470 57.8582
0 875 1470 57.8783
0 886 1470 57.8983
0 894 1470 57.9183
0 900 1470 57.9383
0 905 1470 57.9583
0 908 1470 57.9784
0 910 1470 57.9983
0 912 1470 58.0183
0 913 1470 58.0383
0 914 1470 58.0583
0 915 1470 58.0783
0 915 1470 58.0983
0 915 1470 58.1184
0 915 1469 58.1384
0 916 1469 58.1583
0 916 1469 58.1783
0 916 1469 58.1983
0 916 1469 58.2183
0 916 1469 58.2385
0 916 1469 58.2583
0 916 1469 58.2783
0 917 1469 58.2983
0 917 1469 58.3183
0 919 1469 58.3383
0 920 1469 58.3583
0 922 1470 58.3783
0 924 1470 58.3983
0 926 1470 58.4183
0 927 1470 58.4383
0 927 1470 58.4584
0 928 1470 58.4783
0 928 1470 58.4985
0 928 1470 58.5183
0 929 1470 58.5383
0 930 1470 58.5583
0 931 1470 58.5785
0 933 1470 58.5983
0 935 1470 58.6185
0 941 1470 58.6383
0 952 1470 58.6583
0 967 1470 58.6783
0 982 1471 58.6995
0 996 1471 58.7184
0 1009 1472 58.7399
0 1019 1472 58.7583
0 1028 1472 58.7783
0 1034 1473 58.7983
0 1038 1473 58.8183
0 1040 1473 58.8383
0 1042 1473 58.8583
0 1043 1473 58.8783
0 1044 1474 58.8985
0 1044 1474 58.9183
0 1045 1474 58.9385
0 1045 1474 58.9583
0 1046 1474 58.9783
0 1047 1474 58.9983
0 1047 1474 59.0183
0 1048 1474 59.0383
0 1048 1474 59.0583
0 1048 1474 59.0785
0 1050 1474 59.0983
0 1052 1474 59.1185
0 1054 1474 59.1383
0 1057 1474 59.1586
0 1061 1474 59.1783
0 1067 1474 59.1984
0 1075 1474 59.2183
0 1084 1474 59.2383
0 1095 1474 59.2583
0 1106 1474 59.2785
0 1114 1475 59.2983
0 1119 1475 59.3185
0 1122 1475 59.3383
0 1124 1475 59.3585
0 1125 1475 59.3783
0 1126 1475 59.3984
0 1126 1475 59.4183
0 1127 1475 59.4385
0 1127 1475 59.4583
0 1127 1475 59.4783
0 1127 1475 59.4983
0 1127 1475 59.5184
0 1127 1475 59.5383
0 1127 1475 59.5585
0 1127 1475 59.5783
0 1127 1475 59.5985
0 1127 1475 59.6183
0 1127 1475 59.6383
0 1127 1475 59.6588
0 1128 1475 59.6783
0 1128 1475 59.6983
0 1128 1475 59.7183
0 1128 1475 59.7384
0 1128 1475 59.7583
0 1129 1475 59.7783
0 1129 1474 59.7984
0 1129 1474 59.8184
0 1129 1474 59.8385
0 1130 1474 59.8585
0 1130 1474 59.8783
0 1130 1474 59.8983
0 1132 1475 59.9183
0 1137 1475 59.9383
0 1142 1475 59.9583
0 1148 1475 59.9784
0 1155 1475 59.9984
0 1161 1475 60.0184
0 1167 1476 60.0385
0 1174 1476 60.0583
0 1182 1476 60.0785
0 1191 1476 60.0984
0 1200 1475 60.1184
0 1210 1475 60.1383
0 1219 1475 60.1584
0 1229 1475 60.1785
0 1236 1475 60.1985
0 1243 1475 60.2183
0 1251 1475 60.2386
0 1259 1475 60.2583
0 1266 1474 60.2784
0 1273 1474 60.2983
0 1280 1474 60.3185
0 1287 1474 60.3384
0 1292 1474 60.3585
0 1295 1474 60.3783
0 1297 1474 60.3986
0 1299 1474 60.4183
0 1300 1474 60.4384
0 1302 1474 60.4584
0 1303 1474 60.4783
0 1304 1474 60.4984
0 1305 1473 60.5184
0 1307 1473 60.5385
0 1308 1473 60.5583
0 1310 1473 60.5784
0 1311 1473 60.5984
0 1311 1473 60.6184
0 1312 1473 60.6383
0 1312 1473 60.6584
0 1313 1473 60.6784
0 1315 1473 60.6984
0 1317 1473 60.7184
0 1318 1473 60.7384
0 1320 1473 60.7584
0 1323 1472 60.7783
0 1327 1472 60.7983
0 1330 1472 60.8185
0 1334 1472 60.8383
0 1339 1472 60.8584
0 1343 1472 60.8795
0 1347 1472 60.8985
0 1350 1472 60.9184
0 1354 1471 60.9384
0 1356 1471 60.9584
0 1359 1471 60.9784
0 1360 1471 60.9985
0 1361 1471 61.0184
0 1362 1471 61.0384
0 1363 1471 61.0584
0 1365 1471 61.0783
0 1369 1471 61.0985
0 1373 1471 61.1184
0 1378 1471 61.1385
0 1384 1471 61.1584
0 1389 1470 61.1785
0 1394 1470 61.1984
0 1397 1470 61.2186
0 1399 1470 61.2386
0 1400 1470 61.2586
0 1401 1470 61.2784
0 1402 1470 61.2986
0 1404 1470 61.3184
0 1404 1470 61.3386
0 1406 1470 61.3584
0 1408 1470 61.3784
0 1412 1470 61.3985
0 1415 1470 61.4184
0 1418 1470 61.4384
0 1420 1469 61.4584
0 1421 1469 61.4784
0 1422 1469 61.4996
0 1423 1469 61.5187
0 1424 1469 61.5385
0 1425 1469 61.5586
0 1425 1469 61.5792
0 1426 1469 61.5988
0 1427 1469 61.6184
0 1427 1469 61.6386
0 1427 1469 61.6584
0 1428 1469 61.6785
0 1428 1469 61.699
0 1429 1469 61.7184
0 1429 1469 61.7384
0 1430 1469 61.7586
0 1432 1469 61.7788
0 1435 1469 61.7985
0 1438 1469 61.8185
0 1440 1469 61.8386
0 1443 1469 61.8585
0 1445 1469 61.8785
0 1448 1469 61.8984
0 1451 1469 61.9185
0 1454 1469 61.9399
0 1456 1468 61.9584
0 1458 1468 61.9785
0 1460 1468 61.9984
0 1463 1468 62.0186
0 1466 1468 62.0385
0 1471 1468 62.0585
0 1475 1468 62.0784
0 1479 1468 62.0984
0 1482 1468 62.1184
0 1485 1468 62.1384
0 1486 1468 62.1584
0 1488 1468 62.1785
0 1490 1468 62.1984
0 1492 1468 62.2185
0 1494 1468 62.2384
0 1497 1468 62.2584
0 1500 1468 62.2784
0 1503 1468 62.2984
0 1507 1468 62.3184
0 1511 1467 62.3384
0 1515 1467 62.3586
0 1519 1467 62.3784
0 1523 1467 62.3984
0 1527 1467 62.4185
0 1531 1467 62.4385
0 1535 1467 62.4584
0 1538 1467 62.4785
0 1540 1466 62.4984
0 1542 1466 62.5186
0 1544 1466 62.5384
0 1545 1466 62.5585
0 1546 1466 62.5787
0 1547 1466 62.5985
0 1549 1466 62.6185
0 1550 1466 62.6385
0 1553 1466 62.6585
0 1556 1466 62.6786
0 1561 1466 62.6985
0 1566 1466 62.7186
0 1571 1466 62.7385
0 1575 1466 62.7585
0 1579 1466 62.7786
0 1583 1465 62.7986
0 1587 1465 62.8186
0 1591 1465 62.8386
0 1593 1465 62.8586
0 1594 1465 62.8785
0 1594 1465 62.8986
0 1595 1465 62.9186
0 1596 1465 62.9385
0 1597 1465 62.9586
0 1597 1465 62.9784
0 1599 1465 62.9985
0 1600 1465 63.0186
0 1606 1465 63.0385
0 1615 1465 63.0585
0 1627 1465 63.0785
0 1640 1465 63.0985
0 1654 1465 63.1185
0 1668 1465 63.1386
0 1680 1465 63.1586
0 1690 1464 63.1786
0 1700 1464 63.1986
0 1706 1464 63.2186
0 1711 1464 63.2386
0 1715 1464 63.2586
0 1718 1464 63.2786
0 1720 1464 63.2986
0 1721 1464 63.3186
0 1723 1464 63.3386
0 1725 1464 63.3586
0 1727 1464 63.3786
0 1729 1463 63.3986
0 1731 1463 63.4186
0 1733 1463 63.4386
0 1735 1463 63.4587
0 1737 1463 63.4785
0 1738 1463 63.4985
0 1740 1463 63.5185
0 1742 1463 63.5386
0 1744 1463 63.5586
0 1747 1463 63.5786
0 1749 1463 63.5986
0 1751 1463 63.6186
0 1753 1463 63.6385
0 1755 1463 63.6586
0 1756 1463 63.6786
0 1758 1462 63.6985
0 1759 1462 63.7186
0 1760 1462 63.7387
0 1761 1462 63.7586
0 1761 1462 63.7787
0 1762 1462 63.7985
0 1763 1462 63.8186
0 1764 1462 63.8385
0 1765 1462 63.8585
0 1768 1462 63.8786
0 1771 1462 63.8986
0 1775 1462 63.9185
0 1779 1461 63.9385
0 1783 1461 63.9586
0 1786 1461 63.9785
0 1790 1461 63.9985
0 1792 1461 64.0191
0 1794 1461 64.0385
0 1795 1461 64.0586
0 1796 1461 64.0786
0 1797 1461 64.0986
0 1797 1461 64.1186
0 1798 1461 64.1386
0 1798 1461 64.1585
0 1799 1461 64.1785
0 1800 1461 64.1986
0 1801 1461 64.2185
0 1802 1461 64.2386
0 1804 1461 64.2586
0 1806 1461 64.2786
0 1808 1461 64.2985
0 1809 1461 64.3185
0 1810 1461 64.3386
0 1812 1461 64.3586
0 1813 1461 64.3787
0 1814 1461 64.3985
0 1816 1461 64.4185
0 1817 1461 64.4385
0 1819 1461 64.4586
0 1820 1461 64.4786
0 1821 1461 64.4985
0 1822 1461 64.5185
0 1825 1461 64.5385
0 1826 1461 64.5585
0 1828 1461 64.5785
0 1829 1461 64.5985
0 1830 1461 64.6185
0 1831 1461 64.6385
0 1832 1461 64.6585
0 1833 1461 64.6786
0 1835 1461 64.6985
0 1837 1461 64.7187
0 1840 1460 64.7385
0 1843 1460 64.7586
0 1846 1460 64.7785
0 1850 1460 64.7987
0 1853 1460 64.8186
0 1857 1459 64.8385
0 1860 1459 64.8585
0 1863 1459 64.8785
0 1865 1459 64.8985
0 1867 1459 64.9185
0 1869 1459 64.9386
0 1871 1459 64.9585
0 1872 1459 64.9785
0 1873 1459 64.9985
0 1874 1459 65.0185
0 1876 1459 65.0385
0 1877 1459 65.0642
0 1878 1459 65.0785
0 1879 1459 65.0985
0 1881 1459 65.1185
0 1882 1459 65.1385
0 1883 1459 65.1586
0 1884 1459 65.1788
0 1885 1459 65.1985
0 1887 1459 65.2186
0 1888 1459 65.2386
0 1890 1459 65.2585
0 1891 1459 65.2785
0 1893 1459 65.2985
0 1895 1459 65.3185
0 1897 1459 65.3385
0 1899 1459 65.3588
0 1901 1459 65.3785
0 1904 1459 65.3986
0 1905 1459 65.4186
0 1906 1459 65.4385
0 1908 1459 65.4585
0 1909 1459 65.4785
0 1911 1459 65.4986
0 1912 1459 65.5185
0 1913 1459 65.5387
0 1914 1459 65.5586
0 1916 1458 65.5785
0 1917 1458 65.5985
0 1919 1458 65.6185
0 1921 1458 65.6386
0 1923 1458 65.6585
0 1925 1458 65.6785
0 1928 1458 65.6987
0 1930 1458 65.7185
0 1932 1457 65.7387
0 1934 1457 65.7585
0 1935 1457 65.7786
0 1937 1457 65.7985
0 1938 1457 65.8185
0 1940 1457 65.8385
0 1941 1457 65.8585
0 1941 1457 65.8787
0 1943 1457 65.8985
0 1944 1457 65.9185
0 1945 1457 65.9385
0 1947 1457 65.9585
0 1948 1457 65.9787
0 1949 1457 65.9985
0 1951 1457 66.0185
0 1952 1457 66.0387
0 1954 1457 66.0585
0 1955 1457 66.0785
0 1957 1457 66.0997
0 1958 1457 66.1187
0 1960 1457 66.1386
0 1961 1457 66.1585
0 1963 1457 66.1785
0 1964 1457 66.1986
0 1965 1457 66.2185
0 1968 1457 66.2386
0 1970 1457 66.2585
0 1971 1457 66.2785
0 1973 1457 66.2986
0 1977 1457 66.3186
0 1986 1457 66.3386
0 1999 1457 66.3586
0 2015 1457 66.3785
0 2033 1457 66.3986
0 2049 1457 66.4187
0 2064 1457 66.4385
0 2073 1457 66.4586
0 2080 1456 66.4786
0 2084 1456 66.4985
0 2088 1456 66.5187
0 2090 1456 66.5385
0 2092 1456 66.5587
0 2094 1456 66.5785
0 2096 1456 66.5986
0 2097 1456 66.6185
0 2098 1456 66.6386
0 2099 1456 66.6585
0 2101 1456 66.6786
0 2103 1456 66.6986
0 2105 1456 66.7186
0 2107 1456 66.7391
0 2110 1456 66.7586
0 2112 1456 66.7785
0 2114 1455 66.7986
0 2117 1455 66.8186
0 2120 1455 66.8386
0 2122 1455 66.8586
0 2125 1455 66.8785
0 2128 1455 66.8987
0 2132 1454 66.9186
0 2135 1454 66.9386
0 2138 1454 66.9586
0 2140 1454 66.9786
0 2143 1454 66.9986
0 2144 1454 67.0186
0 2146 1454 67.0386
0 2147 1454 67.0586
0 2149 1454 67.0785
0 2150 1454 67.0986
0 2152 1454 67.1187
0 2153 1454 67.1386
0 2154 1453 67.1586
0 2156 1453 67.1786
0 2157 1453 67.1986
0 2159 1453 67.2187
0 2160 1453 67.2386
0 2161 1453 67.2588
0 2162 1453 67.2785
0 2162 1453 67.2986
0 2163 1453 67.3186
0 2165 1453 67.3387
0 2166 1453 67.3586
0 2167 1453 67.3786
0 2169 1453 67.3986
0 2170 1453 67.4186
0 2171 1453 67.4386
0 2172 1453 67.4586
0 2174 1453 67.4786
0 2176 1453 67.4986
0 2177 1453 67.5187
0 2179 1453 67.5387
0 2180 1453 67.5586
0 2182 1453 67.5786
0 2184 1453 67.5986
0 2185 1453 67.6188
0 2185 1453 67.6386
0 2186 1453 67.6586
0 2187 1453 67.6786
0 2188 1453 67.6986
0 2189 1453 67.7186
0 2190 1453 67.7386
0 2190 1453 67.7586
0 2191 1453 67.7787
0 2192 1453 67.7986
0 2192 1453 67.8186
0 2193 1453 67.8386
0 2193 1453 67.8586
0 2194 1453 67.8787
0 2194 1453 67.8986
0 2195 1453 67.9189
0 2196 1453 67.9386
0 2197 1453 67.9587
0 2198 1453 67.9786
0 2200 1453 67.9986
0 2202 1453 68.0186
0 2204 1453 68.0387
0 2205 1453 68.0586
0 2206 1453 68.0786
0 2208 1453 68.0986
0 2210 1452 68.1186
0 2211 1452 68.1386
0 2213 1452 68.1586
0 2214 1452 68.1787
0 2215 1452 68.1986
0 2217 1452 68.2186
0 2218 1452 68.2387
0 2220 1452 68.2586
0 2221 1452 68.2786
0 2222 1452 68.2986
0 2223 1452 68.3186
0 2224 1452 68.3386
0 2225 1452 68.3586
0 2226 1452 68.3787
0 2228 1451 68.3986
0 2229 1451 68.4188
0 2231 1451 68.4386
0 2232 1451 68.4587
0 2235 1451 68.4786
0 2237 1451 68.4986
0 2240 1450 68.5186
0 2242 1450 68.5386
0 2244 1450 68.5586
0 2245 1450 68.5786
0 2245 1450 68.5987
0 2246 1450 68.6186
0 2246 1450 68.6386
0 2247 1450 68.6586
0 2247 1450 68.6786
0 2248 1450 68.6988
0 2249 1450 68.7187
0 2249 1450 68.7386
0 2250 1450 68.7586
0 2250 1450 68.7786
0 2250 1450 68.7986
0 2250 1450 68.8186
0 2250 1450 68.8386
0 2251 1450 68.8586
0 2251 1450 68.8788
0 2251 1450 68.8986
1 2118 1481 71.2777
1 2119 1481 71.2977
1 2119 1481 71.3177
1 2119 1481 71.3377
1 2120 1481 71.3577
1 2120 1481 71.3779
1 2121 1481 71.3977
1 2121 1481 71.4178
1 2121 1481 71.4377
1 2122 1481 71.4579
1 2122 1481 71.4777
1 2123 1481 71.4977
1 2123 1481 71.5177
1 2124 1481 71.5377
1 2125 1481 71.5578
1 2125 1481 71.5777
1 2125 1481 71.5979
1 2125 1481 71.6177
1 2125 1481 71.6379
1 2125 1481 71.6577
1 2126 1481 71.6777
1 2127 1481 71.6978
1 2129 1481 71.7178
1 2133 1481 71.7377
1 2137 1481 71.7577
1 2142 1482 71.7777
1 2148 1482 71.7977
1 2152 1482 71.8177
1 2157 1482 71.8379
1 2161 1482 71.8577
1 2165 1483 71.878
1 2168 1483 71.8977
1 2170 1483 71.9177
1 2173 1484 71.9377
1 2174 1484 71.9577
1 2175 1484 71.9777
1 2176 1484 71.9977
1 2177 1484 72.0177
1 2177 1485 72.0377
1 2177 1485 72.0579
1 2177 1485 72.0777
1 2177 1485 72.0978
1 2178 1486 72.1177
1 2178 1486 72.1383
1 2177 1486 72.1586
1 2176 1486 72.1779
1 2176 1486 72.1977
1 2177 1487 72.2178
1 2178 1487 72.2377
1 2179 1487 72.2577
1 2181 1487 72.2777
1 2183 1488 72.2977
1 2183 1488 72.3179
1 2183 1488 72.3472
1 2184 1489 72.3597
1 2184 1489 72.3779
1 2183 1490 72.3977
1 2183 1490 72.4178
1 2183 1490 72.4377
1 2183 1491 72.4577
1 2183 1491 72.4777
1 2183 1491 72.4977
1 2183 1491 72.5177
1 2182 1491 72.5378
1 2181 1491 72.5577
1 2181 1491 72.5777
1 2181 1491 72.5977
1 2181 1491 72.6179
1 2181 1491 72.6377
1 2181 1492 72.658
1 2180 1492 72.6777
1 2180 1492 72.6978
1 2179 1492 72.7177
1 2179 1492 72.7377
1 2178 1492 72.7577
1 2178 1492 72.7777
1 2177 1492 72.7978
1 2177 1492 72.8177
1 2176 1492 72.8378
1 2176 1492 72.8579
1 2175 1492 72.8777
1 2174 1492 72.8977
1 2174 1492 72.9179
1 2174 1492 72.9377
1 2174 1492 72.9579
1 2174 1492 72.9777
1 2173 1492 72.998
1 2173 1492 73.0177
1 2173 1492 73.0377
1 2173 1492 73.0578
1 2173 1492 73.0778
1 2173 1492 73.0978
1 2173 1492 73.1179
1 2173 1492 73.1377
1 2173 1492 73.1579
1 2173 1492 73.1777
1 2173 1492 73.1979
1 2173 1492 73.2177
1 2173 1492 73.2377
1 2173 1492 73.2578
1 2173 1492 73.2778
1 2173 1492 73.298
1 2173 1492 73.3178
1 2173 1492 73.3381
1 2173 1492 73.3578
1 2173 1492 73.3779
1 2173 1492 73.3977
1 2173 1492 73.4178
1 2173 1492 73.4378
1 2173 1492 73.4578
1 2173 1492 73.4778
1 2173 1492 73.4977
1 2173 1492 73.5178
1 2173 1492 73.5377
1 2173 1492 73.5578
1 2173 1492 73.5778
1 2173 1492 73.5978
1 2174 1492 73.618
1 2174 1492 73.6378
1 2174 1492 73.6578
1 2174 1492 73.6777
1 2175 1492 73.6978
1 2175 1492 73.7179
1 2175 1492 73.7378
1 2175 1492 73.7578
1 2175 1492 73.7778
1 2174 1492 73.798
1 2177 1492 73.8178
1 2180 1492 73.8378
1 2185 1493 73.8578
1 2189 1493 73.8778
1 2194 1493 73.8978
1 2198 1493 73.9178
1 2200 1494 73.9378
1 2200 1494 73.9578
1 2198 1494 73.978
1 2195 1495 73.9978
1 2192 1495 74.0178
1 2189 1495 74.0378
1 2186 1495 74.0578
1 2182 1495 74.0778
1 2178 1496 74.0978
1 2175 1496 74.118
1 2172 1496 74.1378
1 2170 1496 74.1579
1 2166 1496 74.1778
1 2162 1497 74.198
1 2158 1497 74.2178
1 2153 1497 74.2379
1 2148 1498 74.2578
1 2143 1498 74.2781
1 2138 1498 74.2978
1 2134 1498 74.3179
1 2130 1499 74.3378
1 2127 1499 74.358
1 2125 1499 74.3778
1 2123 1499 74.3978
1 2122 1499 74.4178
1 2122 1499 74.4382
1 2122 1499 74.4579
1 2122 1499 74.4779
1 2122 1499 74.4978
1 2122 1499 74.5178
1 2120 1500 74.538
1 2119 1500 74.5578
1 2118 1500 74.5778
1 2117 1500 74.5978
1 2116 1500 74.618
1 2116 1500 74.6378
1 2116 1500 74.658
1 2116 1500 74.6778
1 2116 1500 74.698
1 2117 1500 74.7178
1 2117 1500 74.7378
1 2117 1500 74.7578
1 2117 1500 74.7778
1 2117 1500 74.7978
1 2117 1500 74.8178
1 2117 1500 74.8378
1 2117 1500 74.8578
1 2117 1500 74.8778
1 2117 1500 74.8978
1 2118 1500 74.9178
1 2118 1500 74.9381
1 2118 1500 74.9581
1 2118 1500 74.9778
1 2118 1500 74.9979
1 2118 1500 75.0178
1 2119 1500 75.0378
1 2119 1500 75.0579
1 2119 1500 75.0778
1 2119 1500 75.098
1 2119 1500 75.1178
1 2119 1500 75.138
1 2119 1500 75.1578
1 2119 1500 75.178
1 2119 1500 75.1978
1 2119 1500 75.2179
1 2119 1500 75.2378
1 2119 1500 75.2578
1 2119 1500 75.2778
1 2119 1500 75.298
1 2119 1500 75.3178
1 2120 1500 75.3379
1 2123 1500 75.3578
1 2126 1500 75.378
1 2129 1501 75.3978
1 2132 1501 75.418
1 2131 1501 75.4378
1 2129 1502 75.458
1 2126 1502 75.4778
1 2121 1503 75.4978
1 2116 1504 75.5178
1 2113 1505 75.538
1 2112 1506 75.5578
1 2114 1508 75.578
1 2119 1509 75.5978
1 2124 1510 75.618
1 2129 1511 75.6378
1 2135 1512 75.658
1 2139 1513 75.6779
1 2144 1513 75.6981
1 2148 1514 75.7178
1 2152 1514 75.7379
1 2155 1515 75.7578
1 2156 1515 75.778
1 2157 1515 75.7978
1 2157 1515 75.818
1 2158 1515 75.8378
1 2158 1515 75.8579
1 2158 1515 75.8778
1 2158 1515 75.898
1 2158 1515 75.9179
1 2158 1515 75.938
1 2158 1515 75.9578
1 2158 1515 75.9779
1 2158 1515 75.9979
1 2158 1515 76.018
1 2158 1515 76.0379
1 2158 1515 76.0578
1 2158 1515 76.0778
1 2158 1515 76.098
1 2158 1515 76.1179
1 2158 1515 76.1379
1 2158 1515 76.158
1 2158 1515 76.1778
1 2158 1515 76.1979
1 2158 1515 76.2178
1 2158 1515 76.238
1 2158 1515 76.2578
1 2158 1515 76.278
1 2158 1515 76.2979
1 2158 1515 76.3178
1 2158 1515 76.3378
1 2158 1515 76.3579
1 2158 1515 76.378
1 2159 1515 76.3978
1 2159 1515 76.4178
1 2159 1515 76.4379
1 2159 1515 76.4579
1 2159 1515 76.4779
1 2160 1515 76.4979
1 2162 1515 76.5179
1 2164 1515 76.5379
1 2167 1515 76.5579
1 2170 1515 76.5779
1 2174 1516 76.5978
1 2179 1516 76.6178
1 2184 1516 76.6379
1 2188 1516 76.6579
1 2194 1517 76.678
1 2201 1517 76.6979
1 2208 1517 76.7179
1 2216 1518 76.7379
1 2224 1518 76.7579
1 2232 1518 76.7779
1 2240 1519 76.798
1 2247 1519 76.8179
1 2252 1520 76.8379
1 2254 1520 76.8579
1 2255 1521 76.8778
1 2254 1521 76.8979
1 2252 1522 76.9179
1 2250 1522 76.9378
1 2246 1522 76.958
1 2242 1523 76.9779
1 2238 1523 76.9981
1 2235 1524 77.0179
1 2232 1524 77.038
1 2229 1524 77.0579
1 2227 1524 77.078
1 2225 1525 77.0979
1 2223 1525 77.1179
1 2222 1525 77.1379
1 2221 1525 77.1579
1 2220 1525 77.1778
1 2220 1526 77.1979
1 2219 1526 77.2181
1 2218 1526 77.2379
1 2216 1526 77.2579
1 2215 1526 77.2779
1 2212 1526 77.2981
1 2208 1526 77.3179
1 2205 1526 77.3379
1 2201 1527 77.3579
1 2197 1527 77.3779
1 2194 1527 77.398
1 2190 1527 77.4179
1 2188 1527 77.4382
1 2186 1527 77.4579
1 2185 1527 77.4781
1 2184 1527 77.4979
1 2184 1528 77.518
1 2184 1528 77.5379
1 2183 1528 77.5585
1 2183 1528 77.578
1 2183 1528 77.5979
1 2183 1528 77.6179
1 2183 1528 77.6379
1 2183 1528 77.6579
1 2183 1528 77.6779
1 2183 1528 77.6981
1 2184 1528 77.7179
1 2184 1528 77.738
1 2184 1528 77.7579
1 2185 1528 77.7781
1 2185 1528 77.7979
1 2185 1528 77.8179
1 2185 1528 77.8379
1 2186 1528 77.8579
1 2186 1528 77.8781
1 2186 1528 77.8979
1 2187 1528 77.9179
1 2188 1528 77.9379
1 2190 1528 77.9579
1 2192 1528 77.9779
1 2192 1528 77.9982
1 2191 1528 78.0179
1 2187 1529 78.038
1 2182 1529 78.0579
1 2176 1530 78.0779
1 2170 1530 78.0979
1 2165 1531 78.1179
1 2160 1531 78.1379
1 2155 1532 78.1579
1 2152 1532 78.1779
1 2150 1533 78.1979
1 2150 1533 78.2179
1 2150 1533 78.2379
1 2151 1534 78.2579
1 2151 1534 78.2779
1 2151 1534 78.2981
1 2151 1534 78.3181
1 2152 1534 78.3381
1 2153 1534 78.3579
1 2154 1535 78.378
1 2155 1535 78.3979
1 2156 1535 78.418
1 2157 1535 78.4379
1 2157 1535 78.458
1 2158 1535 78.4779
1 2158 1535 78.4979
1 2159 1535 78.5179
1 2159 1535 78.5381
1 2160 1535 78.5579
1 2160 1535 78.578
1 2161 1535 78.5981
1 2161 1535 78.6179
1 2161 1535 78.6379
1 2162 1535 78.6579
1 2162 1535 78.6779
1 2162 1535 78.6981
1 2162 1535 78.7179
1 2162 1535 78.738
1 2162 1535 78.7579
1 2162 1535 78.778
1 2162 1535 78.7979
1 2162 1535 78.818
1 2162 1535 78.838
1 2162 1535 78.8579
1 2162 1535 78.8779
1 2162 1535 78.8979
1 2162 1535 78.9179
1 2162 1535 78.9381
1 2162 1535 78.9579
1 2162 1535 78.9817
1 2162 1535 78.9979
1 2162 1535 79.0181
1 2162 1535 79.0379
1 2162 1535 79.0581
1 2162 1535 79.0779
1 2162 1535 79.098
1 2162 1535 79.1179
1 2163 1535 79.1381
1 2164 1535 79.158
1 2167 1535 79.1781
1 2170 1535 79.1979
1 2173 1536 79.2181
1 2178 1536 79.238
1 2183 1536 79.258
1 2188 1536 79.278
1 2192 1537 79.298
1 2198 1537 79.3179
1 2204 1537 79.3381
1 2210 1538 79.358
1 2216 1538 79.378
1 2221 1538 79.398
1 2226 1539 79.4181
1 2230 1539 79.4379
1 2235 1539 79.4581
1 2240 1540 79.4779
1 2244 1540 79.4981
1 2249 1540 79.518
1 2254 1540 79.5382
1 2259 1541 79.558
1 2263 1541 79.5781
1 2265 1541 79.598
1 2266 1541 79.618
1 2268 1542 79.6381
1 2267 1542 79.658
1 2268 1542 79.6787
1 2268 1542 79.698
1 2268 1542 79.718
1 2269 1542 79.738
1 2269 1542 79.758
1 2269 1542 79.778
1 2269 1542 79.798
1 2269 1542 79.818
1 2270 1542 79.838
1 2270 1542 79.858
1 2270 1542 79.8781
1 2270 1542 79.898
1 2271 1542 79.9183
1 2271 1542 79.938
1 2271 1542 79.958
1 2272 1542 79.978
1 2272 1542 79.998
1 2272 1542 80.0184
1 2273 1542 80.0385
1 2273 1542 80.0585
1 2274 1542 80.0781
1 2274 1542 80.098
1 2274 1542 80.1184
1 2274 1542 80.139
1 2274 1542 80.1583
1 2274 1542 80.1781
1 2275 1542 80.1981
1 2275 1542 80.218
1 2275 1542 80.238
1 2275 1542 80.258
1 2275 1542 80.278
1 2275 1542 80.298
1 2275 1542 80.318
1 2275 1542 80.3381
1 2275 1542 80.358
1 2276 1542 80.378
1 2276 1542 80.398
1 2276 1542 80.4181
1 2276 1542 80.4381
1 2276 1542 80.4581
1 2276 1542 80.4782
1 2276 1542 80.498
1 2276 1542 80.5181
1 2276 1542 80.5381
1 2276 1542 80.5581
1 2276 1542 80.578
1 2277 1542 80.598
1 2277 1542 80.618
1 2277 1542 80.638
1 2277 1542 80.658
1 2277 1542 80.678
1 2278 1542 80.698
1 2278 1542 80.7181
1 2278 1542 80.738
1 2279 1542 80.758
1 2279 1542 80.7781
1 2279 1542 80.7981
1 2280 1542 80.8181
1 2280 1542 80.8382
1 2280 1542 80.8581
1 2280 1542 80.8781
1 2280 1542 80.8981
1 2280 1542 80.918
1 2281 1542 80.9381
1 2281 1542 80.9581
1 2281 1542 80.9781
1 2282 1542 80.998
1 2282 1542 81.018
1 2282 1542 81.038
1 2283 1542 81.0582
1 2283 1542 81.0781
1 2284 1542 81.0981
1 2284 1542 81.118
1 2284 1542 81.1382
1 2285 1542 81.1581
1 2285 1542 81.1781
1 2285 1542 81.1982
1 2286 1542 81.218
1 2286 1542 81.2381
1 2286 1542 81.2581
1 2286 1542 81.2782
1 2286 1542 81.2981
1 2286 1542 81.3181
1 2286 1542 81.3381
1 2286 1542 81.3581
1 2286 1542 81.3781
1 2286 1542 81.3981
1 2286 1542 81.4181
1 2286 1542 81.4381
1 2286 1542 81.4581
1 2286 1542 81.4781
1 2286 1542 81.4981
1 2286 1542 81.5181
1 2286 1542 81.5381
1 2286 1542 81.5581
1 2286 1542 81.5782
1 2287 1542 81.5982
1 2287 1542 81.6182
1 2287 1542 81.6381
1 2288 1542 81.6581
1 2288 1542 81.678
1 2289 1542 81.6982
1 2289 1542 81.7181
1 2290 1543 81.7381
1 2291 1543 81.7582
1 2291 1543 81.7781
1 2292 1543 81.7981
1 2293 1543 81.8181
1 2296 1543 81.8382
1 2298 1543 81.8582
1 2302 1543 81.8782
1 2306 1543 81.8982
1 2310 1543 81.9182
1 2313 1544 81.9382
1 2316 1544 81.9581
1 2318 1544 81.9782
1 2319 1544 81.9982
1 2320 1544 82.0181
1 2321 1544 82.0382
1 2321 1544 82.0581
1 2322 1544 82.0782
1 2322 1544 82.0982
1 2322 1544 82.1182
1 2322 1544 82.1381
1 2322 1544 82.1582
1 2323 1544 82.1782
1 2323 1544 82.1981
1 2323 1544 82.2181
1 2323 1544 82.2381
1 2323 1544 82.2582
1 2324 1544 82.2783
1 2324 1544 82.2982
1 2324 1544 82.3181
1 2324 1544 82.3382
1 2324 1544 82.3583
1 2323 1544 82.3782
1 2323 1544 82.3981
1 2324 1544 82.4181
1 2324 1544 82.4381
1 2324 1544 82.4582
1 2323 1544 82.4781
1 2323 1544 82.4981
1 2323 1544 82.5181
1 2324 1544 82.5381
1 2325 1545 82.5581
1 2327 1545 82.5781
1 2329 1545 82.5981
1 2331 1545 82.6181
1 2333 1545 82.6381
1 2335 1545 82.6581
1 2337 1545 82.6781
1 2338 1545 82.6981
1 2339 1545 82.7181
1 2340 1545 82.7382
1 2341 1546 82.7581
1 2342 1546 82.7781
1 2342 1546 82.7982
1 2342 1546 82.8181
1 2343 1546 82.8381
1 2343 1546 82.8581
1 2343 1546 82.8781
1 2343 1546 82.8981
1 2344 1546 82.9183
1 2344 1546 82.9381
1 2344 1546 82.9583
1 2344 1546 82.9781
1 2344 1546 82.9981
1 2344 1546 83.0181
1 2344 1546 83.0381
1 2344 1546 83.0581
1 2344 1546 83.0781
1 2344 1546 83.0982
1 2344 1546 83.1181
1 2344 1546 83.1381
1 2344 1546 83.1582
1 2345 1546 83.1781
1 2346 1546 83.1981
1 2346 1546 83.2181
1 2348 1546 83.2381
1 2349 1546 83.2582
1 2350 1546 83.2781
1 2352 1546 83.2982
1 2354 1546 83.3181
1 2354 1546 83.3381
1 2355 1546 83.3581
1 2355 1546 83.3781
1 2355 1546 83.3982
1 2355 1546 83.4181
1 2355 1546 83.4382
1 2355 1546 83.4581
1 2355 1546 83.4785
1 2355 1546 83.4982
1 2355 1546 83.5184
1 2355 1546 83.5381
1 2355 1546 83.5584
1 2355 1546 83.5788
1 2355 1546 83.5981
1 2355 1546 83.6181
1 2356 1546 83.6381
1 2356 1546 83.6581
1 2356 1546 83.6781
1 2356 1546 83.6982
1 2356 1546 83.7181
1 2356 1546 83.7381
1 2356 1546 83.7583
1 2356 1546 83.7781
1 2356 1546 83.7981
1 2356 1546 83.8181
1 2356 1546 83.8381
1 2356 1546 83.8581
1 2356 1546 83.8781
1 2356 1546 83.8981
1 2356 1546 83.9181
1 2356 1546 83.9383
1 2356 1546 83.9582
1 2356 1546 83.9781
0 2420 1547 85.3181
0 2421 1547 85.3381
0 2423 1547 85.3582
0 2424 1547 85.3781
0 2426 1547 85.3981
0 2430 1547 85.4183
0 2435 1547 85.4381
0 2440 1547 85.4582
0 2444 1547 85.4782
0 2449 1547 85.4983
0 2455 1547 85.5181
0 2463 1546 85.5383
0 2471 1546 85.5584
0 2480 1546 85.5783
0 2489 1546 85.5981
0 2497 1546 85.6182
0 2503 1546 85.6388
0 2509 1546 85.6581
0 2512 1546 85.6782
0 2514 1546 85.6987
0 2516 1546 85.7182
0 2516 1546 85.7382
0 2517 1546 85.7582
0 2535 1546 86.4184
0 2536 1546 86.4382
0 2538 1546 86.4583
0 2539 1546 86.4782
0 2542 1546 86.4983
0 2545 1546 86.5182
0 2550 1546 86.5392
0 2555 1545 86.5582
0 2561 1545 86.5782
0 2567 1545 86.5982
0 2575 1545 86.6182
0 2583 1545 86.6382
0 2590 1545 86.6585
0 2596 1544 86.6782
0 2602 1544 86.6982
0 2609 1544 86.7183
0 2615 1544 86.7382
0 2622 1544 86.7582
0 2629 1544 86.7782
0 2640 1544 86.7982
0 2653 1543 86.8182
0 2668 1543 86.8382
0 2683 1543 86.8582
0 2697 1543 86.8782
0 2710 1543 86.8982
0 2721 1543 86.9182
0 2729 1543 86.9382
0 2734 1543 86.9582
0 2738 1543 86.9782
0 2741 1543 86.9982
0 2742 1543 87.0182
0 2745 1543 87.0382
0 2746 1543 87.0583
0 2749 1543 87.0782
0 2752 1543 87.0982
0 2755 1543 87.1182
0 2758 1543 87.1382
0 2759 1543 87.1582
0 2761 1543 87.1782
0 2762 1543 87.1983
0 2762 1543 87.2182
0 2763 1543 87.2382
0 2764 1543 87.2582
0 2764 1543 87.2782
0 2764 1543 87.2982
0 2764 1543 87.3182
0 2764 1543 87.3382
0 2765 1543 87.3582
0 2765 1543 87.3782
0 2766 1543 87.3983
0 2767 1543 87.4172
0 2769 1543 87.4372
0 2773 1543 87.4572
0 2777 1543 87.4772
0 2781 1543 87.4972
0 2785 1543 87.5172
0 2789 1543 87.5372
0 2793 1543 87.5572
0 2798 1542 87.5772
0 2803 1542 87.5972
0 2810 1542 87.6172
0 2816 1542 87.6372
0 2823 1542 87.6572
0 2829 1541 87.6772
0 2836 1541 87.6972
0 2843 1541 87.7172
0 2850 1541 87.7374
0 2856 1541 87.7572
0 2862 1540 87.7774
0 2867 1540 87.7972
0 2873 1540 87.8174
0 2878 1540 87.8372
0 2883 1540 87.8576
0 2888 1540 87.8777
0 2894 1540 87.8973
0 2900 1540 87.9172
0 2905 1539 87.9373
0 2911 1539 87.9572
0 2915 1539 87.9773
0 2920 1539 87.9972
0 2924 1539 88.0172
0 2928 1539 88.0372
0 2932 1539 88.0573
0 2937 1539 88.0772
0 2941 1539 88.0972
0 2944 1539 88.1175
0 2948 1539 88.1372
0 2953 1538 88.1574
0 2959 1538 88.1772
0 2965 1538 88.1972
0 2971 1538 88.2172
0 2977 1538 88.2372
0 2983 1538 88.2572
0 2989 1537 88.2772
0 2995 1537 88.2972
0 2999 1537 88.3173
0 3004 1537 88.3372
0 3009 1537 88.3576
0 3014 1537 88.3774
0 3020 1537 88.3975
0 3030 1536 88.4172
0 3041 1536 88.4374
0 3053 1536 88.4572
0 3067 1536 88.4773
0 3081 1536 88.4972
0 3092 1536 88.5173
0 3103 1536 88.5376
0 3111 1536 88.5574
0 3116 1536 88.5772
0 3121 1536 88.5972
0 3125 1536 88.6172
0 3128 1536 88.6372
0 3131 1536 88.6572
0 3134 1536 88.6772
0 3137 1536 88.6972
0 3143 1535 88.7172
0 3146 1535 88.7377
0 3150 1535 88.7572
0 3154 1535 88.7772
0 3156 1535 88.7974
0 3159 1535 88.8172
0 3161 1535 88.8373
0 3163 1535 88.8573
0 3165 1535 88.8773
0 3166 1535 88.8975
0 3168 1535 88.9173
0 3170 1535 88.9373
0 3173 1535 88.9573
0 3177 1535 88.9775
0 3180 1535 88.9976
0 3183 1534 89.0172
0 3186 1534 89.0373
0 3190 1534 89.0574
0 3194 1534 89.0772
0 3197 1534 89.0972
0 3200 1534 89.1173
0 3201 1534 89.1373
0 3204 1534 89.1573
0 3205 1534 89.1773
0 3207 1534 89.1973
0 3209 1534 89.2172
0 3211 1534 89.2373
0 3213 1534 89.2573
0 3215 1534 89.2773
0 3217 1534 89.2974
0 3219 1534 89.3176
0 3220 1533 89.3373
0 3222 1533 89.3573
0 3224 1533 89.3773
0 3226 1533 89.3972
0 3227 1533 89.4173
0 3228 1533 89.4373
0 3232 1533 89.4577
0 3239 1533 89.4773
0 3247 1533 89.4974
0 3256 1534 89.5172
0 3263 1534 89.5372
0 3267 1534 89.5575
0 3270 1534 89.5773
0 3273 1534 89.5973
0 3275 1534 89.6173
0 3277 1534 89.6373
0 3278 1534 89.6573
0 3280 1534 89.6772
0 3281 1534 89.6973
0 3282 1534 89.7173
0 3283 1534 89.7374
0 3284 1534 89.7573
0 3286 1534 89.7773
0 3288 1534 89.7973
0 3291 1534 89.8173
0 3294 1534 89.8374
0 3298 1533 89.8573
0 3302 1533 89.8773
0 3307 1533 89.8973
0 3311 1533 89.9173
0 3316 1533 89.9373
0 3320 1533 89.9573
0 3324 1533 89.9773
0 3330 1532 89.9973
0 3335 1532 90.0173
0 3339 1532 90.0374
0 3343 1532 90.0587
0 3345 1532 90.0773
0 3347 1532 90.0973
0 3349 1532 90.1173
0 3350 1532 90.1375
0 3351 1532 90.1573
0 3351 1532 90.1775
0 3352 1532 90.1973
0 3353 1532 90.2175
0 3353 1532 90.2373
0 3353 1532 90.2573
0 3354 1532 90.2773
0 3354 1532 90.2973
0 3355 1532 90.3173
0 3357 1532 90.3373
0 3359 1532 90.3573
0 3361 1532 90.3773
0 3362 1532 90.3975
0 3363 1532 90.4173
0 3363 1532 90.4375
0 3364 1532 90.4573
0 3366 1532 90.4775
0 3368 1532 90.4973
0 3369 1532 90.5173
0 3372 1532 90.5373
0 3375 1532 90.5573
0 3378 1531 90.5773
0 3382 1531 90.5973
0 3385 1531 90.6173
0 3389 1531 90.6373
0 3392 1531 90.6573
0 3394 1531 90.6773
0 3397 1531 90.6973
0 3398 1531 90.7173
0 3399 1531 90.7373
0 3400 1531 90.7573
0 3401 1531 90.7774
0 3402 1531 90.7973
0 3404 1531 90.8173
0 3406 1531 90.8373
0 3409 1531 90.8575
0 3412 1531 90.8773
0 3414 1531 90.8973
0 3416 1531 90.9173
0 3418 1531 90.9373
0 3419 1531 90.9573
0 3420 1531 90.9773
0 3421 1531 90.9974
0 3422 1531 91.0173
0 3424 1531 91.0373
0 3425 1531 91.0573
0 3426 1531 91.0773
0 3428 1531 91.0973
0 3430 1530 91.1173
0 3432 1530 91.1374
0 3434 1530 91.1573
0 3436 1530 91.1773
0 3438 1530 91.1973
0 3439 1530 91.2173
0 3440 1530 91.2374
0 3441 1530 91.2573
0 3442 1530 91.2775
0 3443 1530 91.2974
0 3445 1530 91.3174
0 3446 1530 91.3373
0 3448 1530 91.3574
0 3451 1530 91.3774
0 3455 1530 91.3973
0 3458 1530 91.4173
0 3461 1530 91.4373
0 3463 1530 91.4575
0 3465 1530 91.4773
0 3467 1530 91.4973
0 3468 1530 91.5173
0 3469 1530 91.5375
0 3469 1530 91.5573
0 3470 1530 91.5774
0 3471 1530 91.5973
0 3471 1530 91.6174
0 3471 1530 91.6375
0 3471 1530 91.6576
0 3471 1530 91.6773
0 3471 1530 91.6975
0 3471 1530 91.7173
0 3471 1530 91.7374
0 3471 1530 91.7573
0 3472 1530 91.7775
1 3484 1530 93.4374
1 3484 1530 93.4576
1 3484 1530 93.4774
1 3484 1530 93.4974
1 3484 1530 93.5174
1 3484 1530 93.5374
1 3485 1530 93.5574
1 3485 1530 93.5774
1 3485 1530 93.5976
1 3485 1530 93.6174
1 3485 1530 93.6374
1 3485 1530 93.6574
1 3486 1530 93.6774
1 3487 1530 93.6974
1 3487 1530 93.7174
1 3488 1530 93.7374
1 3488 1530 93.7575
1 3489 1530 93.7774
1 3489 1530 93.7976
1 3490 1530 93.8174
1 3490 1530 93.8376
1 3491 1530 93.8574
1 3491 1530 93.8776
1 3492 1530 93.8974
1 3492 1530 93.9174
1 3492 1530 93.9374
1 3493 1530 93.9574
1 3493 1530 93.9774
1 3493 1530 93.9974
1 3494 1530 94.0175
1 3495 1530 94.0374
1 3497 1530 94.0576
1 3499 1530 94.0774
1 3502 1530 94.0976
1 3505 1531 94.1174
1 3507 1531 94.1375
1 3509 1531 94.1574
1 3509 1531 94.1774
1 3510 1531 94.1974
1 3512 1532 94.2177
1 3515 1532 94.2374
1 3520 1532 94.2576
1 3523 1533 94.2774
1 3526 1533 94.2974
1 3530 1533 94.3176
1 3533 1533 94.3374
1 3535 1533 94.3575
1 3536 1534 94.3774
1 3537 1534 94.3975
1 3537 1534 94.4175
1 3537 1534 94.4375
1 3539 1534 94.4574
1 3540 1534 94.4774
1 3542 1535 94.4977
1 3544 1535 94.5174
1 3547 1535 94.5376
1 3551 1535 94.5574
1 3555 1536 94.5776
1 3560 1536 94.5974
1 3566 1536 94.6175
1 3571 1536 94.6375
1 3576 1537 94.6576
1 3582 1537 94.6774
1 3588 1537 94.6975
1 3592 1538 94.7175
1 3596 1538 94.7374
1 3600 1538 94.7574
1 3604 1538 94.7774
1 3608 1538 94.7974
1 3612 1539 94.8174
1 3615 1539 94.8376
1 3618 1539 94.8574
1 3620 1539 94.8775
1 3623 1539 94.8974
1 3625 1539 94.9177
1 3626 1539 94.9374
1 3628 1539 94.9577
1 3630 1540 94.9774
1 3632 1540 94.9977
1 3635 1540 95.0174
1 3638 1540 95.0376
1 3642 1540 95.0576
1 3645 1540 95.0775
1 3649 1541 95.0974
1 3653 1541 95.1175
1 3658 1541 95.1374
1 3662 1541 95.1576
1 3667 1542 95.1774
1 3671 1542 95.1976
1 3675 1542 95.2174
1 3679 1542 95.2375
1 3683 1543 95.2574
1 3687 1543 95.2775
1 3690 1543 95.2974
1 3693 1543 95.3176
1 3696 1543 95.3374
1 3699 1544 95.3574
1 3701 1544 95.3775
1 3703 1544 95.3974
1 3704 1544 95.4175
1 3705 1544 95.4375
1 3706 1544 95.4575
1 3707 1544 95.4775
1 3707 1544 95.4975
1 3708 1544 95.5175
1 3709 1544 95.5376
1 3709 1544 95.5575
1 3710 1544 95.5777
1 3710 1544 95.5974
1 3710 1544 95.6176
1 3710 1544 95.6375
1 3710 1544 95.6577
1 3710 1544 95.6774
1 3710 1544 95.6975
1 3710 1544 95.7174
1 3710 1544 95.7377
1 3710 1544 95.7575
1 3710 1544 95.7776
1 3711 1544 95.7975
1 3712 1544 95.8175
1 3713 1544 95.8375
1 3715 1545 95.8575
1 3718 1545 95.8775
1 3720 1545 95.8975
1 3723 1545 95.9175
1 3725 1545 95.9375
1 3726 1545 95.9577
1 3727 1545 95.9775
1 3728 1545 95.9977
1 3728 1545 96.0175
1 3728 1545 96.0375
1 3728 1545 96.0575
1 3728 1545 96.0777
1 3728 1545 96.0975
1 3728 1545 96.1177
1 3728 1545 96.1375
1 3728 1545 96.1577
1 3728 1545 96.1775
1 3728 1545 96.1975
1 3728 1545 96.2175
1 3728 1545 96.2376
1 3728 1545 96.2575
1 3728 1545 96.2776
1 3728 1545 96.2975
1 3729 1545 96.3176
1 3729 1545 96.3375
1 3730 1545 96.3575
1 3731 1545 96.3776
1 3732 1546 96.3975
1 3733 1546 96.4175
1 3734 1546 96.4378
1 3735 1546 96.4575
1 3736 1546 96.4776
1 3736 1546 96.4975
1 3737 1546 96.5176
1 3737 1546 96.5375
1 3737 1546 96.5575
1 3738 1546 96.5775
1 3739 1546 96.5975
1 3739 1546 96.6177
1 3740 1546 96.6375
1 3743 1546 96.6577
1 3745 1546 96.6775
1 3747 1546 96.6975
1 3749 1546 96.7175
1 3751 1546 96.7375
1 3753 1547 96.7575
1 3756 1547 96.7775
1 3758 1547 96.7975
1 3760 1547 96.8175
1 3762 1547 96.8375
1 3764 1547 96.8575
1 3767 1547 96.8775
1 3770 1548 96.8978
1 3773 1548 96.9175
1 3776 1548 96.9377
1 3779 1548 96.9575
1 3781 1548 96.9775
1 3783 1548 96.9975
1 3784 1549 97.0177
1 3783 1549 97.0375
1 3782 1549 97.0575
1 3779 1549 97.0775
1 3776 1549 97.0976
1 3774 1549 97.1176
1 3773 1549 97.1376
1 3772 1549 97.1595
1 3772 1549 97.1775
1 3771 1549 97.1975
1 3771 1549 97.2176
1 3769 1549 97.2375
1 3767 1549 97.2577
1 3765 1550 97.2775
1 3763 1550 97.2975
1 3761 1550 97.3175
1 3760 1550 97.3376
1 3760 1550 97.3576
1 3759 1550 97.3776
1 3759 1550 97.3976
1 3758 1550 97.4176
1 3758 1550 97.4378
1 3757 1550 97.4575
1 3757 1551 97.4778
1 3756 1551 97.4975
1 3755 1551 97.5177
1 3753 1551 97.5376
1 3749 1552 97.5576
1 3745 1552 97.5775
1 3740 1552 97.5976
1 3735 1553 97.6178
1 3732 1553 97.6375
1 3730 1553 97.6576
1 3730 1553 97.6775
1 3730 1553 97.6975
1 3729 1553 97.7177
1 3726 1554 97.7375
1 3723 1554 97.7575
1 3722 1554 97.7776
1 3722 1554 97.7976
1 3723 1555 97.8175
1 3724 1555 97.8376
1 3723 1555 97.8575
1 3722 1555 97.8776
1 3721 1555 97.8975
1 3720 1555 97.9175
1 3719 1555 97.9378
1 3717 1555 97.9576
1 3716 1556 97.9777
1 3714 1556 97.9976
1 3711 1556 98.0177
1 3709 1556 98.0376
1 3708 1556 98.0579
1 3706 1556 98.0778
1 3706 1556 98.0979
1 3706 1556 98.1177
1 3706 1556 98.1375
1 3707 1557 98.1576
1 3708 1557 98.1776
1 3708 1557 98.1976
1 3708 1557 98.2177
1 3708 1557 98.2377
1 3708 1557 98.2577
1 3708 1557 98.2776
1 3709 1557 98.2976
1 3709 1557 98.3177
1 3711 1557 98.3378
1 3711 1557 98.3577
1 3712 1557 98.3785
1 3712 1557 98.3976
1 3712 1557 98.4176
1 3711 1557 98.4376
1 3710 1558 98.4576
1 3709 1558 98.4775
1 3708 1558 98.4976
1 3707 1558 98.5176
1 3706 1558 98.5376
1 3705 1558 98.5577
1 3704 1559 98.5776
1 3705 1559 98.5976
1 3705 1559 98.6176
1 3705 1559 98.6376
1 3706 1559 98.6576
1 3707 1559 98.6779
1 3708 1559 98.6976
1 3709 1559 98.7177
1 3711 1559 98.7376
1 3713 1559 98.7577
1 3715 1559 98.7776
1 3717 1559 98.7976
1 3718 1559 98.8176
1 3719 1559 98.8377
1 3720 1559 98.8578
1 3721 1560 98.8777
1 3722 1560 98.8976
1 3723 1560 98.9177
1 3725 1560 98.9376
1 3726 1560 98.9576
1 3728 1560 98.9777
1 3728 1560 98.9976
1 3729 1560 99.0176
1 3730 1560 99.0377
1 3730 1560 99.0578
1 3731 1560 99.0776
1 3732 1560 99.0978
1 3734 1560 99.1177
1 3735 1560 99.1378
1 3737 1560 99.1577
1 3739 1560 99.1778
1 3740 1561 99.1977
1 3742 1561 99.2177
1 3744 1561 99.2377
1 3747 1561 99.2577
1 3749 1561 99.2777
1 3751 1561 99.2977
1 3752 1561 99.3178
1 3753 1561 99.3377
1 3754 1561 99.3577
1 3755 1561 99.3778
1 3756 1561 99.3977
1 3757 1561 99.4177
1 3759 1561 99.4391
1 3761 1561 99.4576
1 3763 1562 99.4777
1 3764 1562 99.4976
1 3766 1562 99.5177
1 3768 1562 99.5376
1 3770 1562 99.5577
1 3772 1562 99.5777
1 3773 1562 99.5978
1 3775 1562 99.6176
1 3777 1563 99.6378
1 3779 1563 99.6576
1 3780 1563 99.6776
1 3781 1563 99.6978
1 3783 1563 99.7176
1 3785 1563 99.7378
1 3787 1563 99.7576
1 3789 1563 99.7776
1 3790 1563 99.7977
1 3792 1563 99.8176
1 3794 1564 99.8378
1 3796 1564 99.8577
1 3798 1564 99.8777
1 3800 1564 99.8977
1 3802 1564 99.9177
1 3805 1564 99.9377
1 3807 1564 99.9577
1 3809 1564 99.9777
1 3812 1565 99.9978
1 3814 1565 100.018
1 3816 1565 100.038
1 3817 1565 100.058
1 3818 1565 100.078
1 3819 1565 100.098
1 3820 1565 100.118
1 3820 1565 100.138
1 3821 1565 100.158
1 3823 1565 100.178
1 3825 1565 100.198
1 3826 1565 100.218
1 3828 1565 100.238
1 3830 1566 100.258
1 3832 1566 100.278
1 3834 1566 100.298
1 3835 1566 100.318
1 3836 1566 100.338
1 3837 1566 100.358
1 3837 1566 100.378
1 3838 1566 100.398
1 3839 1566 100.418
1 3840 1566 100.439
1 3840 1566 100.458
1 3841 1566 100.479
1 3842 1566 100.499
1 3843 1566 100.518
1 3844 1566 100.538
1 3845 1566 100.558
1 3846 1566 100.578
1 3848 1566 100.598
1 3848 1567 100.618
1 3849 1567 100.638
1 3849 1567 100.658
1 3849 1567 100.678
1 3849 1567 100.698
1 3849 1568 100.718
1 3849 1568 100.738
1 3849 1568 100.758
1 3850 1568 100.778
1 3851 1568 100.798
1 3850 1568 100.818
1 3850 1569 100.838
1 3849 1569 100.858
1 3849 1569 100.878
1 3849 1569 100.898
1 3849 1569 100.918
1 3849 1569 100.938
1 3850 1569 100.958
1 3850 1569 100.978
1 3851 1569 100.998
1 3852 1569 101.018
1 3853 1569 101.038
1 3853 1569 101.058
1 3854 1569 101.078
1 3854 1569 101.098
1 3855 1569 101.118
1 3855 1569 101.138
1 3856 1569 101.158
1 3856 1569 101.178
1 3857 1569 101.198
1 3857 1569 101.218
1 3857 1569 101.238
1 3857 1569 101.258
1 3858 1569 101.278
1 3858 1569 101.298
1 3858 1569 101.318
0 4072 1565 102.578
0 4077 1565 102.598
0 4082 1565 102.618
0 4086 1564 102.638
0 4091 1564 102.658
0 4096 1564 102.678
0 4102 1564 102.698
0 4108 1564 102.718
0 4112 1564 102.738
0 4117 1563 102.758
0 4121 1563 102.778
0 4126 1563 102.798
0 4131 1563 102.818
0 4134 1563 102.838
0 4136 1563 102.858
0 4137 1563 102.878
0 4138 1563 102.898
0 4139 1563 102.918
0 4140 1563 102.938
0 4140 1563 102.958
0 4140 1563 102.978
0 4140 1563 102.998
1 3998 1566 104.758
1 3998 1566 104.778
1 3998 1566 104.798
1 3998 1566 104.818
1 3998 1566 104.838
1 3998 1566 104.858
1 3998 1566 104.878
1 3998 1566 104.897
1 3998 1566 104.917
1 3997 1566 104.937
1 3994 1566 104.957
1 3990 1566 104.977
1 3983 1566 104.997
1 3977 1566 105.017
1 3970 1567 105.037
1 3964 1567 105.057
1 3957 1567 105.077
1 3950 1567 105.097
1 3943 1568 105.117
1 3938 1568 105.137
1 3934 1568 105.157
1 3931 1568 105.177
1 3929 1569 105.197
1 3927 1569 105.217
1 3925 1569 105.237
1 3922 1569 105.257
1 3918 1570 105.277
1 3915 1570 105.297
1 3912 1570 105.317
1 3908 1571 105.337
1 3905 1571 105.357
1 3902 1571 105.377
1 3899 1571 105.397
1 3895 1572 105.417
1 3891 1572 105.437
1 3887 1572 105.457
1 3881 1572 105.477
1 3875 1573 105.497
1 3870 1573 105.517
1 3864 1573 105.537
1 3857 1574 105.557
1 3850 1574 105.577
1 3844 1575 105.597
1 3838 1575 105.617
1 3833 1575 105.637
1 3829 1576 105.657
1 3825 1576 105.677
1 3823 1576 105.698
1 3821 1576 105.717
1 3820 1576 105.737
1 3819 1577 105.757
1 3818 1577 105.777
1 3816 1577 105.797
1 3815 1577 105.817
1 3815 1578 105.837
1 3815 1578 105.857
1 3814 1578 105.877
1 3812 1579 105.897
1 3808 1579 105.917
1 3803 1579 105.937
1 3798 1580 105.957
1 3794 1580 105.977
1 3791 1580 105.997
1 3785 1581 106.017
1 3778 1581 106.037
1 3772 1581 106.057
1 3767 1582 106.077
1 3762 1582 106.097
1 3758 1582 106.118
1 3755 1583 106.137
1 3752 1583 106.157
1 3749 1583 106.177
1 3747 1583 106.197
1 3746 1583 106.217
1 3745 1583 106.237
1 3743 1584 106.257
1 3741 1584 106.277
1 3739 1584 106.297
1 3739 1584 106.317
1 3739 1584 106.337
1 3739 1584 106.357
1 3738 1585 106.377
1 3738 1585 106.397
1 3737 1585 106.417
1 3737 1585 106.437
1 3736 1585 106.457
1 3736 1585 106.477
1 3736 1585 106.497
1 3736 1585 106.517
1 3736 1585 106.537
1 3737 1585 106.557
1 3736 1585 106.577
1 3736 1585 106.597
1 3736 1585 106.617
1 3736 1585 106.637
1 3737 1585 106.657
1 3737 1586 106.677
1 3736 1586 106.697
1 3735 1586 106.717
1 3733 1586 106.737
1 3730 1587 106.757
1 3728 1587 106.777
1 3725 1587 106.797
1 3721 1587 106.817
1 3716 1588 106.837
1 3710 1588 106.857
1 3703 1588 106.877
1 3698 1588 106.897
1 3692 1588 106.917
1 3687 1589 106.937
1 3683 1589 106.957
1 3679 1589 106.977
1 3677 1589 106.997
1 3675 1589 107.017
1 3674 1589 107.037
1 3672 1589 107.057
1 3672 1589 107.077
1 3671 1589 107.097
1 3672 1589 107.117
1 3673 1589 107.137
1 3674 1590 107.157
1 3675 1590 107.177
1 3676 1590 107.197
1 3676 1590 107.217
1 3676 1590 107.237
1 3677 1590 107.257
1 3677 1590 107.277
1 3677 1590 107.297
1 3677 1590 107.318
1 3676 1590 107.337
1 3675 1590 107.357
1 3675 1590 107.377
1 3675 1590 107.397
1 3675 1591 107.417
1 3674 1591 107.437
1 3675 1591 107.457
1 3675 1591 107.477
1 3674 1591 107.497
1 3673 1591 107.517
1 3670 1592 107.537
1 3669 1592 107.557
1 3668 1592 107.577
1 3667 1592 107.597
1 3665 1592 107.617
1 3663 1592 107.637
1 3660 1593 107.657
1 3656 1593 107.677
1 3655 1593 107.697
1 3653 1593 107.717
1 3652 1593 107.737
1 3650 1593 107.757
1 3649 1593 107.777
1 3649 1593 107.797
1 3649 1593 107.817
1 3649 1593 107.837
1 3650 1593 107.857
1 3651 1593 107.877
1 3652 1593 107.897
1 3653 1594 107.917
1 3654 1594 107.937
1 3655 1594 107.957
1 3656 1594 107.977
1 3656 1594 107.997
1 3657 1594 108.017
1 3657 1594 108.037
1 3658 1594 108.057
1 3658 1594 108.077
1 3658 1595 108.097
1 3658 1595 108.117
1 3657 1595 108.137
1 3655 1595 108.157
1 3653 1595 108.177
1 3652 1595 108.197
1 3649 1596 108.217
1 3646 1596 108.237
1 3644 1596 108.257
1 3642 1596 108.277
1 3639 1596 108.298
1 3637 1596 108.317
1 3635 1596 108.337
1 3634 1596 108.357
1 3632 1596 108.377
1 3630 1596 108.397
1 3629 1597 108.418
1 3627 1597 108.437
1 3625 1597 108.457
1 3625 1597 108.477
1 3624 1597 108.497
1 3623 1597 108.517
1 3624 1597 108.537
1 3624 1597 108.557
1 3625 1597 108.577
1 3624 1597 108.597
1 3624 1597 108.617
1 3624 1597 108.637
1 3623 1597 108.657
1 3621 1597 108.677
1 3619 1598 108.697
1 3615 1598 108.717
1 3611 1598 108.737
1 3608 1598 108.757
1 3605 1598 108.777
1 3602 1599 108.797
1 3599 1599 108.817
1 3594 1599 108.838
1 3590 1599 108.857
1 3587 1600 108.877
1 3583 1600 108.897
1 3580 1600 108.917
1 3576 1600 108.937
1 3574 1600 108.957
1 3569 1601 108.977
1 3563 1601 108.997
1 3557 1601 109.017
1 3551 1601 109.037
1 3546 1602 109.057
1 3542 1602 109.077
1 3541 1602 109.097
1 3540 1602 109.117
1 3538 1602 109.137
1 3537 1603 109.157
1 3536 1603 109.177
1 3536 1603 109.197
1 3534 1603 109.217
1 3532 1603 109.237
1 3528 1603 109.257
1 3525 1603 109.277
1 3522 1604 109.297
1 3519 1604 109.317
1 3517 1604 109.337
1 3515 1604 109.357
1 3514 1604 109.377
1 3514 1604 109.397
1 3514 1604 109.417
1 3514 1604 109.437
1 3514 1604 109.457
1 3514 1604 109.477
1 3514 1604 109.497
1 3514 1604 109.517
1 3515 1604 109.537
1 3515 1604 109.557
1 3515 1604 109.577
1 3515 1604 109.597
0 3607 1603 110.937
0 3609 1603 110.957
0 3611 1603 110.977
0 3614 1602 110.997
0 3617 1602 111.017
0 3621 1602 111.037
0 3625 1602 111.057
0 3629 1602 111.077
0 3634 1602 111.097
0 3638 1602 111.117
0 3641 1602 111.137
0 3645 1602 111.157
0 3647 1602 111.177
0 3651 1602 111.197
0 3654 1601 111.217
0 3658 1601 111.237
0 3661 1601 111.257
0 3666 1601 111.277
0 3671 1601 111.297
0 3678 1601 111.317
0 3687 1601 111.337
0 3696 1600 111.357
0 3707 1600 111.377
0 3716 1600 111.397
0 3725 1600 111.417
0 3734 1600 111.437
0 3741 1599 111.458
0 3747 1599 111.477
0 3750 1599 111.498
0 3753 1599 111.517
0 3756 1599 111.537
0 3759 1599 111.557
0 3762 1599 111.577
0 3767 1599 111.597
0 3772 1599 111.617
0 3777 1599 111.637
0 3781 1599 111.657
0 3786 1598 111.677
0 3788 1598 111.697
0 3791 1598 111.717
0 3793 1598 111.737
0 3794 1598 111.757
0 3794 1598 111.777
0 3795 1598 111.797
0 3796 1598 111.817
0 3798 1598 111.837
0 3800 1598 111.857
0 3803 1598 111.877
0 3806 1598 111.897
0 3809 1598 111.917
0 3812 1598 111.937
0 3814 1598 111.957
0 3817 1598 111.977
0 3819 1598 111.997
0 3821 1598 112.017
0 3822 1598 112.037
0 3824 1598 112.057
0 3827 1598 112.077
0 3832 1598 112.097
0 3837 1598 112.117
0 3843 1598 112.137
0 3847 1597 112.157
0 3852 1597 112.177
0 3858 1597 112.197
0 3863 1597 112.217
0 3870 1597 112.237
0 3877 1597 112.257
0 3884 1597 112.277
0 3891 1597 112.297
0 3899 1596 112.317
0 3906 1596 112.337
0 3913 1596 112.357
0 3918 1596 112.377
0 3923 1596 112.397
0 3927 1596 112.417
0 3931 1596 112.437
0 3934 1596 112.457
0 3938 1596 112.477
0 3940 1596 112.497
0 3942 1596 112.517
0 3943 1596 112.537
0 3944 1596 112.557
0 3945 1596 112.577
0 3947 1596 112.597
0 3948 1596 112.617
0 3949 1596 112.637
0 3951 1596 112.657
0 3953 1596 112.677
0 3957 1595 112.697
0 3961 1595 112.717
0 3964 1595 112.737
0 3969 1595 112.757
0 3974 1595 112.777
0 3979 1595 112.797
0 3984 1595 112.817
0 3989 1595 112.837
0 3994 1595 112.857
0 3999 1595 112.877
0 4004 1595 112.897
0 4009 1595 112.917
0 4013 1594 112.937
0 4017 1594 112.957
0 4020 1594 112.977
0 4024 1594 112.997
0 4028 1594 113.017
0 4031 1594 113.037
0 4033 1594 113.057
0 4034 1594 113.077
0 4036 1594 113.097
0 4038 1594 113.117
0 4039 1594 113.137
0 4040 1594 113.157
0 4040 1594 113.177
0 4041 1594 113.197
0 4042 1594 113.217
0 4045 1594 113.237
0 4047 1594 113.257
0 4051 1594 113.278
0 4055 1594 113.297
0 4057 1594 113.317
0 4060 1594 113.337
0 4061 1594 113.357
0 4063 1594 113.377
0 4066 1594 113.397
0 4069 1594 113.417
0 4071 1593 113.437
0 4073 1593 113.457
0 4077 1593 113.477
0 4080 1593 113.497
0 4084 1593 113.517
0 4088 1593 113.537
0 4091 1593 113.557
0 4095 1593 113.577
0 4097 1593 113.597
0 4100 1593 113.617
0 4102 1593 113.637
0 4105 1593 113.657
0 4109 1593 113.677
0 4112 1593 113.697
0 4114 1593 113.717
0 4118 1593 113.737
0 4122 1592 113.757
0 4126 1592 113.777
0 4132 1592 113.797
0 4137 1592 113.817
0 4141 1592 113.837
0 4145 1592 113.857
0 4148 1592 113.877
0 4152 1592 113.897
0 4155 1592 113.917
0 4157 1592 113.937
0 4159 1592 113.957
0 4163 1591 113.977
0 4166 1591 113.997
0 4170 1591 114.017
0 4174 1591 114.037
0 4177 1591 114.057
0 4180 1591 114.077
0 4184 1591 114.097
0 4188 1591 114.117
0 4191 1591 114.137
0 4192 1591 114.157
0 4193 1591 114.177
0 4194 1591 114.197
0 4195 1591 114.217
0 4196 1591 114.237
0 4196 1591 114.257
0 4197 1591 114.277
0 4197 1591 114.297
0 4198 1591 114.317
0 4200 1591 114.337
0 4202 1591 114.357
0 4205 1591 114.377
0 4208 1591 114.397
0 4212 1590 114.417
0 4216 1590 114.437
0 4219 1590 114.457
0 4223 1590 114.477
0 4227 1590 114.497
0 4232 1590 114.517
0 4235 1590 114.537
0 4240 1590 114.557
0 4244 1590 114.577
0 4248 1590 114.597
0 4252 1590 114.617
0 4256 1589 114.637
0 4259 1589 114.657
0 4262 1589 114.677
0 4266 1589 114.697
0 4268 1589 114.717
0 4269 1589 114.737
0 4270 1589 114.757
0 4271 1589 114.777
0 4271 1589 114.797
0 4272 1589 114.817
0 4272 1589 114.837
0 4273 1589 114.857
0 4273 1589 114.877
0 4275 1589 114.897
0 4276 1589 114.917
0 4278 1589 114.937
0 4281 1589 114.957
0 4283 1589 114.977
0 4284 1589 114.997
0 4285 1589 115.017
0 4287 1589 115.037
0 4288 1589 115.057
0 4290 1589 115.077
0 4293 1589 115.097
0 4296 1589 115.117
0 4300 1589 115.137
0 4304 1589 115.157
0 4309 1589 115.177
0 4314 1589 115.197
0 4319 1588 115.217
0 4321 1588 115.237
0 4325 1588 115.257
0 4328 1588 115.277
0 4330 1588 115.297
0 4333 1588 115.317
0 4336 1588 115.337
0 4340 1588 115.357
0 4345 1588 115.377
0 4350 1588 115.397
0 4355 1588 115.417
0 4361 1587 115.437
0 4367 1587 115.457
0 4372 1587 115.477
0 4377 1587 115.497
0 4380 1587 115.517
0 4383 1587 115.537
0 4387 1587 115.557
0 4389 1587 115.577
0 4391 1587 115.597
0 4394 1587 115.617
0 4396 1587 115.637
0 4398 1587 115.657
0 4401 1587 115.677
0 4404 1587 115.697
0 4405 1587 115.717
0 4408 1587 115.737
0 4409 1587 115.757
0 4410 1586 115.777
0 4411 1586 115.797
0 4412 1586 115.817
0 4412 1586 115.837
0 4413 1587 115.857
0 4413 1587 115.877
0 4413 1587 115.898
0 4413 1587 115.917
0 4413 1587 115.938
0 4414 1587 115.957
0 4415 1587 115.978
0 4416 1586 115.997
0 4416 1586 116.017
0 4417 1586 116.037
0 4417 1586 116.057
0 4417 1586 116.077
0 4417 1586 116.097
0 4417 1586 116.117
0 4417 1586 116.137
0 4391 1588 116.737
0 4399 1587 116.757
0 4405 1587 116.777
0 4412 1587 116.797
0 4418 1587 116.817
0 4425 1587 116.837
0 4434 1587 116.857
0 4441 1586 116.877
0 4447 1586 116.897
0 4452 1586 116.917
0 4456 1586 116.937
0 4461 1586 116.957
0 4466 1586 116.977
0 4473 1586 116.997
0 4481 1585 117.017
0 4489 1585 117.037
0 4494 1585 117.057
0 4501 1585 117.077
0 4510 1585 117.097
0 4519 1585 117.117
0 4527 1584 117.137
0 4535 1584 117.157
0 4544 1584 117.177
0 4553 1584 117.197
0 4562 1583 117.217
0 4569 1583 117.237
0 4573 1583 117.257
0 4576 1583 117.277
0 4578 1583 117.297
0 4579 1583 117.317
0 4683 1575 120.937
0 4688 1575 120.957
0 4691 1574 120.977
0 4694 1574 120.997
0 4695 1574 121.017
0 4697 1574 121.037
0 4700 1574 121.057
0 4703 1574 121.077
0 4705 1574 121.097
0 4706 1574 121.117
0 4707 1574 121.137
0 4707 1574 121.157
0 4708 1574 121.177
0 4709 1574 121.197
0 4710 1574 121.217
0 4712 1574 121.237
0 4715 1574 121.257
0 4719 1574 121.277
0 4723 1574 121.297
0 4728 1574 121.317
0 4733 1573 121.337
0 4739 1573 121.357
0 4746 1573 121.377
0 4755 1573 121.397
0 4762 1573 121.417
0 4768 1572 121.437
1 4758 1573 122.037
1 4758 1573 122.057
1 4758 1573 122.077
1 4758 1573 122.098
1 4758 1573 122.117
1 4758 1573 122.138
1 4758 1573 122.157
1 4759 1573 122.177
1 4759 1573 122.197
1 4760 1573 122.217
1 4761 1573 122.237
1 4763 1573 122.257
1 4766 1573 122.278
1 4768 1573 122.297
1 4771 1574 122.317
1 4774 1574 122.337
1 4776 1574 122.358
1 4778 1574 122.377
1 4779 1574 122.396
1 4779 1574 122.416
1 4780 1574 122.436
1 4780 1574 122.456
1 4781 1574 122.476
1 4783 1574 122.496
1 4785 1575 122.516
1 4789 1575 122.536
1 4794 1575 122.556
1 4799 1576 122.576
1 4804 1576 122.596
1 4809 1577 122.616
1 4815 1577 122.636
1 4820 1578 122.656
1 4826 1578 122.676
1 4831 1579 122.696
1 4835 1579 122.716
1 4838 1579 122.736
1 4841 1579 122.756
1 4843 1580 122.776
1 4844 1580 122.796
1 4844 1580 122.816
1 4841 1580 122.837
1 4838 1581 122.86
1 4835 1581 122.876
1 4832 1581 122.896
1 4831 1582 122.916
1 4832 1582 122.936
1 4833 1583 122.956
1 4834 1583 122.976
1 4833 1584 122.996
1 4832 1584 123.016
1 4829 1585 123.036
1 4825 1585 123.056
1 4819 1586 123.077
1 4813 1587 123.096
1 4809 1587 123.116
1 4807 1587 123.136
1 4805 1588 123.156
1 4805 1588 123.176
1 4804 1588 123.196
1 4803 1588 123.216
1 4801 1588 123.236
1 4801 1588 123.256
1 4800 1588 123.276
1 4798 1588 123.296
1 4795 1589 123.316
1 4794 1589 123.336
1 4793 1589 123.356
1 4793 1589 123.376
1 4792 1590 123.404
1 4791 1590 123.419
1 4791 1591 123.436
1 4789 1591 123.456
1 4785 1591 123.476
1 4783 1592 123.497
1 4779 1592 123.516
1 4776 1592 123.536
1 4774 1592 123.556
1 4772 1592 123.576
1 4771 1593 123.596
1 4769 1593 123.616
1 4768 1593 123.636
1 4769 1593 123.656
1 4768 1593 123.676
1 4769 1593 123.696
1 4769 1594 123.716
1 4768 1594 123.736
1 4764 1594 123.756
1 4760 1595 123.776
1 4756 1595 123.796
1 4753 1595 123.816
1 4749 1596 123.836
1 4745 1596 123.857
1 4740 1596 123.876
1 4736 1597 123.896
1 4732 1597 123.916
1 4728 1597 123.936
1 4724 1597 123.956
1 4719 1598 123.976
1 4713 1598 123.996
1 4707 1598 124.016
1 4698 1599 124.036
1 4687 1599 124.056
1 4674 1600 124.076
1 4657 1601 124.096
1 4639 1601 124.116
1 4621 1602 124.136
1 4603 1602 124.156
1 4588 1603 124.176
1 4577 1603 124.196
1 4570 1603 124.216
1 4566 1604 124.236
1 4563 1604 124.256
1 4562 1604 124.277
1 4562 1604 124.296
1 4561 1604 124.316
1 4560 1604 124.337
1 4559 1604 124.356
1 4557 1604 124.377
1 4555 1605 124.396
1 4554 1605 124.416
1 4551 1605 124.436
1 4548 1606 124.458
1 4543 1606 124.476
1 4538 1606 124.496
1 4536 1606 124.516
1 4535 1607 124.536
1 4533 1607 124.556
1 4532 1607 124.576
1 4529 1607 124.596
1 4527 1608 124.617
1 4526 1608 124.636
1 4524 1608 124.656
1 4521 1608 124.676
1 4519 1609 124.696
1 4516 1609 124.716
1 4515 1609 124.737
1 4513 1609 124.756
1 4512 1610 124.776
1 4511 1610 124.796
1 4509 1610 124.816
1 4507 1611 124.836
1 4504 1611 124.856
1 4501 1611 124.876
1 4497 1611 124.896
1 4493 1612 124.917
1 4489 1612 124.936
1 4485 1612 124.956
1 4481 1612 124.976
1 4477 1613 124.996
1 4475 1613 125.017
1 4473 1613 125.036
1 4470 1613 125.057
1 4467 1614 125.076
1 4462 1614 125.097
1 4459 1614 125.116
1 4455 1614 125.136
1 4452 1615 125.156
1 4450 1615 125.177
1 4448 1615 125.196
1 4447 1615 125.217
1 4447 1615 125.236
1 4445 1615 125.256
1 4445 1615 125.276
1 4445 1615 125.297
1 4445 1616 125.316
1 4446 1616 125.336
1 4445 1616 125.356
1 4445 1616 125.377
1 4446 1616 125.397
1 4447 1616 125.417
1 4448 1616 125.436
1 4449 1616 125.456
1 4451 1617 125.476
1 4452 1617 125.496
1 4453 1617 125.516
1 4453 1617 125.536
1 4450 1618 125.556
1 4446 1618 125.576
1 4441 1618 125.597
1 4436 1618 125.616
1 4431 1619 125.636
1 4427 1619 125.656
1 4425 1619 125.676
1 4423 1619 125.696
1 4423 1619 125.716
1 4422 1619 125.736
1 4423 1619 125.756
1 4423 1619 125.776
1 4424 1619 125.796
1 4424 1619 125.816
1 4425 1619 125.836
1 4425 1619 125.857
1 4426 1619 125.876
1 4426 1619 125.897
1 4427 1619 125.916
1 4427 1619 125.937
1 4428 1619 125.956
1 4426 1620 125.977
1 4423 1620 125.996
1 4418 1620 126.017
1 4413 1620 126.036
1 4408 1620 126.056
1 4402 1621 126.076
1 4396 1621 126.096
1 4391 1622 126.116
1 4385 1622 126.136
1 4380 1623 126.156
1 4373 1623 126.176
1 4367 1623 126.197
1 4361 1623 126.216
1 4357 1624 126.236
1 4353 1624 126.256
1 4348 1624 126.277
1 4342 1624 126.296
1 4336 1624 126.316
1 4330 1625 126.336
1 4325 1625 126.357
1 4321 1625 126.376
1 4317 1625 126.396
1 4314 1625 126.416
1 4310 1625 126.436
1 4307 1625 126.457
1 4305 1625 126.476
1 4303 1625 126.497
1 4303 1625 126.516
1 4302 1626 126.538
1 4302 1626 126.556
1 4302 1626 126.577
1 4302 1626 126.596
0 4435 1624 127.277
0 4458 1623 127.296
0 4485 1622 127.316
0 4515 1622 127.337
0 4548 1621 127.356
0 4582 1620 127.377
0 4617 1620 127.396
0 4656 1619 127.416
0 4694 1618 127.437
0 4733 1617 127.456
0 4773 1616 127.477
0 4814 1616 127.496
0 4856 1615 127.516
0 4896 1614 127.537
0 4933 1613 127.556
0 4965 1612 127.576
0 4995 1612 127.596
0 5022 1611 127.616
0 5050 1611 127.637
0 5076 1610 127.656
0 5102 1610 127.677
0 5128 1609 127.696
0 5155 1608 127.716
0 5182 1608 127.737
0 5209 1607 127.756
0 5237 1607 127.776
0 5264 1606 127.796
0 5291 1606 127.816
0 5317 1605 127.836
0 5344 1605 127.856
0 5369 1604 127.877
0 5393 1604 127.896
0 5416 1603 127.916
0 5437 1603 127.937
0 5458 1602 127.956
0 5477 1602 127.977
0 5493 1601 127.996
0 5507 1601 128.017
0 5516 1601 128.036
0 5522 1601 128.057
0 5525 1601 128.076
0 5527 1601 128.097
