0 0 1501 52.4402
0 0 1501 52.4601
0 0 1501 52.4801
0 0 1501 52.5008
0 0 1501 52.5201
0 0 1501 52.5401
0 0 1501 52.5609
0 0 1501 52.5802
0 0 1501 52.6001
0 0 1501 52.6201
0 0 1501 52.641
0 0 1501 52.66
0 0 1501 52.6799
0 0 1501 52.7002
0 0 1501 52.72
0 0 1501 52.74
0 0 1500 52.76
0 0 1500 52.78
0 0 1500 52.8
0 0 1500 52.8239
0 0 1500 52.8399
0 0 1500 52.8599
0 0 1500 52.8799
0 0 1500 52.9
0 0 1500 52.9199
0 0 1500 52.9398
0 0 1500 52.96
0 0 1500 52.98
0 0 1500 52.9998
0 0 1500 53.0198
0 0 1500 53.0398
0 0 1500 53.0598
0 0 1500 53.0797
0 0 1500 53.0998
0 0 1500 53.1197
0 0 1500 53.1397
0 0 1500 53.16
0 0 1500 53.1798
0 0 1500 53.1997
0 0 1500 53.2197
0 0 1500 53.2397
0 0 1500 53.2597
0 0 1500 53.2797
0 0 1500 53.2998
0 0 1500 53.3197
0 0 1500 53.3397
0 0 1500 53.3597
0 0 1500 53.3796
0 0 1500 53.3996
0 0 1500 53.4197
0 0 1500 53.4396
0 0 1500 53.4596
0 0 1499 53.4795
0 0 1499 53.4997
0 0 1499 53.5196
0 0 1499 53.5395
0 0 1499 53.5596
0 0 1499 53.5796
0 0 1499 53.5996
0 0 1499 53.6196
0 0 1499 53.6394
0 0 1499 53.6594
0 0 1499 53.6794
0 0 1499 53.6994
0 0 1499 53.7194
0 0 1499 53.7395
0 0 1499 53.7594
0 0 1498 53.7794
0 0 1498 53.7996
0 0 1498 53.8204
0 0 1498 53.8396
0 0 1498 53.8595
0 0 1498 53.8805
0 0 1498 53.9005
0 0 1497 53.9204
0 0 1497 53.9403
0 0 1497 53.9603
0 0 1497 53.9803
0 0 1496 54.0004
0 0 1496 54.0203
0 0 1496 54.0403
0 0 1496 54.0603
0 0 1496 54.0803
0 0 1496 54.1004
0 0 1496 54.1203
0 0 1496 54.1403
0 0 1496 54.1603
0 0 1496 54.1802
0 1 1496 54.2003
0 2 1496 54.2201
0 3 1496 54.2402
0 4 1496 54.2602
0 6 1495 54.2802
0 8 1495 54.3002
0 11 1495 54.3201
0 14 1495 54.3402
0 16 1495 54.3602
0 19 1495 54.3802
0 22 1495 54.4004
0 26 1494 54.4213
0 30 1494 54.44
0 34 1494 54.4602
0 37 1494 54.4801
0 39 1494 54.5012
0 40 1494 54.52
0 41 1494 54.5403
0 42 1494 54.56
0 43 1494 54.58
0 43 1494 54.6007
0 44 1494 54.6202
0 45 1494 54.64
0 46 1494 54.66
0 48 1494 54.68
0 53 1494 54.7001
0 60 1493 54.72
0 70 1493 54.7402
0 84 1494 54.76
0 104 1494 54.78
0 127 1494 54.8001
0 148 1495 54.8199
0 163 1495 54.8399
0 174 1495 54.8599
0 180 1495 54.88
0 184 1495 54.8999
0 186 1496 54.9199
0 187 1496 54.9399
0 188 1496 54.9599
0 189 1496 54.9806
0 189 1496 54.9999
0 189 1496 55.0198
0 190 1496 55.0414
0 191 1496 55.0641
0 191 1495 55.0788
0 192 1495 55.0999
0 192 1495 55.1203
0 193 1495 55.1398
0 193 1495 55.1599
0 193 1495 55.1799
0 193 1495 55.1998
0 193 1495 55.2199
0 194 1495 55.2399
0 194 1495 55.2597
0 194 1495 55.2797
0 195 1495 55.2999
0 197 1495 55.3205
0 201 1495 55.3397
0 205 1495 55.3646
0 209 1495 55.3807
0 213 1494 55.3999
0 217 1494 55.4197
0 220 1494 55.4396
0 223 1494 55.4618
0 224 1494 55.4801
0 225 1494 55.4996
0 225 1494 55.5208
0 226 1494 55.5398
0 226 1494 55.5599
0 226 1494 55.5797
0 227 1494 55.5999
0 229 1493 55.6202
0 230 1493 55.6396
0 231 1493 55.6596
0 231 1493 55.6795
0 231 1493 55.6995
0 232 1493 55.7196
0 233 1493 55.7395
0 235 1493 55.7596
0 236 1493 55.7798
0 238 1493 55.8006
0 239 1493 55.8204
0 240 1493 55.8397
0 241 1493 55.8605
0 242 1493 55.8805
0 243 1493 55.9005
0 244 1493 55.9206
0 245 1493 55.9404
0 246 1493 55.9604
0 248 1492 55.9804
0 250 1492 56.0004
0 252 1492 56.0204
0 254 1492 56.0404
0 256 1492 56.0605
0 258 1492 56.0807
0 258 1492 56.1004
0 259 1492 56.1205
0 259 1492 56.1403
0 260 1492 56.1603
0 260 1492 56.1803
0 260 1492 56.2003
0 260 1492 56.2204
0 260 1492 56.2404
0 260 1492 56.2603
0 262 1492 56.2804
0 265 1492 56.3003
0 268 1492 56.3203
0 270 1491 56.3402
0 272 1491 56.3601
0 273 1491 56.3801
0 273 1491 56.4002
0 273 1491 56.4202
0 274 1491 56.4403
0 274 1491 56.4612
0 274 1491 56.4802
0 274 1491 56.5002
0 274 1491 56.5201
0 274 1491 56.5401
0 274 1491 56.5602
0 274 1491 56.5801
0 274 1491 56.6
0 274 1491 56.6211
0 274 1491 56.6401
0 275 1491 56.66
0 277 1491 56.68
0 278 1491 56.7001
0 279 1491 56.72
0 280 1491 56.7401
0 280 1491 56.7601
0 281 1491 56.7801
0 281 1491 56.801
0 281 1491 56.8201
0 281 1491 56.84
0 281 1491 56.861
0 281 1491 56.8801
0 283 1491 56.9001
0 286 1491 56.92
0 290 1490 56.94
0 295 1490 56.96
0 299 1490 56.9798
0 304 1489 57
0 308 1489 57.0199
0 312 1489 57.0399
0 315 1489 57.0599
0 317 1489 57.0811
0 318 1489 57.1008
0 320 1489 57.1243
0 323 1489 57.1399
0 328 1489 57.1598
0 333 1488 57.1799
0 338 1488 57.2009
0 343 1488 57.2197
0 347 1487 57.2397
0 350 1487 57.2598
0 351 1487 57.2799
0 352 1487 57.2999
0 353 1487 57.3199
0 353 1487 57.3397
0 354 1487 57.3599
0 354 1487 57.3799
0 354 1487 57.3998
0 355 1487 57.4207
0 355 1487 57.4397
0 356 1487 57.4597
0 356 1487 57.4797
0 357 1487 57.4997
0 360 1487 57.5197
0 363 1487 57.5405
0 367 1486 57.5607
0 370 1486 57.5797
0 373 1486 57.5997
0 375 1486 57.6206
0 376 1486 57.6408
0 377 1486 57.6597
0 378 1486 57.6807
0 379 1486 57.7006
0 379 1486 57.7204
0 379 1486 57.7405
0 380 1486 57.7607
0 380 1486 57.7805
0 381 1486 57.8016
0 382 1486 57.8205
0 382 1486 57.8405
0 383 1486 57.8604
0 383 1486 57.8804
0 383 1486 57.9005
0 384 1486 57.9205
0 384 1486 57.9416
0 384 1486 57.9605
0 384 1486 57.9805
0 384 1486 58.0005
0 384 1486 58.0204
0 385 1486 58.0404
0 385 1486 58.0604
0 386 1486 58.0803
0 387 1486 58.1004
0 388 1486 58.1203
0 392 1486 58.1403
0 400 1486 58.1605
0 414 1487 58.1805
0 433 1487 58.2003
0 457 1488 58.2203
0 487 1488 58.2403
0 518 1488 58.2603
0 551 1489 58.2803
0 583 1489 58.3002
0 615 1489 58.3203
0 645 1489 58.3402
0 671 1489 58.3602
0 692 1489 58.3803
0 710 1489 58.4002
0 724 1489 58.4201
0 736 1489 58.4402
0 745 1490 58.4602
0 751 1490 58.4801
0 755 1490 58.5001
0 759 1490 58.5201
0 763 1490 58.54
0 766 1490 58.5602
0 768 1490 58.58
0 769 1490 58.6001
0 770 1490 58.6201
0 771 1490 58.6401
0 772 1490 58.6601
0 772 1490 58.6801
0 772 1490 58.7001
0 773 1490 58.72
0 773 1490 58.7401
0 773 1490 58.7601
0 773 1490 58.7801
0 773 1490 58.8001
0 773 1490 58.8199
0 773 1490 58.84
0 773 1490 58.8602
0 773 1490 58.88
0 773 1490 58.9
0 773 1490 58.9199
0 773 1490 58.9399
0 773 1490 58.9599
0 773 1490 58.98
0 773 1490 59
0 773 1490 59.02
0 773 1490 59.04
0 773 1490 59.0599
0 773 1490 59.0799
0 773 1490 59.0999
0 773 1490 59.12
0 773 1490 59.14
0 773 1490 59.1599
0 773 1490 59.18
0 774 1490 59.1999
0 776 1490 59.2202
0 780 1489 59.2399
0 785 1489 59.2597
0 791 1489 59.2799
0 796 1488 59.2999
0 802 1488 59.3197
0 806 1488 59.3397
0 809 1488 59.3598
0 811 1488 59.3798
0 812 1487 59.3997
0 812 1487 59.4197
0 813 1487 59.4396
0 813 1487 59.4596
0 814 1487 59.4796
0 815 1487 59.4997
0 816 1487 59.5197
0 817 1487 59.5396
0 819 1487 59.5597
0 821 1487 59.5796
0 824 1487 59.5996
0 827 1487 59.6208
0 830 1486 59.6398
0 834 1486 59.6596
0 840 1486 59.6807
0 845 1486 59.7005
0 851 1485 59.7205
0 856 1485 59.7406
0 861 1485 59.7605
0 864 1485 59.7805
0 867 1485 59.8006
0 869 1485 59.8205
0 872 1485 59.8405
0 874 1484 59.8606
0 876 1484 59.8805
0 878 1484 59.9005
0 879 1484 59.9206
0 880 1484 59.9404
0 881 1484 59.9603
0 882 1484 59.9805
0 883 1484 60.0004
0 885 1484 60.0203
0 887 1484 60.0405
0 889 1484 60.0604
0 891 1484 60.0803
0 894 1484 60.1006
0 899 1483 60.1232
0 904 1483 60.1404
0 910 1483 60.1623
0 916 1483 60.1805
0 920 1483 60.2004
0 926 1483 60.2202
0 931 1483 60.2402
0 935 1483 60.2605
0 938 1483 60.2802
0 941 1483 60.3004
0 942 1483 60.3202
0 943 1483 60.3402
0 944 1483 60.3603
0 944 1483 60.3802
0 944 1483 60.4002
0 945 1483 60.4203
0 945 1483 60.4403
0 945 1483 60.4603
0 946 1483 60.4802
0 946 1483 60.5001
0 946 1483 60.5201
0 946 1483 60.5401
0 946 1483 60.5602
0 946 1483 60.5802
0 946 1483 60.6001
0 946 1483 60.6201
0 946 1483 60.6402
0 947 1483 60.6601
0 949 1483 60.6801
0 951 1482 60.7001
0 954 1482 60.7202
0 956 1482 60.7402
0 959 1482 60.7599
0 962 1482 60.7811
0 965 1482 60.8
0 967 1482 60.82
0 969 1482 60.8401
0 971 1482 60.86
0 972 1482 60.8799
0 975 1481 60.9
0 977 1481 60.92
0 979 1481 60.94
0 982 1481 60.9602
0 984 1481 60.98
0 986 1481 61
0 989 1481 61.02
0 991 1481 61.04
0 993 1481 61.0598
0 995 1481 61.0798
0 1000 1481 61.1001
0 1007 1481 61.1198
0 1017 1481 61.1399
0 1026 1482 61.1598
0 1036 1482 61.18
0 1045 1482 61.2
0 1052 1482 61.2198
0 1059 1482 61.2398
0 1067 1482 61.2599
0 1074 1482 61.2822
0 1079 1482 61.299
0 1082 1482 61.3198
0 1084 1482 61.3398
0 1085 1482 61.3598
0 1086 1482 61.3798
0 1086 1482 61.4008
0 1086 1482 61.4197
0 1087 1482 61.4397
0 1087 1482 61.4592
0 1087 1482 61.4789
0 1088 1482 61.4989
0 1088 1482 61.519
0 1089 1482 61.5397
0 1092 1482 61.559
0 1097 1482 61.579
0 1104 1482 61.5992
0 1115 1482 61.6189
0 1127 1483 61.6397
0 1142 1483 61.6592
0 1157 1483 61.679
0 1172 1483 61.7006
0 1188 1484 61.7192
0 1204 1484 61.7396
0 1219 1484 61.7595
0 1233 1484 61.7797
0 1245 1484 61.7996
0 1256 1485 61.8196
0 1264 1485 61.8396
0 1270 1485 61.8596
0 1276 1485 61.8794
0 1280 1485 61.8994
0 1284 1485 61.9195
0 1287 1485 61.9394
0 1289 1485 61.9594
0 1290 1485 61.9803
0 1291 1485 61.9994
0 1292 1485 62.0194
0 1292 1485 62.0396
0 1292 1485 62.0595
0 1293 1485 62.0794
0 1293 1485 62.0996
0 1294 1485 62.1194
0 1296 1485 62.1394
0 1298 1485 62.1593
0 1302 1484 62.1793
0 1306 1484 62.1993
0 1311 1484 62.2193
0 1314 1484 62.2393
0 1317 1484 62.2593
0 1319 1484 62.2793
0 1321 1484 62.2993
0 1322 1484 62.3194
0 1322 1484 62.3393
0 1322 1484 62.3592
0 1323 1484 62.3793
0 1324 1484 62.3994
0 1325 1484 62.4193
0 1327 1484 62.4391
0 1329 1484 62.4591
0 1331 1483 62.4791
0 1333 1483 62.4991
0 1335 1483 62.5193
0 1337 1483 62.5391
0 1339 1483 62.5591
0 1341 1483 62.5791
0 1342 1483 62.5992
0 1343 1483 62.6192
0 1343 1483 62.6393
0 1344 1483 62.6592
0 1345 1483 62.6791
0 1346 1483 62.699
0 1347 1483 62.719
0 1348 1483 62.739
0 1350 1483 62.7592
0 1351 1483 62.779
0 1353 1483 62.799
0 1354 1483 62.8192
0 1355 1482 62.839
0 1357 1482 62.859
0 1359 1482 62.8792
0 1360 1482 62.8991
0 1361 1482 62.919
0 1362 1482 62.939
0 1363 1482 62.9592
0 1365 1482 62.9791
0 1366 1482 62.999
0 1366 1482 63.019
0 1367 1482 63.0391
0 1367 1482 63.059
0 1367 1482 63.079
0 1368 1482 63.099
0 1368 1482 63.119
0 1369 1482 63.1399
0 1371 1482 63.159
0 1372 1482 63.179
0 1373 1482 63.1991
0 1375 1482 63.219
0 1377 1482 63.239
0 1378 1482 63.259
0 1380 1482 63.279
0 1382 1481 63.299
0 1383 1481 63.3192
0 1384 1481 63.3397
0 1386 1481 63.3605
0 1388 1481 63.379
0 1390 1481 63.3999
0 1392 1481 63.419
0 1394 1481 63.439
0 1398 1481 63.4597
0 1401 1480 63.479
0 1404 1480 63.499
0 1406 1480 63.5198
0 1408 1480 63.539
0 1410 1480 63.56
0 1410 1480 63.5797
0 1411 1480 63.5997
0 1411 1480 63.619
0 1412 1480 63.6396
0 1412 1480 63.6596
0 1413 1480 63.6822
0 1413 1480 63.7015
0 1413 1480 63.7197
0 1413 1480 63.7397
0 1413 1480 63.7597
0 1414 1480 63.7798
0 1415 1480 63.7996
0 1415 1480 63.8195
0 1416 1480 63.8395
0 1417 1479 63.8595
0 1417 1479 63.8795
0 1418 1479 63.8996
0 1419 1479 63.9197
0 1420 1479 63.9395
0 1421 1479 63.9594
0 1422 1479 63.9794
0 1423 1479 63.9995
0 1424 1479 64.0194
0 1425 1479 64.0394
0 1426 1479 64.0596
0 1426 1479 64.0794
0 1426 1479 64.0993
0 1427 1479 64.1195
0 1427 1479 64.1395
0 1428 1479 64.1593
0 1428 1479 64.1794
0 1429 1479 64.1995
0 1429 1479 64.2194
0 1431 1479 64.2393
0 1432 1479 64.2595
0 1433 1479 64.2794
0 1434 1479 64.2993
0 1437 1479 64.3203
0 1440 1479 64.3395
0 1443 1479 64.3592
0 1446 1479 64.3792
0 1447 1479 64.3992
0 1448 1479 64.4192
0 1449 1479 64.4392
0 1449 1479 64.4592
0 1450 1479 64.4795
0 1451 1478 64.4993
0 1452 1478 64.5192
0 1452 1478 64.5393
0 1453 1478 64.5592
0 1455 1478 64.5792
0 1461 1479 64.5992
0 1468 1479 64.6191
0 1478 1479 64.6391
0 1490 1479 64.6591
0 1503 1479 64.6791
0 1515 1479 64.6993
0 1525 1479 64.7191
0 1532 1479 64.7392
0 1536 1479 64.7591
0 1539 1479 64.7792
0 1541 1479 64.7991
0 1542 1479 64.8191
0 1543 1479 64.8391
0 1544 1479 64.8592
0 1545 1479 64.879
0 1546 1479 64.8991
0 1546 1479 64.9191
0 1547 1479 64.939
0 1547 1479 64.9592
0 1548 1479 64.9791
0 1549 1479 64.999
0 1549 1479 65.0191
0 1549 1479 65.039
0 1550 1479 65.059
0 1550 1479 65.079
0 1550 1479 65.099
0 1550 1479 65.119
0 1552 1479 65.1392
0 1556 1479 65.1591
0 1561 1479 65.1791
0 1568 1479 65.1991
0 1573 1480 65.2192
0 1577 1480 65.2398
0 1580 1480 65.2591
0 1582 1480 65.2791
0 1585 1480 65.2991
0 1586 1480 65.3191
0 1588 1480 65.339
0 1589 1480 65.3591
0 1589 1480 65.3798
0 1590 1480 65.399
0 1591 1480 65.4216
0 1592 1479 65.4391
0 1594 1479 65.4592
0 1595 1479 65.4791
0 1596 1479 65.4991
0 1598 1479 65.5192
0 1600 1479 65.5398
0 1603 1479 65.5596
0 1607 1479 65.5792
0 1613 1479 65.5996
0 1619 1479 65.6196
0 1624 1478 65.6398
0 1630 1478 65.6597
0 1636 1478 65.6796
0 1641 1478 65.6997
0 1644 1478 65.7196
0 1646 1478 65.7397
0 1648 1478 65.76
0 1650 1478 65.7797
0 1651 1478 65.7998
0 1653 1478 65.8197
0 1653 1478 65.8395
0 1654 1478 65.8603
0 1654 1478 65.8805
0 1654 1478 65.8996
0 1654 1478 65.9196
0 1656 1478 65.9396
0 1657 1478 65.9596
0 1659 1478 65.9797
0 1663 1478 65.9995
0 1668 1477 66.0194
0 1674 1477 66.0394
0 1681 1477 66.0594
0 1689 1477 66.0795
0 1699 1477 66.0994
0 1709 1477 66.1194
0 1720 1477 66.1394
0 1728 1477 66.1595
0 1734 1477 66.1794
0 1737 1477 66.1994
0 1739 1477 66.2196
0 1741 1477 66.2394
0 1741 1477 66.2593
0 1742 1477 66.2794
0 1742 1477 66.2993
0 1742 1477 66.3193
0 1742 1477 66.3392
0 1742 1477 66.3593
0 1743 1477 66.3793
0 1743 1477 66.3993
0 1743 1477 66.4194
0 1743 1477 66.4393
0 1743 1477 66.4593
0 1744 1476 66.4793
0 1744 1476 66.4993
0 1745 1476 66.5193
0 1746 1476 66.5392
0 1747 1476 66.5593
0 1747 1476 66.5792
0 1747 1476 66.5993
0 1747 1476 66.6191
0 1747 1476 66.6391
0 1747 1476 66.6592
0 1747 1476 66.6792
0 1747 1476 66.6991
0 1747 1476 66.7193
0 1747 1476 66.7392
0 1747 1476 66.7591
0 1747 1476 66.7794
0 1747 1476 66.7991
0 1748 1476 66.8191
0 1748 1476 66.8391
0 1748 1476 66.8591
0 1749 1476 66.8791
0 1751 1476 66.8992
0 1752 1476 66.9193
0 1753 1476 66.9398
0 1754 1476 66.9591
0 1756 1476 66.9792
0 1758 1476 66.9992
0 1759 1475 67.0191
0 1761 1475 67.0391
0 1762 1475 67.0591
0 1762 1475 67.0793
0 1763 1475 67.0991
0 1764 1475 67.1192
0 1766 1475 67.1391
0 1767 1475 67.1591
0 1769 1475 67.1791
0 1769 1475 67.1991
0 1770 1475 67.2192
0 1770 1475 67.2391
0 1771 1475 67.2599
0 1772 1474 67.2791
0 1772 1474 67.2991
0 1773 1474 67.3198
0 1774 1474 67.3391
0 1775 1474 67.3591
0 1776 1474 67.3798
0 1778 1474 67.3991
0 1781 1474 67.4191
0 1785 1474 67.4398
0 1789 1473 67.4597
0 1793 1473 67.4798
0 1795 1473 67.5065
0 1797 1473 67.5227
0 1798 1473 67.5391
0 1803 1473 67.5598
0 1809 1473 67.5797
0 1817 1473 67.5997
0 1825 1473 67.6197
0 1832 1473 67.6396
0 1840 1473 67.6597
0 1848 1473 67.6796
0 1857 1473 67.6997
0 1865 1474 67.7197
0 1873 1474 67.7396
0 1879 1474 67.7596
0 1884 1474 67.7796
0 1887 1474 67.7996
0 1889 1474 67.8197
0 1891 1474 67.8396
0 1894 1474 67.86
0 1899 1474 67.8796
0 1907 1474 67.8996
0 1915 1474 67.9198
0 1924 1475 67.9396
0 1934 1475 67.9596
0 1943 1475 67.9799
0 1950 1475 68.0116
0 1957 1475 68.0196
0 1964 1475 68.0395
0 1971 1476 68.0595
0 1976 1476 68.0795
0 1981 1476 68.0995
0 1986 1476 68.1196
0 1989 1476 68.1397
0 1991 1476 68.1595
0 1992 1476 68.1793
0 1993 1476 68.1994
0 1994 1476 68.2194
0 1997 1476 68.2393
0 2000 1475 68.2595
0 2003 1475 68.2794
0 2005 1475 68.2993
0 2007 1475 68.3195
0 2010 1475 68.3394
0 2012 1475 68.3593
0 2013 1474 68.3794
0 2014 1474 68.3994
0 2015 1474 68.4193
0 2016 1474 68.4393
0 2019 1474 68.4592
0 2023 1475 68.4792
0 2028 1475 68.4994
0 2033 1475 68.5192
0 2037 1475 68.5425
0 2039 1475 68.5592
0 2041 1475 68.5793
0 2043 1475 68.5992
0 2044 1475 68.6194
0 2046 1475 68.6392
0 2046 1475 68.6592
0 2047 1475 68.6795
0 2048 1475 68.6992
0 2049 1475 68.7192
0 2050 1475 68.7392
0 2051 1475 68.7592
0 2053 1475 68.7792
0 2056 1475 68.7993
0 2059 1475 68.8192
0 2062 1474 68.8392
0 2066 1474 68.8592
0 2068 1474 68.8792
0 2070 1474 68.8992
0 2071 1474 68.9192
0 2073 1474 68.9392
0 2074 1474 68.9592
0 2075 1474 68.9792
0 2077 1474 68.9992
0 2079 1474 69.0192
0 2080 1474 69.0393
0 2082 1474 69.0599
0 2085 1473 69.0792
0 2087 1473 69.1052
0 2089 1473 69.1208
0 2092 1473 69.1392
0 2094 1473 69.1592
0 2096 1473 69.1792
0 2099 1473 69.1992
0 2102 1473 69.2192
0 2103 1473 69.2392
0 2105 1473 69.2599
0 2107 1473 69.2792
0 2108 1473 69.2994
0 2111 1472 69.3198
0 2114 1472 69.3392
0 2116 1472 69.3592
0 2117 1472 69.3792
0 2118 1472 69.3998
0 2119 1472 69.4192
0 2120 1472 69.4399
0 2121 1472 69.4598
0 2122 1472 69.4798
0 2122 1472 69.4998
0 2123 1472 69.5198
0 2124 1472 69.5398
0 2125 1472 69.5598
0 2126 1472 69.5797
0 2127 1472 69.6018
0 2128 1472 69.6197
0 2129 1471 69.6397
0 2132 1471 69.6597
0 2134 1471 69.6798
0 2135 1471 69.6997
0 2136 1471 69.7197
0 2137 1471 69.7392
0 2138 1471 69.7597
0 2139 1471 69.7796
0 2140 1471 69.7996
0 2141 1471 69.8196
0 2142 1471 69.8395
0 2143 1471 69.8595
0 2145 1471 69.8796
0 2148 1471 69.8995
0 2151 1470 69.9195
0 2154 1470 69.9396
0 2157 1470 69.9595
0 2161 1470 69.9795
0 2164 1470 69.9996
0 2167 1470 70.0196
0 2170 1470 70.0395
0 2172 1469 70.0596
0 2175 1469 70.0796
0 2176 1469 70.0995
0 2178 1469 70.1196
0 2180 1469 70.1396
0 2183 1469 70.1595
0 2185 1469 70.1794
0 2188 1468 70.1995
0 2192 1468 70.2196
0 2197 1468 70.2394
0 2202 1468 70.261
0 2207 1468 70.2794
0 2210 1468 70.2994
0 2212 1468 70.3194
0 2214 1467 70.3393
0 2214 1467 70.3593
0 2215 1467 70.3794
0 2216 1467 70.3994
0 2216 1467 70.4194
0 2219 1467 70.4394
0 2222 1467 70.4593
0 2226 1467 70.4795
0 2233 1467 70.4993
0 2242 1466 70.5205
0 2251 1466 70.5394
0 2259 1466 70.5593
0 2265 1466 70.5803
0 2269 1466 70.5993
0 2271 1466 70.6193
0 2272 1466 70.6402
0 2273 1466 70.6593
0 2274 1466 70.6791
0 2274 1466 70.6991
0 2274 1466 70.7194
0 2274 1466 70.7391
0 2274 1466 70.7591
0 2274 1466 70.7791
0 2274 1466 70.7991
1 2273 1466 71.662
1 2273 1466 71.6788
1 2273 1466 71.6997
1 2273 1466 71.7196
1 2273 1466 71.7396
1 2273 1466 71.7596
1 2273 1466 71.7796
1 2273 1466 71.7996
1 2273 1466 71.8196
1 2273 1466 71.8398
1 2273 1466 71.8596
1 2273 1466 71.8796
1 2273 1466 71.8996
1 2273 1466 71.9196
1 2273 1466 71.9396
1 2273 1466 71.9598
1 2273 1466 71.9806
1 2273 1466 72.0018
1 2272 1466 72.0187
1 2272 1466 72.0395
1 2272 1466 72.0595
1 2272 1466 72.0794
1 2272 1466 72.0994
1 2272 1466 72.1195
1 2272 1466 72.1395
1 2272 1466 72.1594
1 2272 1466 72.1795
1 2271 1466 72.1995
1 2270 1466 72.2195
1 2269 1466 72.2395
1 2267 1466 72.2594
1 2266 1466 72.2796
1 2264 1467 72.2995
1 2262 1467 72.3195
1 2261 1467 72.3395
1 2259 1467 72.3594
1 2257 1467 72.3794
1 2255 1467 72.3995
1 2252 1468 72.4194
1 2249 1468 72.4393
1 2246 1468 72.4595
1 2243 1468 72.4795
1 2240 1469 72.4993
1 2236 1469 72.5193
1 2233 1469 72.5394
1 2232 1470 72.5592
1 2233 1470 72.5792
1 2237 1471 72.5992
1 2243 1472 72.6192
1 2250 1472 72.6394
1 2257 1473 72.6592
1 2263 1473 72.6792
1 2267 1473 72.6992
1 2270 1473 72.7193
1 2271 1473 72.7394
1 2272 1474 72.7592
1 2272 1474 72.78
1 2273 1474 72.7993
1 2272 1474 72.8191
1 2271 1474 72.8392
1 2270 1474 72.8591
1 2270 1474 72.879
1 2269 1474 72.8992
1 2267 1474 72.9191
1 2265 1474 72.9401
1 2262 1474 72.9592
1 2258 1475 72.9791
1 2253 1475 73.0001
1 2249 1475 73.0192
1 2246 1475 73.0391
1 2243 1475 73.0591
1 2241 1475 73.08
1 2239 1476 73.1001
1 2237 1476 73.1203
1 2234 1476 73.1401
1 2233 1476 73.16
1 2230 1476 73.1799
1 2228 1476 73.201
1 2226 1476 73.22
1 2223 1476 73.2399
1 2219 1477 73.2601
1 2215 1477 73.28
1 2212 1477 73.2999
1 2210 1477 73.32
1 2207 1477 73.339
1 2206 1477 73.3598
1 2204 1477 73.3798
1 2201 1477 73.3998
1 2199 1477 73.4198
1 2196 1477 73.4398
1 2193 1478 73.4603
1 2190 1478 73.4801
1 2188 1478 73.5
1 2185 1478 73.5209
1 2182 1478 73.5401
1 2181 1478 73.5599
1 2183 1478 73.5798
1 2188 1479 73.5999
1 2196 1479 73.6197
1 2206 1480 73.6398
1 2216 1480 73.6597
1 2224 1480 73.6797
1 2228 1481 73.6999
1 2231 1481 73.7197
1 2232 1481 73.7418
1 2233 1481 73.7597
1 2233 1482 73.7797
1 2233 1482 73.7997
1 2231 1482 73.8198
1 2230 1482 73.8398
1 2229 1482 73.8598
1 2226 1482 73.8796
1 2223 1482 73.8995
1 2220 1483 73.9197
1 2216 1483 73.9396
1 2212 1483 73.9596
1 2208 1483 73.9795
1 2204 1484 73.9996
1 2200 1484 74.0196
1 2196 1484 74.0396
1 2191 1484 74.0596
1 2188 1485 74.0796
1 2184 1485 74.0996
1 2181 1485 74.1197
1 2178 1485 74.1395
1 2176 1485 74.1606
1 2173 1485 74.1795
1 2170 1486 74.1995
1 2168 1486 74.2195
1 2166 1486 74.2394
1 2164 1486 74.2594
1 2161 1486 74.2795
1 2159 1486 74.2994
1 2156 1487 74.3205
1 2153 1487 74.3396
1 2149 1487 74.3594
1 2146 1487 74.3796
1 2143 1487 74.3995
1 2140 1487 74.4195
1 2136 1488 74.4395
1 2133 1488 74.4594
1 2130 1488 74.4795
1 2126 1488 74.4996
1 2125 1489 74.5255
1 2125 1489 74.5403
1 2126 1489 74.5603
1 2129 1490 74.5793
1 2131 1490 74.5994
1 2133 1491 74.6194
1 2133 1491 74.6393
1 2132 1492 74.6593
1 2130 1492 74.6795
1 2125 1492 74.6993
1 2120 1493 74.7192
1 2115 1493 74.7392
1 2109 1493 74.7602
1 2103 1494 74.7802
1 2096 1494 74.7993
1 2089 1495 74.8192
1 2081 1495 74.8393
1 2073 1495 74.8593
1 2066 1496 74.8793
1 2059 1496 74.8992
1 2056 1497 74.9192
1 2056 1497 74.9393
1 2060 1498 74.9593
1 2066 1498 74.9792
1 2075 1499 74.9991
1 2088 1500 75.0201
1 2102 1501 75.0391
1 2117 1501 75.0591
1 2131 1502 75.0791
1 2143 1503 75.1001
1 2154 1504 75.12
1 2161 1505 75.1401
1 2166 1506 75.159
1 2168 1506 75.18
1 2168 1507 75.2006
1 2167 1507 75.22
1 2165 1508 75.2402
1 2162 1508 75.2602
1 2158 1509 75.28
1 2153 1510 75.3
1 2148 1510 75.32
1 2142 1511 75.3399
1 2135 1512 75.36
1 2127 1513 75.38
1 2117 1513 75.4
1 2108 1514 75.42
1 2099 1515 75.4399
1 2090 1515 75.46
1 2080 1516 75.4799
1 2068 1517 75.5009
1 2056 1518 75.52
1 2045 1518 75.5407
1 2034 1519 75.5598
1 2024 1520 75.5798
1 2013 1520 75.6022
1 2002 1521 75.6189
1 1991 1522 75.6398
1 1980 1523 75.6598
1 1970 1523 75.6797
1 1961 1524 75.6997
1 1951 1525 75.7198
1 1942 1526 75.7399
1 1931 1527 75.7597
1 1921 1528 75.7799
1 1910 1529 75.7998
1 1899 1530 75.8198
1 1887 1531 75.8396
1 1874 1532 75.8597
1 1859 1533 75.8796
1 1843 1533 75.8996
1 1825 1534 75.9197
1 1805 1535 75.9397
1 1785 1536 75.9596
1 1764 1537 75.9798
1 1742 1537 75.9996
1 1719 1538 76.0196
1 1695 1539 76.0397
1 1673 1540 76.0596
1 1654 1541 76.0796
1 1638 1542 76.0995
1 1626 1542 76.1195
1 1616 1543 76.1395
1 1608 1544 76.1595
1 1599 1544 76.1795
1 1590 1545 76.1995
1 1582 1546 76.2195
1 1572 1546 76.2395
1 1561 1547 76.2594
1 1548 1548 76.2795
1 1536 1549 76.2995
1 1527 1550 76.3195
1 1522 1550 76.3405
1 1519 1550 76.3595
1 1517 1550 76.3793
1 1516 1550 76.3995
1 1515 1551 76.4193
1 1515 1551 76.4393
1 1515 1551 76.4594
1 1515 1551 76.4794
1 1515 1551 76.4995
1 1518 1551 76.5194
1 1523 1550 76.5394
1 1530 1550 76.5594
1 1538 1550 76.5794
1 1548 1550 76.5994
1 1557 1549 76.6193
1 1563 1549 76.6395
1 1566 1549 76.6605
1 1568 1549 76.6795
1 1569 1549 76.6993
1 1569 1549 76.7193
1 1570 1549 76.7395
0 1570 1549 77.5
0 1570 1549 77.5198
0 1570 1549 77.5398
0 1570 1549 77.56
0 1570 1549 77.5798
0 1570 1549 77.5998
0 1570 1549 77.6198
0 1570 1549 77.6398
0 1570 1549 77.6598
0 1570 1549 77.6798
0 1570 1549 77.6998
0 1570 1549 77.7198
0 1570 1549 77.7398
0 1570 1549 77.7598
0 1570 1549 77.7797
0 1570 1549 77.7997
0 1570 1549 77.8198
0 1570 1549 77.8397
0 1570 1549 77.8597
0 1570 1549 77.8798
0 1570 1549 77.8996
0 1570 1549 77.9197
0 1571 1549 77.9397
0 1574 1549 77.9596
0 1577 1549 77.9796
0 1582 1549 77.9997
0 1586 1548 78.0196
0 1591 1548 78.0397
0 1596 1548 78.0596
0 1601 1548 78.0795
0 1603 1548 78.0995
0 1605 1548 78.1199
0 1606 1548 78.1406
0 1606 1548 78.1595
0 1607 1548 78.1795
0 1607 1548 78.1997
0 1607 1548 78.5794
0 1607 1548 78.5995
0 1607 1548 78.6193
0 1609 1548 78.6393
0 1614 1548 78.6594
0 1621 1547 78.6793
0 1629 1547 78.6992
0 1637 1547 78.7193
0 1646 1547 78.7393
0 1655 1546 78.7592
0 1662 1546 78.7793
0 1668 1546 78.8003
0 1673 1546 78.8193
0 1677 1546 78.8394
0 1680 1546 78.8602
0 1684 1546 78.8793
0 1686 1546 78.9003
0 1689 1546 78.9193
0 1692 1546 78.9392
0 1695 1546 78.9595
0 1698 1546 78.9793
0 1702 1545 78.9991
0 1706 1545 79.0192
0 1712 1545 79.0391
0 1720 1546 79.0591
0 1729 1546 79.0792
0 1740 1546 79.0991
0 1753 1546 79.1198
0 1767 1547 79.1392
0 1782 1547 79.1593
0 1798 1547 79.179
0 1816 1547 79.1997
0 1834 1547 79.219
0 1852 1547 79.239
0 1870 1547 79.2592
0 1885 1547 79.279
0 1896 1547 79.2989
0 1904 1547 79.3192
0 1909 1547 79.339
0 1912 1547 79.3589
0 1914 1547 79.3791
0 1915 1547 79.399
0 1916 1547 79.419
0 1917 1547 79.439
0 1918 1547 79.4589
0 1919 1547 79.48
0 1920 1547 79.499
0 1921 1547 79.5189
0 1922 1547 79.5388
0 1925 1547 79.559
0 1930 1547 79.5789
0 1936 1547 79.5988
0 1942 1547 79.6191
0 1948 1547 79.6388
0 1953 1547 79.6588
0 1962 1547 79.6788
0 1977 1547 79.6989
0 1995 1547 79.7187
0 2016 1547 79.7388
0 2036 1548 79.76
0 2054 1548 79.7796
0 2069 1548 79.7993
0 2079 1548 79.8187
0 2085 1548 79.8393
0 2088 1548 79.8597
0 2090 1548 79.8797
0 2091 1548 79.8988
0 2092 1548 79.9187
0 2093 1548 79.9394
0 2094 1548 79.9598
0 2095 1548 79.9787
0 2097 1548 79.9987
0 2098 1548 80.0187
0 2100 1548 80.0386
0 2101 1548 80.0586
0 2102 1548 80.0785
0 2102 1548 80.0986
0 2103 1548 80.1186
0 2104 1548 80.1386
0 2107 1548 80.1586
0 2110 1548 80.1787
0 2113 1548 80.1986
0 2118 1548 80.2186
0 2124 1548 80.2387
0 2129 1547 80.2585
0 2135 1547 80.2786
0 2140 1547 80.2985
0 2145 1547 80.3185
0 2149 1547 80.3385
0 2154 1547 80.3586
0 2158 1547 80.3785
0 2163 1547 80.3985
0 2168 1547 80.4186
0 2173 1547 80.4385
0 2178 1547 80.4585
0 2182 1546 80.4786
0 2188 1546 80.4995
0 2193 1546 80.5185
0 2197 1546 80.5394
0 2199 1546 80.5586
0 2201 1546 80.5786
0 2202 1546 80.5986
0 2203 1546 80.6187
0 2203 1546 80.6386
0 2203 1546 80.6585
0 2204 1546 80.6788
0 2204 1546 80.6986
0 2204 1546 80.7185
0 2205 1546 80.7387
0 2205 1546 80.7593
0 2205 1546 80.7786
0 2206 1546 80.7985
0 2206 1546 80.8192
0 2206 1546 80.8385
0 2207 1546 80.8585
0 2207 1546 80.8794
0 2208 1546 80.8992
0 2209 1546 80.9186
0 2211 1546 80.9392
0 2213 1546 80.9602
0 2215 1546 80.9794
0 2218 1546 80.9993
0 2221 1546 81.0191
0 2225 1546 81.0393
0 2230 1546 81.0593
0 2234 1546 81.0792
0 2239 1545 81.0992
0 2244 1545 81.1194
0 2248 1545 81.1392
0 2252 1545 81.1591
0 2257 1545 81.1791
0 2262 1545 81.199
0 2270 1545 81.219
0 2281 1545 81.239
0 2296 1544 81.2591
0 2308 1544 81.279
0 2318 1544 81.299
0 2326 1545 81.3191
0 2332 1545 81.3391
0 2337 1545 81.3589
0 2341 1545 81.3789
0 2343 1545 81.3993
0 2345 1545 81.4189
0 2346 1545 81.4391
0 2347 1545 81.4589
0 2349 1545 81.4789
0 2350 1545 81.499
0 2352 1545 81.5189
0 2352 1545 81.5389
0 2353 1545 81.5589
0 2353 1545 81.5789
0 2354 1546 81.599
0 2354 1546 81.6188
0 2355 1546 81.6401
0 2356 1546 81.6586
0 2357 1546 81.679
0 2357 1546 81.6988
0 2358 1546 81.7187
0 2358 1546 81.7389
0 2358 1546 81.7588
0 2358 1546 81.7787
0 2358 1546 81.7988
0 2358 1546 81.8188
0 2358 1546 81.8388
0 2358 1546 81.8588
0 2358 1546 81.8788
0 2358 1546 81.8988
0 2358 1546 81.9187
0 2358 1546 81.9387
0 2358 1546 81.9586
0 2358 1546 81.9787
0 2358 1546 81.9997
0 2358 1546 82.0187
0 2358 1546 82.0387
0 2359 1546 82.0589
0 2361 1545 82.0786
0 2362 1545 82.0988
0 2363 1545 82.1188
0 2363 1545 82.1387
0 2363 1545 82.1586
0 2364 1545 82.1786
0 2365 1545 82.1986
0 2365 1545 82.2188
0 2365 1545 82.2386
0 2365 1545 82.2586
0 2365 1545 82.2786
0 2367 1545 82.2986
0 2367 1545 82.3186
0 2368 1545 82.3386
0 2368 1545 82.3586
0 2368 1545 82.3786
0 2368 1545 82.3986
0 2369 1545 82.4195
0 2370 1545 82.4386
0 2370 1545 82.4586
0 2370 1545 82.4788
0 2371 1545 82.4987
0 2373 1545 82.5186
0 2374 1545 82.5387
0 2376 1545 82.5594
0 2379 1545 82.5786
0 2385 1545 82.5987
0 2392 1545 82.6194
0 2403 1546 82.6386
0 2416 1546 82.6586
0 2432 1546 82.6788
0 2451 1547 82.6987
0 2472 1547 82.7186
0 2494 1547 82.739
0 2518 1548 82.7593
0 2541 1548 82.7786
0 2563 1548 82.7988
0 2584 1549 82.8193
0 2605 1549 82.8392
0 2626 1550 82.8586
0 2648 1550 82.8788
0 2668 1551 82.8994
0 2686 1551 82.92
0 2702 1551 82.9393
0 2713 1551 82.9593
0 2721 1552 82.9793
0 2726 1552 82.9992
0 2728 1552 83.0191
0 2730 1552 83.0432
0 2731 1552 83.0586
0 2732 1552 83.0791
0 2732 1552 83.0991
0 2732 1552 83.1191
0 2732 1552 83.1392
0 2729 1552 83.5788
0 2729 1552 83.6
0 2728 1552 83.6189
0 2728 1552 83.6389
0 2729 1552 83.6594
0 2730 1552 83.6788
0 2732 1552 83.6991
0 2734 1552 83.719
0 2738 1552 83.7389
0 2744 1552 83.7588
0 2749 1552 83.7789
0 2755 1552 83.7989
0 2758 1552 83.8188
0 2762 1552 83.8388
0 2764 1552 83.8587
0 2767 1552 83.8787
0 2768 1552 83.8989
0 2770 1552 83.9188
0 2772 1552 83.9387
0 2775 1552 83.959
0 2779 1551 83.9788
0 2782 1551 83.9987
0 2786 1551 84.0189
0 2789 1551 84.0387
0 2791 1551 84.0587
0 2794 1551 84.0807
0 2797 1551 84.0987
0 2801 1551 84.1187
0 2807 1551 84.1386
0 2813 1551 84.1587
0 2820 1550 84.1786
0 2827 1550 84.1986
0 2832 1550 84.2187
0 2837 1550 84.2387
0 2842 1550 84.2586
0 2845 1550 84.2787
0 2849 1549 84.2987
0 2851 1549 84.3187
0 2853 1549 84.3387
0 2855 1549 84.3587
0 2858 1549 84.3786
0 2861 1549 84.3986
0 2864 1549 84.4186
0 2866 1549 84.4395
0 2868 1549 84.4587
0 2870 1549 84.4787
0 2872 1549 84.4987
0 2874 1549 84.5187
0 2875 1549 84.5387
0 2876 1549 84.5587
0 2878 1549 84.5794
0 2881 1549 84.5987
0 2885 1549 84.6187
0 2890 1549 84.6388
0 2893 1549 84.6588
0 2897 1549 84.6789
0 2900 1549 84.6989
0 2905 1549 84.7187
0 2909 1549 84.7388
0 2913 1549 84.7589
0 2917 1549 84.7793
0 2920 1549 84.7993
0 2923 1549 84.8194
0 2925 1549 84.8393
0 2927 1549 84.8587
0 2930 1549 84.8793
0 2932 1549 84.8993
0 2934 1549 84.9193
0 2936 1549 84.9394
0 2938 1549 84.9592
0 2939 1549 84.9791
0 2941 1549 84.9992
0 2944 1549 85.0192
0 2946 1549 85.0392
0 2948 1549 85.0591
0 2951 1549 85.0792
0 2954 1549 85.0993
0 2960 1549 85.1192
0 2967 1549 85.1391
0 2975 1548 85.1593
0 2983 1548 85.1792
0 2990 1548 85.199
0 2997 1548 85.2191
0 3004 1548 85.239
0 3009 1548 85.259
0 3015 1548 85.2792
0 3020 1548 85.2991
0 3025 1548 85.319
0 3028 1548 85.339
0 3033 1548 85.3591
0 3035 1548 85.384
0 3037 1548 85.3987
0 3039 1548 85.4192
0 3041 1548 85.4391
0 3043 1548 85.4593
0 3045 1548 85.479
0 3048 1548 85.499
0 3050 1548 85.5192
0 3051 1548 85.5393
0 3053 1548 85.559
0 3055 1548 85.579
0 3058 1548 85.5989
0 3061 1548 85.6189
0 3065 1548 85.6389
0 3069 1548 85.659
0 3071 1548 85.6789
0 3073 1548 85.6989
0 3073 1548 85.7189
0 3074 1548 85.7388
0 3074 1548 85.7588
0 3075 1548 85.779
0 3078 1548 85.7988
0 3080 1548 85.8188
0 3082 1548 85.839
0 3084 1548 85.8588
0 3087 1548 85.8788
0 3090 1548 85.899
0 3094 1548 85.9189
0 3096 1548 85.9388
0 3098 1548 85.9591
0 3100 1548 85.9788
0 3102 1548 85.9987
0 3102 1548 86.0189
0 3104 1548 86.0388
0 3105 1548 86.0587
0 3105 1548 86.0788
0 3106 1548 86.0988
0 3108 1548 86.1187
0 3112 1548 86.1411
0 3114 1548 86.1588
0 3117 1548 86.1787
0 3120 1548 86.1987
0 3123 1548 86.2189
0 3127 1548 86.2388
0 3130 1548 86.2587
0 3135 1548 86.2787
0 3140 1548 86.2987
0 3145 1548 86.3187
0 3149 1548 86.3388
0 3153 1549 86.3587
0 3159 1549 86.3787
0 3167 1549 86.399
0 3175 1549 86.4187
0 3182 1549 86.4387
0 3188 1549 86.4588
0 3195 1549 86.4787
0 3202 1549 86.4987
0 3208 1549 86.5194
0 3214 1549 86.5402
0 3218 1549 86.5589
0 3221 1549 86.5794
0 3225 1549 86.5987
0 3229 1550 86.6188
0 3233 1550 86.6387
0 3237 1550 86.6587
0 3241 1550 86.6789
0 3244 1550 86.6994
0 3247 1550 86.7193
0 3252 1550 86.7395
0 3255 1550 86.7594
0 3259 1550 86.7794
0 3263 1550 86.7994
0 3268 1550 86.8194
0 3272 1550 86.8392
0 3277 1550 86.8596
0 3280 1550 86.8793
0 3284 1550 86.8995
0 3287 1550 86.9194
0 3290 1550 86.9392
0 3293 1550 86.9593
0 3294 1549 86.9794
0 3296 1549 86.9993
0 3298 1549 87.0192
0 3300 1549 87.0394
0 3302 1549 87.0593
0 3305 1549 87.0792
0 3306 1549 87.0994
0 3309 1549 87.1191
0 3312 1549 87.1391
0 3315 1549 87.1593
0 3319 1549 87.1791
0 3322 1549 87.1992
0 3325 1549 87.2191
0 3328 1549 87.2391
0 3331 1549 87.2591
0 3333 1549 87.2791
0 3335 1549 87.2991
0 3337 1549 87.3191
0 3339 1549 87.3391
0 3340 1549 87.3591
0 3341 1549 87.3791
0 3342 1549 87.3989
0 3345 1549 87.4189
0 3347 1549 87.4389
0 3350 1549 87.4589
0 3352 1549 87.4791
0 3356 1549 87.501
0 3360 1549 87.519
0 3364 1549 87.5389
0 3370 1549 87.5601
0 3374 1549 87.5791
0 3378 1548 87.5991
0 3382 1548 87.619
0 3385 1548 87.6391
0 3388 1548 87.659
0 3391 1548 87.679
0 3393 1548 87.6991
0 3395 1548 87.7189
0 3395 1548 87.739
0 3397 1548 87.7589
0 3399 1548 87.7789
0 3402 1548 87.7989
0 3407 1548 87.8188
0 3412 1548 87.8388
0 3417 1548 87.8588
0 3420 1548 87.8788
0 3422 1548 87.899
0 3423 1548 87.9187
0 3424 1548 87.9387
0 3425 1548 87.9589
0 3425 1548 87.9787
0 3425 1548 87.9988
0 3425 1548 88.0188
0 3425 1548 88.0387
0 3425 1548 88.0587
1 3425 1548 88.7594
1 3424 1548 88.7794
1 3424 1548 88.7993
1 3424 1548 88.8193
1 3424 1548 88.8393
1 3424 1548 88.8593
1 3424 1548 88.8793
1 3423 1548 88.8993
1 3423 1548 88.9193
1 3423 1548 88.9393
1 3423 1548 88.9593
1 3423 1548 88.9793
1 3423 1548 88.9993
1 3421 1548 89.0192
1 3419 1548 89.0392
1 3416 1548 89.0592
1 3414 1548 89.0791
1 3412 1548 89.0992
1 3410 1548 89.1196
1 3408 1548 89.1392
1 3407 1548 89.1591
1 3406 1548 89.1791
1 3405 1548 89.1992
1 3405 1548 89.2192
1 3406 1549 89.2392
1 3406 1549 89.2604
1 3408 1549 89.2791
1 3409 1549 89.2991
1 3410 1549 89.3191
1 3412 1549 89.339
1 3414 1550 89.359
1 3417 1550 89.3791
1 3420 1550 89.399
1 3423 1551 89.419
1 3425 1551 89.4391
1 3428 1551 89.459
1 3431 1551 89.479
1 3433 1551 89.4992
1 3436 1552 89.5191
1 3438 1552 89.539
1 3439 1552 89.5589
1 3442 1552 89.579
1 3444 1553 89.5989
1 3444 1553 89.6194
1 3443 1553 89.639
1 3442 1554 89.659
1 3442 1554 89.6789
1 3442 1554 89.699
1 3443 1554 89.7195
1 3443 1554 89.7389
1 3444 1555 89.7589
1 3445 1555 89.7792
1 3446 1555 89.7991
1 3445 1555 89.8189
1 3445 1556 89.8389
1 3444 1556 89.8589
1 3444 1556 89.8789
1 3444 1556 89.8989
1 3444 1556 89.919
1 3444 1557 89.9387
1 3445 1557 89.9587
1 3446 1557 89.9789
1 3448 1557 89.9988
1 3449 1557 90.0187
1 3448 1557 90.0387
1 3449 1558 90.0588
1 3449 1558 90.0788
1 3449 1558 90.0987
1 3449 1558 90.1188
1 3449 1558 90.1387
1 3449 1558 90.1586
1 3449 1558 90.1786
1 3448 1558 90.1987
1 3445 1558 90.2186
1 3442 1559 90.2386
1 3439 1559 90.2597
1 3436 1559 90.2786
1 3435 1559 90.2986
1 3433 1559 90.3186
1 3431 1559 90.3396
1 3429 1559 90.3586
1 3427 1559 90.3786
1 3425 1559 90.3985
1 3424 1559 90.4185
1 3422 1559 90.4385
1 3420 1560 90.4586
1 3418 1560 90.4795
1 3416 1560 90.4985
1 3414 1560 90.5187
1 3413 1560 90.5388
1 3412 1560 90.5597
1 3411 1560 90.5795
1 3410 1560 90.5987
1 3407 1560 90.6196
1 3405 1560 90.6396
1 3402 1560 90.6598
1 3400 1561 90.6795
1 3398 1561 90.6994
1 3396 1561 90.7193
1 3394 1561 90.7395
1 3392 1561 90.7594
1 3389 1561 90.7794
1 3388 1561 90.8001
1 3387 1561 90.8208
1 3387 1561 90.8384
1 3387 1561 90.8594
1 3387 1561 90.8794
1 3387 1561 90.8994
1 3388 1561 90.9196
1 3389 1561 90.9395
1 3391 1562 90.9592
1 3394 1562 90.9792
1 3397 1562 90.9993
1 3399 1562 91.0193
1 3402 1562 91.0393
1 3404 1562 91.0595
1 3406 1562 91.0794
1 3407 1563 91.0996
1 3406 1563 91.1194
1 3404 1563 91.1393
1 3401 1563 91.1592
1 3396 1563 91.1793
1 3394 1563 91.1991
1 3394 1564 91.2191
1 3393 1564 91.2391
1 3395 1564 91.2591
1 3397 1564 91.2791
1 3399 1564 91.2991
1 3401 1565 91.3196
1 3401 1565 91.3415
1 3400 1565 91.3591
1 3397 1565 91.3791
1 3395 1565 91.3995
1 3393 1565 91.4194
1 3391 1566 91.4391
1 3389 1566 91.4593
1 3388 1566 91.4794
1 3387 1566 91.4991
1 3386 1566 91.519
1 3385 1566 91.539
1 3386 1566 91.559
1 3385 1566 91.579
1 3385 1566 91.5993
1 3385 1566 91.6191
1 3384 1566 91.6391
1 3383 1566 91.659
1 3382 1566 91.6792
1 3381 1567 91.6989
1 3380 1567 91.7191
1 3380 1567 91.739
1 3380 1567 91.7588
1 3379 1567 91.7789
1 3377 1567 91.799
1 3375 1567 91.819
1 3374 1567 91.8389
1 3372 1567 91.8588
1 3372 1567 91.8789
1 3370 1567 91.899
1 3370 1567 91.919
1 3369 1567 91.9389
1 3369 1567 91.9593
1 3369 1567 91.9791
1 3369 1567 91.9989
1 3368 1567 92.0189
1 3365 1567 92.0388
1 3361 1568 92.0589
1 3357 1568 92.0788
1 3353 1568 92.0989
1 3350 1568 92.119
1 3349 1568 92.1387
1 3348 1568 92.1587
1 3347 1568 92.1787
0 3346 1568 92.7796
0 3346 1568 92.7995
0 3346 1568 92.8195
0 3346 1568 92.8395
0 3346 1568 92.8595
0 3347 1568 92.8794
0 3347 1568 92.8995
0 3349 1568 92.9194
0 3350 1568 92.9394
0 3350 1568 92.9594
0 3352 1568 92.9812
0 3354 1568 93.0019
0 3357 1568 93.0205
0 3361 1568 93.0394
0 3367 1568 93.0593
0 3373 1568 93.0794
0 3381 1568 93.0994
0 3391 1568 93.1194
0 3402 1567 93.1393
0 3414 1567 93.1592
0 3429 1567 93.1792
0 3443 1567 93.1992
0 3457 1567 93.2192
0 3475 1567 93.2393
0 3496 1567 93.2592
0 3522 1567 93.2792
0 3548 1567 93.2992
0 3576 1567 93.3192
0 3604 1567 93.3402
0 3631 1567 93.3592
0 3657 1568 93.3793
0 3681 1568 93.4003
0 3702 1568 93.4202
0 3720 1568 93.4391
0 3738 1568 93.459
0 3756 1568 93.479
0 3773 1568 93.4991
0 3789 1569 93.5191
0 3802 1569 93.5392
0 3810 1569 93.5592
0 3816 1569 93.5791
0 3820 1569 93.6002
0 3822 1569 93.6191
0 3823 1569 93.6391
1 3822 1569 94.3587
1 3822 1569 94.3787
1 3822 1569 94.3996
1 3822 1569 94.4187
1 3822 1569 94.4396
1 3822 1569 94.4597
1 3822 1569 94.4796
1 3822 1569 94.4996
1 3822 1569 94.5197
1 3820 1569 94.5397
1 3818 1569 94.5595
1 3816 1569 94.5796
1 3814 1569 94.5995
1 3812 1569 94.6195
1 3808 1569 94.6396
1 3804 1569 94.6595
1 3799 1570 94.6795
1 3794 1570 94.6995
1 3789 1570 94.7196
1 3784 1570 94.7395
1 3777 1570 94.7596
1 3771 1570 94.7795
1 3764 1571 94.7994
1 3757 1571 94.8195
1 3751 1571 94.8394
1 3744 1571 94.8594
1 3738 1572 94.8794
1 3733 1572 94.8994
1 3728 1572 94.9195
1 3722 1572 94.9394
1 3717 1573 94.9594
1 3711 1573 94.9794
1 3702 1573 94.9994
1 3693 1574 95.0194
1 3683 1574 95.0394
1 3674 1574 95.0594
1 3664 1575 95.0793
1 3654 1575 95.0996
1 3645 1575 95.1203
1 3636 1575 95.1392
1 3628 1575 95.16
1 3620 1576 95.1803
1 3613 1576 95.1992
1 3607 1576 95.2192
1 3602 1576 95.2392
1 3596 1576 95.2594
1 3592 1576 95.2792
1 3589 1576 95.2992
1 3584 1577 95.3193
1 3577 1577 95.3392
1 3570 1577 95.3593
1 3562 1577 95.3791
1 3555 1577 95.3992
1 3551 1578 95.4191
1 3547 1578 95.4394
1 3543 1578 95.4592
1 3540 1578 95.4792
1 3535 1578 95.4991
1 3526 1578 95.5193
1 3516 1579 95.5391
1 3504 1579 95.5591
1 3493 1579 95.5791
1 3484 1580 95.5991
1 3475 1580 95.6189
1 3466 1580 95.6391
1 3457 1580 95.6589
1 3448 1580 95.6789
1 3441 1581 95.699
1 3435 1581 95.719
1 3428 1581 95.7389
1 3421 1581 95.759
1 3415 1581 95.7789
1 3410 1581 95.7989
1 3404 1582 95.819
1 3399 1582 95.839
1 3392 1582 95.859
1 3385 1582 95.881
1 3378 1582 95.8992
1 3372 1583 95.9188
1 3368 1583 95.9388
1 3365 1583 95.9588
1 3363 1583 95.9788
1 3363 1583 95.9988
1 3362 1583 96.0199
0 3362 1583 96.4387
0 3362 1583 96.4587
0 3362 1583 96.4788
0 3362 1583 96.4989
0 3362 1583 96.5187
0 3362 1583 96.5388
0 3362 1583 96.5587
0 3362 1583 96.5786
0 3362 1583 96.5986
0 3363 1583 96.6186
0 3364 1583 96.6386
0 3364 1583 96.6586
0 3365 1583 96.6786
0 3365 1583 96.6987
0 3367 1583 96.7185
0 3368 1583 96.7385
0 3371 1583 96.7584
0 3374 1583 96.7784
0 3380 1583 96.7985
0 3385 1583 96.8185
0 3392 1583 96.8384
0 3397 1583 96.8584
0 3404 1583 96.8785
0 3411 1583 96.8984
0 3417 1583 96.9191
0 3423 1583 96.9384
0 3429 1583 96.9585
0 3433 1583 96.9784
0 3438 1583 96.9984
0 3442 1583 97.0184
0 3446 1583 97.0383
0 3449 1583 97.0583
0 3453 1583 97.0783
0 3455 1583 97.0983
0 3457 1583 97.1183
0 3459 1583 97.1384
0 3460 1583 97.1583
0 3461 1583 97.1783
0 3462 1583 97.1984
0 3463 1583 97.2183
0 3463 1583 97.2383
0 3465 1583 97.2584
0 3471 1583 97.2782
0 3480 1583 97.2982
0 3492 1582 97.3192
0 3506 1582 97.3382
0 3521 1582 97.3583
0 3537 1582 97.3782
0 3552 1582 97.3983
0 3567 1582 97.4181
0 3579 1582 97.4382
0 3590 1581 97.4583
0 3601 1581 97.4781
0 3612 1581 97.4981
0 3623 1581 97.5184
0 3633 1581 97.5381
0 3645 1581 97.5581
0 3659 1581 97.5783
0 3675 1581 97.5981
0 3694 1581 97.6181
0 3715 1581 97.6391
0 3740 1582 97.6582
0 3769 1582 97.6791
0 3798 1582 97.6991
0 3827 1582 97.7182
0 3850 1582 97.7381
0 3866 1582 97.7581
0 3876 1582 97.7782
0 3882 1582 97.7981
0 3886 1582 97.8181
0 3888 1582 97.8384
0 3891 1582 98.3787
0 3891 1582 98.3986
0 3891 1582 98.4187
0 3891 1582 98.4386
0 3891 1582 98.4587
0 3891 1582 98.4786
0 3891 1582 98.4987
0 3891 1582 98.5186
0 3891 1582 98.5386
0 3891 1582 98.5587
0 3891 1582 98.5787
0 3891 1582 98.5986
0 3891 1582 98.6186
0 3891 1582 98.6386
0 3891 1582 98.6586
0 3891 1582 98.6786
0 3891 1582 98.6987
0 3891 1582 98.7186
0 3892 1582 98.7384
0 3893 1582 98.7587
0 3893 1582 98.7785
0 3893 1582 98.7995
0 3894 1582 98.8184
0 3896 1582 98.8385
0 3897 1582 98.8595
0 3899 1582 98.8785
0 3900 1582 98.8985
0 3901 1582 98.9183
0 3903 1582 98.9395
0 3906 1582 98.9584
0 3908 1582 98.9783
0 3911 1582 98.9983
0 3913 1582 99.0184
0 3916 1582 99.0384
0 3919 1582 99.0584
0 3925 1582 99.0794
0 3934 1582 99.0983
0 3941 1582 99.1183
0 3950 1581 99.1384
0 3957 1581 99.1583
0 3966 1581 99.1783
0 3976 1581 99.1984
0 3985 1581 99.2186
0 3994 1581 99.2387
0 4001 1581 99.2582
0 4007 1581 99.2782
0 4011 1581 99.2982
0 4013 1581 99.3183
0 4015 1581 99.3383
0 4017 1581 99.3582
0 4019 1582 99.3783
0 4022 1582 99.3982
0 4025 1582 99.4183
0 4028 1582 99.4383
0 4032 1582 99.4591
0 4036 1582 99.479
0 4043 1582 99.5005
0 4050 1582 99.5201
0 4057 1582 99.5382
0 4062 1582 99.5583
0 4066 1582 99.5781
0 4069 1582 99.5982
0 4072 1583 99.6181
0 4074 1583 99.6382
0 4075 1583 99.6581
0 4076 1583 99.6781
0 4078 1583 99.6982
0 4080 1583 99.7181
0 4083 1583 99.7381
0 4085 1583 99.7582
0 4088 1583 99.7781
0 4092 1583 99.7981
0 4096 1583 99.8183
0 4101 1583 99.839
0 4106 1583 99.8582
0 4110 1583 99.8782
0 4114 1583 99.899
0 4116 1583 99.9182
0 4120 1583 99.9381
0 4123 1583 99.959
0 4124 1583 99.9781
0 4127 1583 99.9981
0 4128 1583 100.019
0 4130 1583 100.038
0 4133 1583 100.058
0 4134 1583 100.079
0 4135 1583 100.098
0 4135 1583 100.118
0 4136 1583 100.139
0 4137 1583 100.158
0 4139 1583 100.178
0 4140 1583 100.199
0 4143 1583 100.219
0 4145 1583 100.239
0 4148 1583 100.259
0 4152 1583 100.279
0 4158 1583 100.299
0 4164 1583 100.319
0 4169 1584 100.339
0 4174 1584 100.359
0 4179 1584 100.379
0 4184 1584 100.399
0 4190 1584 100.419
0 4195 1584 100.439
0 4198 1584 100.459
0 4202 1584 100.479
0 4205 1584 100.499
0 4208 1584 100.519
0 4211 1584 100.539
0 4215 1584 100.559
0 4219 1584 100.579
0 4225 1584 100.599
0 4231 1584 100.619
0 4236 1584 100.641
0 4242 1584 100.659
0 4248 1584 100.679
0 4254 1584 100.699
0 4259 1584 100.719
0 4263 1584 100.738
0 4267 1584 100.759
0 4270 1584 100.778
0 4271 1584 100.799
0 4272 1584 100.819
0 4273 1584 100.839
0 4273 1584 100.858
0 4274 1584 100.879
0 4274 1584 100.899
0 4274 1584 100.918
0 4274 1584 100.939
0 4276 1584 100.958
0 4277 1584 100.978
0 4279 1584 100.999
0 4280 1584 101.018
0 4280 1584 101.038
0 4281 1584 101.058
0 4281 1584 101.079
0 4282 1584 101.098
0 4282 1584 101.118
0 4282 1584 101.138
0 4282 1584 101.158
0 4282 1584 101.178
0 4284 1584 101.198
0 4284 1584 101.218
0 4286 1584 101.238
0 4289 1584 101.258
0 4292 1584 101.278
0 4295 1584 101.298
0 4299 1584 101.318
0 4302 1584 101.338
0 4305 1584 101.358
0 4306 1584 101.378
0 4308 1584 101.398
0 4311 1583 101.418
0 4313 1583 101.438
0 4315 1583 101.458
0 4316 1583 101.479
0 4316 1583 101.499
0 4316 1583 101.518
0 4317 1583 101.538
0 4318 1583 101.558
0 4318 1583 101.578
1 4318 1584 102.058
1 4318 1584 102.078
1 4318 1584 102.099
1 4318 1584 102.118
1 4318 1584 102.139
1 4318 1584 102.159
1 4318 1584 102.179
1 4318 1584 102.199
1 4319 1584 102.219
1 4319 1584 102.239
1 4319 1584 102.259
1 4318 1584 102.279
1 4317 1584 102.299
1 4314 1584 102.319
1 4309 1585 102.339
1 4303 1585 102.359
1 4297 1585 102.379
1 4291 1585 102.399
1 4287 1586 102.419
1 4283 1586 102.439
1 4281 1586 102.459
1 4280 1586 102.479
1 4277 1587 102.499
1 4275 1587 102.519
1 4272 1587 102.539
1 4270 1587 102.559
1 4268 1587 102.579
1 4266 1587 102.599
1 4262 1588 102.619
1 4257 1588 102.639
1 4255 1588 102.659
1 4255 1588 102.679
1 4253 1589 102.715
1 4251 1589 102.728
1 4249 1589 102.738
1 4245 1589 102.759
1 4241 1589 102.779
1 4238 1589 102.799
1 4234 1590 102.819
1 4232 1590 102.839
1 4227 1590 102.858
1 4223 1590 102.879
1 4219 1590 102.898
1 4217 1590 102.918
1 4215 1590 102.938
1 4215 1590 102.959
1 4214 1591 102.979
1 4214 1591 102.998
1 4214 1591 103.018
1 4214 1591 103.038
1 4213 1591 103.058
1 4212 1591 103.078
1 4209 1591 103.098
1 4206 1591 103.119
1 4202 1591 103.138
1 4199 1591 103.158
1 4194 1591 103.178
1 4191 1591 103.198
1 4186 1591 103.218
1 4181 1592 103.239
1 4175 1592 103.258
1 4170 1592 103.278
1 4166 1592 103.298
1 4163 1592 103.318
1 4161 1592 103.339
1 4160 1592 103.358
1 4160 1592 103.378
1 4161 1592 103.398
1 4161 1592 103.418
1 4160 1592 103.438
1 4160 1592 103.459
1 4159 1592 103.478
1 4160 1592 103.498
1 4160 1593 103.518
1 4160 1593 103.539
1 4160 1593 103.559
1 4158 1593 103.578
1 4156 1594 103.598
1 4153 1594 103.618
1 4149 1594 103.638
1 4142 1594 103.658
1 4136 1595 103.678
1 4131 1595 103.698
1 4125 1595 103.719
1 4121 1595 103.738
1 4117 1596 103.758
1 4114 1596 103.778
1 4110 1596 103.798
1 4107 1596 103.818
1 4105 1597 103.838
1 4106 1597 103.858
1 4107 1597 103.878
1 4109 1598 103.899
1 4112 1598 103.919
1 4115 1598 103.939
1 4117 1598 103.958
1 4119 1599 103.978
1 4121 1599 103.999
1 4124 1599 104.018
1 4126 1599 104.039
1 4129 1600 104.058
1 4132 1600 104.079
1 4137 1600 104.099
1 4141 1601 104.119
1 4145 1601 104.139
1 4150 1601 104.159
1 4154 1601 104.179
1 4159 1602 104.199
1 4164 1602 104.219
1 4169 1602 104.239
1 4173 1603 104.259
1 4177 1603 104.279
1 4180 1603 104.299
1 4182 1603 104.319
1 4182 1603 104.339
1 4181 1604 104.359
1 4179 1604 104.379
1 4179 1604 104.399
1 4177 1604 104.419
1 4175 1604 104.439
1 4174 1604 104.459
1 4172 1604 104.479
1 4171 1604 104.499
1 4171 1604 104.519
1 4170 1604 104.539
1 4169 1604 104.559
1 4167 1604 104.579
1 4164 1604 104.599
1 4162 1604 104.619
1 4160 1605 104.639
1 4159 1605 104.659
1 4160 1605 104.679
1 4161 1605 104.699
1 4161 1605 104.719
1 4161 1605 104.74
1 4160 1605 104.759
1 4157 1605 104.779
1 4153 1605 104.8
1 4147 1605 104.819
1 4141 1606 104.838
1 4135 1606 104.858
1 4129 1606 104.879
1 4124 1606 104.898
1 4119 1606 104.918
1 4115 1606 104.938
1 4111 1606 104.959
1 4108 1607 104.978
1 4107 1607 104.998
1 4106 1607 105.018
1 4106 1607 105.038
1 4105 1607 105.058
1 4105 1607 105.078
1 4105 1607 105.099
1 4105 1607 105.118
0 4105 1607 105.638
0 4105 1607 105.658
0 4105 1607 105.678
0 4105 1607 105.698
0 4105 1607 105.718
0 4105 1607 105.738
0 4105 1607 105.758
0 4105 1607 105.778
0 4105 1607 105.798
0 4105 1607 105.818
0 4105 1607 105.839
0 4105 1607 105.858
0 4106 1607 105.878
0 4108 1607 105.898
0 4112 1607 105.918
0 4118 1607 105.939
0 4126 1606 105.958
0 4136 1606 105.978
0 4149 1606 105.999
0 4164 1606 106.019
0 4180 1606 106.039
0 4196 1605 106.059
0 4213 1605 106.079
0 4229 1605 106.099
0 4245 1605 106.119
0 4265 1605 106.139
0 4287 1605 106.159
0 4312 1605 106.179
0 4339 1605 106.199
0 4367 1605 106.219
0 4398 1605 106.239
0 4431 1605 106.259
0 4466 1605 106.279
0 4501 1606 106.299
0 4536 1606 106.319
0 4573 1606 106.339
0 4612 1606 106.359
0 4650 1607 106.379
0 4685 1607 106.399
0 4714 1607 106.419
0 4733 1607 106.439
0 4744 1608 106.459
0 4752 1608 106.479
0 4756 1608 106.5
0 4759 1608 106.52
0 4760 1608 106.539
0 4761 1608 106.559
0 4762 1608 106.58
0 4762 1608 106.599
1 4763 1608 107.338
1 4763 1608 107.358
1 4763 1608 107.378
1 4763 1608 107.398
1 4762 1608 107.418
1 4761 1608 107.439
1 4759 1608 107.458
1 4757 1608 107.478
1 4755 1608 107.499
1 4752 1608 107.518
1 4749 1608 107.538
1 4748 1608 107.559
1 4746 1608 107.578
1 4743 1608 107.598
1 4740 1608 107.618
1 4738 1608 107.638
1 4733 1608 107.658
1 4730 1608 107.678
1 4727 1609 107.698
1 4721 1609 107.719
1 4716 1609 107.739
1 4712 1609 107.758
1 4707 1609 107.779
1 4702 1609 107.799
1 4695 1609 107.818
1 4688 1609 107.838
1 4680 1609 107.859
1 4674 1609 107.878
1 4668 1609 107.898
1 4663 1609 107.919
1 4659 1609 107.939
1 4655 1609 107.959
1 4654 1609 107.979
1 4651 1609 107.999
1 4650 1609 108.019
1 4650 1609 108.039
1 4647 1609 108.059
1 4643 1609 108.079
1 4638 1609 108.099
1 4635 1609 108.119
1 4630 1609 108.139
1 4625 1609 108.159
1 4619 1609 108.179
1 4613 1609 108.199
1 4609 1609 108.219
1 4604 1609 108.239
1 4600 1609 108.259
1 4597 1609 108.279
1 4593 1609 108.299
1 4589 1609 108.319
1 4584 1609 108.339
1 4579 1609 108.359
1 4575 1609 108.379
1 4571 1609 108.399
1 4566 1609 108.419
1 4562 1609 108.439
1 4557 1609 108.459
1 4551 1609 108.479
1 4547 1609 108.499
1 4543 1609 108.519
1 4539 1609 108.539
1 4536 1609 108.559
1 4530 1609 108.579
1 4523 1609 108.599
1 4516 1609 108.619
1 4509 1609 108.639
1 4502 1609 108.659
1 4498 1609 108.679
1 4493 1609 108.699
1 4488 1609 108.719
1 4481 1609 108.739
1 4474 1609 108.759
1 4466 1609 108.779
1 4458 1609 108.798
1 4450 1609 108.819
1 4443 1609 108.839
1 4436 1609 108.859
1 4430 1609 108.878
1 4421 1609 108.899
1 4413 1609 108.919
1 4404 1609 108.939
1 4394 1609 108.959
1 4384 1609 108.98
1 4372 1609 108.999
1 4359 1609 109.019
1 4345 1609 109.038
1 4331 1609 109.058
1 4320 1609 109.078
1 4309 1609 109.098
1 4300 1609 109.118
1 4293 1609 109.138
1 4286 1609 109.159
1 4281 1609 109.178
1 4274 1609 109.198
1 4267 1609 109.219
1 4260 1609 109.238
1 4253 1609 109.259
1 4248 1609 109.279
1 4244 1609 109.3
1 4241 1609 109.318
1 4240 1609 109.338
1 4239 1609 109.358
1 4239 1609 109.378
0 4241 1609 109.698
0 4241 1609 109.719
0 4243 1609 109.738
0 4244 1609 109.759
0 4248 1609 109.779
0 4255 1609 109.798
0 4268 1609 109.819
0 4287 1609 109.839
0 4309 1609 109.859
0 4332 1609 109.88
0 4355 1609 109.899
0 4379 1609 109.919
0 4406 1609 109.939
0 4438 1609 109.959
0 4474 1609 109.979
0 4518 1609 109.999
0 4567 1609 110.019
0 4620 1609 110.039
0 4677 1609 110.059
0 4735 1609 110.079
0 4793 1609 110.099
0 4848 1609 110.119
0 4899 1609 110.139
0 4947 1609 110.159
0 4990 1609 110.179
0 5028 1609 110.199
0 5061 1609 110.219
0 5090 1609 110.239
0 5115 1609 110.259
0 5138 1609 110.28
0 5159 1609 110.299
0 5179 1609 110.319
0 5199 1609 110.339
0 5219 1609 110.359
0 5239 1609 110.379
0 5263 1609 110.399
0 5287 1609 110.419
0 5313 1609 110.439
0 5338 1609 110.459
0 5362 1609 110.479
0 5386 1609 110.499
0 5413 1609 110.519
0 5443 1609 110.539
0 5476 1609 110.559
0 5513 1609 110.579
0 5554 1609 110.599
0 5599 1609 110.619
0 5645 1609 110.639
0 5694 1609 110.659
0 5745 1609 110.679
0 5792 1609 110.699
0 5832 1609 110.719
0 5863 1609 110.739
0 5882 1609 110.759
0 5894 1609 110.779
0 5902 1609 110.799
0 5907 1609 110.819
0 5910 1609 110.839
0 5912 1609 110.859
0 5913 1609 110.879
0 5914 1609 110.899
0 5914 1609 110.919
0 5915 1609 110.939
1 5918 1609 112.439
1 5918 1609 112.459
1 5918 1609 112.479
1 5918 1609 112.502
1 5918 1609 112.521
1 5918 1609 112.539
1 5918 1609 112.559
1 5918 1609 112.579
1 5918 1609 112.599
1 5918 1609 112.619
1 5918 1609 112.639
1 5918 1609 112.659
1 5918 1609 112.679
