0 0 1497 49.9991
0 0 1497 50.0196
0 0 1497 50.0408
0 0 1497 50.0593
0 0 1497 50.0791
0 0 1497 50.1007
0 0 1497 50.119
0 0 1497 50.1405
0 0 1497 50.1608
0 0 1497 50.1793
0 0 1497 50.1991
0 0 1497 50.2191
0 0 1497 50.2391
0 0 1497 50.2593
0 0 1497 50.2791
0 0 1497 50.2991
0 0 1497 50.3191
0 0 1497 50.3391
0 0 1497 50.3591
0 0 1497 50.3791
0 0 1497 50.3992
0 0 1497 50.4191
0 0 1497 50.4391
0 0 1497 50.4591
0 0 1497 50.4794
0 0 1497 50.5
0 0 1497 50.5192
0 0 1497 50.5391
0 0 1497 50.5597
0 0 1497 50.5793
0 0 1497 50.6001
0 0 1497 50.6191
0 0 1497 50.6393
0 0 1497 50.6593
0 0 1496 50.6791
0 0 1496 50.6991
0 0 1496 50.7191
0 0 1496 50.7391
0 0 1496 50.7591
0 0 1496 50.7791
0 0 1495 50.7991
0 0 1495 50.8193
0 0 1495 50.8394
0 0 1495 50.8591
0 0 1495 50.8796
0 0 1495 50.8994
0 0 1495 50.9193
0 0 1494 50.9398
0 0 1494 50.9601
0 1 1494 50.9793
0 8 1493 50.9999
0 18 1493 51.0195
0 31 1492 51.0396
0 46 1492 51.0592
0 64 1492 51.0794
0 84 1491 51.0993
0 105 1491 51.1193
0 126 1490 51.14
0 147 1490 51.1595
0 165 1489 51.1792
0 181 1489 51.1995
0 194 1488 51.22
0 203 1488 51.241
0 210 1488 51.2591
0 215 1488 51.2792
0 219 1488 51.2991
0 222 1488 51.3191
0 225 1488 51.3393
0 229 1488 51.3591
0 232 1488 51.3791
0 235 1488 51.3991
0 237 1488 51.4193
0 240 1488 51.4391
0 241 1488 51.4591
0 243 1488 51.4791
0 245 1488 51.4991
0 247 1488 51.5191
0 250 1488 51.5392
0 254 1488 51.5592
0 259 1488 51.5791
0 263 1487 51.5992
0 267 1487 51.6217
0 272 1487 51.6405
0 275 1487 51.6591
0 278 1487 51.6791
0 280 1487 51.6995
0 281 1487 51.7192
0 283 1487 51.7392
0 285 1487 51.7592
0 287 1486 51.7792
0 289 1486 51.7993
0 291 1486 51.8193
0 294 1486 51.8391
0 299 1486 51.8593
0 308 1486 51.8792
0 319 1487 51.8991
0 334 1487 51.9191
0 352 1487 51.9391
0 371 1487 51.9593
0 392 1487 51.9794
0 414 1487 52.0006
0 436 1487 52.0192
0 459 1487 52.04
0 481 1487 52.0597
0 501 1487 52.0799
0 520 1487 52.0992
0 539 1487 52.1192
0 557 1487 52.1398
0 573 1487 52.1603
0 587 1487 52.1803
0 599 1487 52.1998
0 608 1487 52.2194
0 616 1487 52.2396
0 623 1487 52.2592
0 627 1487 52.2804
0 631 1487 52.2991
0 633 1487 52.3193
0 637 1487 52.3393
0 640 1487 52.3592
0 644 1487 52.3793
0 647 1487 52.3993
0 650 1488 52.4193
0 652 1488 52.4396
0 653 1488 52.4586
0 654 1488 52.479
0 655 1488 52.4984
0 655 1488 52.5189
0 655 1488 52.5386
0 655 1488 52.5589
0 655 1488 52.58
0 655 1488 52.6003
0 656 1488 52.6191
0 656 1488 52.6392
0 657 1488 52.6604
0 658 1488 52.6792
0 658 1488 52.6991
0 659 1488 52.719
0 659 1488 52.7386
0 660 1488 52.7587
0 661 1488 52.7806
0 663 1488 52.7989
0 664 1488 52.8184
0 666 1487 52.8386
0 668 1487 52.8596
0 670 1487 52.8795
0 673 1487 52.8986
0 677 1487 52.9189
0 681 1487 52.9398
0 687 1487 52.9588
0 694 1487 52.979
0 701 1487 52.9997
0 707 1486 53.0194
0 717 1486 53.0386
0 730 1486 53.0592
0 747 1486 53.0795
0 766 1486 53.0993
0 785 1486 53.1186
0 804 1487 53.1391
0 821 1487 53.1595
0 835 1487 53.1791
0 848 1487 53.2016
0 860 1487 53.2193
0 873 1487 53.2395
0 886 1488 53.2594
0 900 1488 53.2803
0 914 1488 53.2997
0 926 1488 53.3194
0 936 1488 53.3386
0 944 1488 53.3588
0 949 1488 53.3787
0 952 1488 53.3988
0 956 1488 53.4185
0 959 1488 53.4388
0 963 1488 53.4584
0 966 1488 53.4786
0 970 1488 53.4987
0 974 1488 53.5186
0 977 1488 53.5387
0 981 1488 53.5592
0 985 1488 53.5787
0 990 1488 53.5987
0 996 1488 53.6183
0 1002 1487 53.6397
0 1007 1487 53.6598
0 1012 1487 53.6798
0 1016 1487 53.6984
0 1020 1487 53.7204
0 1022 1487 53.7382
0 1025 1487 53.7587
0 1032 1487 53.7789
0 1040 1487 53.7987
0 1050 1487 53.8184
0 1062 1487 53.8385
0 1074 1488 53.8589
0 1088 1488 53.8785
0 1103 1488 53.8984
0 1119 1488 53.9183
0 1136 1488 53.9392
0 1154 1488 53.9587
0 1176 1488 53.9794
0 1198 1488 53.999
0 1223 1488 54.0185
0 1248 1488 54.039
0 1272 1488 54.0588
0 1297 1488 54.0784
0 1318 1488 54.0995
0 1339 1488 54.1186
0 1357 1488 54.1388
0 1373 1488 54.1589
0 1386 1488 54.1794
0 1398 1488 54.1991
0 1407 1488 54.2183
0 1416 1488 54.2386
0 1421 1488 54.26
0 1426 1488 54.2802
0 1429 1488 54.2992
0 1432 1488 54.319
0 1435 1488 54.3385
0 1437 1488 54.3593
0 1440 1488 54.3785
0 1441 1487 54.3992
0 1443 1487 54.4186
0 1444 1487 54.4387
0 1444 1487 54.4588
0 1445 1487 54.4792
0 1445 1487 54.4996
0 1446 1487 54.5189
0 1446 1487 54.5387
0 1446 1487 54.5601
0 1447 1487 54.5792
0 1447 1487 54.5996
0 1448 1487 54.6184
0 1449 1487 54.6393
0 1450 1487 54.6591
0 1451 1487 54.6791
0 1453 1487 54.6994
0 1455 1487 54.7191
0 1456 1487 54.7397
0 1458 1487 54.7587
0 1460 1487 54.7788
0 1462 1487 54.7995
0 1463 1487 54.8188
0 1464 1487 54.8385
0 1465 1487 54.8585
0 1466 1487 54.8789
0 1467 1487 54.8982
0 1468 1487 54.9186
0 1470 1487 54.9386
0 1471 1486 54.9589
0 1473 1486 54.9787
0 1475 1486 54.9985
0 1478 1486 55.0187
0 1481 1486 55.0388
0 1483 1486 55.059
0 1486 1486 55.0787
0 1489 1486 55.0991
0 1491 1486 55.1187
0 1493 1486 55.1392
0 1496 1486 55.1591
0 1499 1485 55.1797
0 1502 1485 55.1991
0 1506 1485 55.2185
0 1510 1485 55.2386
0 1514 1485 55.2593
0 1519 1485 55.2794
0 1524 1484 55.299
0 1530 1484 55.3185
0 1537 1484 55.3387
0 1547 1484 55.359
0 1560 1484 55.3798
0 1575 1484 55.4026
0 1593 1484 55.4184
0 1610 1484 55.4384
0 1626 1484 55.4584
0 1642 1484 55.4789
0 1655 1484 55.4992
0 1666 1484 55.5191
0 1675 1484 55.5389
0 1681 1484 55.5586
0 1685 1484 55.5788
0 1688 1484 55.5993
0 1690 1484 55.6186
0 1692 1484 55.639
0 1693 1484 55.6595
0 1695 1484 55.6789
0 1696 1484 55.6991
0 1697 1484 55.7195
0 1697 1484 55.7387
0 1698 1484 55.7588
0 1699 1484 55.7795
0 1700 1484 55.7986
0 1701 1484 55.8196
0 1701 1484 55.8391
0 1702 1484 55.8591
0 1702 1484 55.88
0 1703 1484 55.8991
0 1704 1484 55.9184
0 1705 1484 55.9392
0 1707 1483 55.9585
0 1710 1483 55.9786
0 1714 1483 55.9989
0 1718 1483 56.0186
0 1723 1483 56.0384
0 1728 1483 56.0586
0 1731 1483 56.0785
0 1735 1483 56.0991
0 1739 1483 56.1199
0 1745 1483 56.1384
0 1751 1483 56.1584
0 1757 1483 56.1799
0 1764 1483 56.1986
0 1771 1483 56.2189
0 1777 1484 56.239
0 1783 1484 56.2584
0 1788 1484 56.279
0 1793 1484 56.2986
0 1798 1484 56.319
0 1803 1484 56.3383
0 1807 1484 56.3583
0 1810 1484 56.3793
0 1813 1484 56.3993
0 1815 1484 56.4183
0 1818 1484 56.4383
0 1820 1484 56.461
0 1821 1484 56.479
0 1823 1484 56.4985
0 1825 1484 56.5189
0 1828 1484 56.5385
0 1830 1483 56.5595
0 1833 1483 56.5789
0 1836 1483 56.5988
0 1838 1483 56.6192
0 1841 1483 56.6387
0 1843 1483 56.6589
0 1844 1483 56.6792
0 1846 1483 56.6985
0 1847 1483 56.7193
0 1847 1483 56.7384
0 1848 1483 56.7586
0 1849 1483 56.7793
0 1849 1483 56.7987
0 1850 1483 56.8189
0 1850 1483 56.8387
0 1851 1483 56.8587
0 1852 1483 56.8796
0 1852 1483 56.8985
0 1853 1483 56.9192
0 1854 1483 56.9383
0 1855 1483 56.9583
0 1857 1483 56.9797
0 1859 1483 56.9985
0 1862 1483 57.0187
0 1865 1483 57.0383
0 1869 1483 57.0591
0 1871 1483 57.0788
0 1875 1483 57.0986
0 1878 1483 57.1187
0 1881 1483 57.1384
0 1885 1482 57.1583
0 1888 1482 57.1786
0 1891 1482 57.1985
0 1894 1482 57.2189
0 1898 1482 57.2395
0 1902 1482 57.2584
0 1907 1482 57.2787
0 1912 1482 57.2996
0 1918 1482 57.3188
0 1925 1481 57.3395
0 1935 1481 57.3583
0 1947 1481 57.3786
0 1962 1481 57.3997
0 1978 1481 57.4186
0 1997 1481 57.4393
0 2016 1481 57.4583
0 2034 1482 57.4793
0 2052 1482 57.5004
0 2071 1482 57.5188
0 2091 1482 57.5385
0 2110 1482 57.5587
0 2129 1482 57.5785
0 2146 1482 57.5986
0 2159 1482 57.6192
0 2171 1482 57.6396
0 2178 1482 57.6588
0 2183 1482 57.6784
0 2186 1482 57.6994
0 2188 1482 57.7185
0 2189 1482 57.7391
0 2191 1482 57.7584
0 2192 1482 57.7784
0 2194 1482 57.799
0 2195 1482 57.8186
0 2197 1482 57.8385
0 2198 1482 57.8597
0 2199 1482 57.8791
0 2201 1482 57.8993
0 2202 1482 57.9184
0 2203 1482 57.9392
0 2203 1482 57.9585
0 2203 1482 57.9796
0 2204 1482 57.9992
0 2204 1482 58.0184
0 2205 1482 58.0386
0 2206 1482 58.0583
0 2208 1482 58.0783
0 2209 1482 58.0997
0 2211 1481 58.1184
0 2213 1481 58.1386
0 2214 1481 58.1585
0 2215 1481 58.1786
0 2216 1481 58.1988
0 2217 1481 58.2187
0 2218 1481 58.239
0 2218 1481 58.2583
0 2218 1481 58.2784
0 2218 1481 58.2994
0 2220 1481 58.3185
0 2221 1481 58.3387
0 2224 1481 58.3588
0 2227 1481 58.3783
0 2231 1481 58.3991
0 2235 1480 58.419
0 2239 1480 58.4418
0 2243 1480 58.4588
0 2246 1480 58.4789
0 2248 1480 58.4989
0 2250 1480 58.52
0 2252 1480 58.5388
0 2253 1480 58.5583
0 2255 1480 58.5784
0 2256 1480 58.5984
0 2257 1480 58.6187
0 2258 1480 58.6385
0 2259 1480 58.6584
0 2260 1480 58.6786
0 2261 1480 58.6983
0 2262 1480 58.7184
0 2262 1480 58.7387
0 2263 1480 58.7583
0 2264 1480 58.7784
0 2265 1480 58.7995
0 2266 1480 58.8197
0 2267 1480 58.8385
0 2268 1480 58.8596
0 2268 1480 58.8786
0 2269 1480 58.8983
0 2269 1480 58.9194
0 2270 1479 58.9398
0 2271 1479 58.9595
0 2271 1479 58.9783
0 2272 1479 58.9984
0 2272 1479 59.0186
0 2274 1479 59.0385
0 2276 1479 59.0584
0 2277 1479 59.0785
0 2279 1479 59.0984
0 2282 1479 59.1188
0 2284 1479 59.1393
0 2286 1479 59.1597
0 2288 1479 59.1796
0 2290 1478 59.1985
0 2295 1479 59.219
0 2302 1479 59.2395
0 2312 1479 59.2589
0 2322 1479 59.2788
0 2332 1479 59.2985
0 2341 1479 59.3194
0 2350 1479 59.3388
0 2360 1479 59.3595
0 2369 1479 59.3788
0 2376 1479 59.3991
0 2381 1479 59.4188
0 2385 1479 59.4384
0 2389 1479 59.4586
0 2391 1479 59.4787
0 2393 1479 59.4985
0 2394 1479 59.5186
0 2395 1479 59.54
0 2397 1479 59.5585
0 2398 1479 59.5804
0 2399 1479 59.5987
0 2400 1479 59.6186
0 2402 1478 59.6387
0 2404 1478 59.6586
0 2406 1478 59.6785
0 2408 1478 59.6987
0 2411 1479 59.7189
0 2414 1479 59.7385
0 2419 1479 59.759
0 2424 1478 59.7787
0 2429 1478 59.7986
0 2434 1478 59.8187
0 2439 1478 59.8384
0 2444 1478 59.8584
0 2450 1478 59.8786
0 2455 1478 59.8988
0 2459 1478 59.9186
0 2463 1477 59.9392
0 2465 1477 59.9586
0 2467 1477 59.9792
0 2469 1477 59.9983
0 2470 1477 60.0184
0 2472 1477 60.0386
0 2472 1477 60.0591
0 2473 1477 60.0785
0 2474 1477 60.0996
0 2476 1477 60.1184
0 2478 1477 60.1391
0 2482 1477 60.1591
0 2486 1477 60.1784
0 2490 1477 60.1984
0 2495 1477 60.2184
0 2499 1477 60.2384
0 2502 1477 60.2586
0 2504 1477 60.2784
0 2506 1477 60.2988
0 2507 1477 60.3185
0 2507 1477 60.3384
0 2507 1477 60.3584
0 2507 1477 60.3784
0 2508 1477 60.3986
0 2508 1477 60.4184
0 2508 1477 60.4384
0 2509 1477 60.4585
0 2509 1477 60.4784
0 2510 1477 60.4984
0 2510 1477 60.5185
0 2511 1477 60.5384
0 2511 1477 60.5584
0 2511 1477 60.5784
0 2511 1477 60.5998
0 2511 1477 60.6184
0 2512 1477 60.6396
0 2512 1477 60.6584
0 2513 1477 60.6785
0 2513 1477 60.6991
0 2515 1477 60.7198
0 2516 1477 60.7384
0 2517 1477 60.7586
0 2518 1477 60.7791
0 2519 1477 60.7984
0 2520 1477 60.8192
0 2523 1477 60.8384
0 2525 1477 60.8584
0 2528 1477 60.8785
0 2531 1477 60.8984
0 2534 1476 60.9184
0 2537 1476 60.9385
0 2540 1476 60.9584
0 2542 1476 60.9784
0 2544 1476 60.9984
0 2545 1476 61.0185
0 2547 1476 61.0384
0 2548 1476 61.0584
0 2551 1476 61.0786
0 2553 1477 61.0984
0 2554 1477 61.1184
0 2555 1477 61.1385
0 2556 1477 61.1595
0 2557 1477 61.1787
0 2557 1476 61.1985
0 2558 1476 61.2189
0 2558 1476 61.2388
0 2559 1476 61.2584
0 2561 1476 61.2785
0 2563 1476 61.2992
0 2564 1476 61.3184
0 2565 1476 61.3386
0 2566 1476 61.3589
0 2567 1476 61.3789
0 2568 1476 61.3984
0 2569 1476 61.4184
0 2572 1476 61.4385
0 2579 1476 61.4584
0 2588 1476 61.4786
0 2599 1476 61.4984
0 2612 1476 61.5184
0 2623 1477 61.5386
0 2633 1477 61.5584
0 2641 1477 61.5784
0 2647 1477 61.5986
0 2651 1477 61.6184
0 2653 1477 61.6384
0 2654 1477 61.659
0 2655 1477 61.6784
0 2655 1477 61.6984
0 2656 1477 61.7184
0 2658 1477 61.7386
0 2661 1477 61.7584
0 2663 1477 61.7784
0 2665 1477 61.7984
0 2667 1477 61.8186
0 2668 1477 61.8392
0 2669 1477 61.8584
0 2669 1477 61.8784
0 2670 1477 61.8986
0 2670 1477 61.9184
0 2670 1477 61.9384
0 2671 1477 61.9584
0 2672 1477 61.9786
0 2673 1477 61.9984
0 2675 1477 62.0184
0 2678 1477 62.0386
0 2680 1478 62.0584
0 2683 1478 62.0784
0 2688 1478 62.0984
0 2697 1478 62.1186
0 2708 1478 62.1388
0 2721 1479 62.1589
0 2737 1479 62.1785
0 2753 1479 62.1985
0 2770 1480 62.2185
0 2786 1480 62.2384
0 2801 1480 62.2586
0 2812 1480 62.2784
0 2820 1480 62.2985
0 2826 1479 62.3188
0 2830 1479 62.3384
0 2833 1479 62.3585
0 2835 1479 62.3786
0 2836 1479 62.3986
0 2837 1479 62.4184
0 2837 1479 62.4385
0 2837 1479 62.4585
0 2838 1479 62.4785
0 2839 1479 62.499
0 2839 1479 62.5184
0 2839 1479 62.5385
0 2840 1479 62.5584
0 2840 1479 62.5785
0 2840 1479 62.5985
0 2840 1479 62.6186
0 2840 1479 62.6385
0 2841 1479 62.6584
0 2841 1479 62.6786
0 2841 1479 62.6986
0 2841 1479 62.7196
0 2841 1479 62.7385
0 2842 1479 62.7586
0 2842 1479 62.7785
0 2842 1479 62.7985
0 2843 1479 62.8186
0 2843 1479 62.8385
0 2843 1479 62.8587
0 2845 1479 62.8785
0 2847 1479 62.8985
0 2851 1479 62.9186
0 2855 1479 62.9384
0 2860 1480 62.9585
0 2865 1480 62.9784
0 2871 1480 62.9985
0 2876 1480 63.0186
0 2879 1480 63.0385
0 2882 1480 63.0587
0 2883 1480 63.0785
0 2884 1480 63.0985
0 2889 1480 63.1186
0 2894 1480 63.1385
0 2901 1481 63.1585
0 2908 1481 63.1785
0 2916 1481 63.1987
0 2923 1481 63.2185
0 2929 1481 63.2385
0 2935 1482 63.2586
0 2939 1482 63.2785
0 2943 1482 63.2985
0 2946 1482 63.3185
0 2950 1482 63.3385
0 2954 1482 63.3585
0 2956 1482 63.3785
0 2959 1482 63.3987
0 2961 1482 63.4185
0 2963 1482 63.4387
0 2965 1482 63.4585
0 2967 1482 63.4787
0 2968 1482 63.4985
0 2969 1482 63.5185
0 2969 1482 63.5385
0 2970 1482 63.5588
0 2970 1482 63.5785
0 2970 1482 63.5985
0 2970 1482 63.6186
0 2970 1482 63.6386
0 2970 1482 63.6587
0 2970 1482 63.6786
0 2970 1482 63.6985
0 2970 1482 63.7186
0 2970 1482 63.7385
0 2970 1482 63.7593
0 2970 1482 63.7787
0 2970 1482 63.7985
0 2970 1482 63.8185
0 2970 1482 63.8385
0 2970 1482 63.8585
1 3199 1492 65.4385
1 3200 1492 65.4585
1 3200 1492 65.4787
1 3201 1492 65.4985
1 3201 1492 65.5187
1 3202 1492 65.5399
1 3202 1492 65.5586
1 3202 1492 65.5795
1 3202 1492 65.5985
1 3202 1492 65.6191
1 3202 1492 65.6386
1 3203 1492 65.6585
1 3204 1492 65.6786
1 3206 1492 65.6986
1 3208 1493 65.7186
1 3209 1493 65.7386
1 3210 1493 65.7586
1 3214 1493 65.7787
1 3220 1493 65.7985
1 3229 1494 65.8186
1 3241 1494 65.8386
1 3254 1495 65.8586
1 3270 1496 65.8785
1 3287 1497 65.8986
1 3303 1498 65.919
1 3319 1498 65.9386
1 3334 1499 65.9586
1 3347 1500 65.9787
1 3358 1500 65.9985
1 3368 1501 66.0186
1 3376 1501 66.0387
1 3383 1502 66.0585
1 3388 1502 66.0786
1 3394 1502 66.0985
1 3399 1503 66.1186
1 3403 1503 66.1388
1 3407 1503 66.1586
1 3411 1503 66.1786
1 3416 1503 66.1986
1 3420 1504 66.2186
1 3423 1504 66.2387
1 3427 1504 66.2589
1 3431 1504 66.2786
1 3434 1505 66.2986
1 3437 1505 66.3194
1 3440 1505 66.3387
1 3443 1506 66.3588
1 3446 1506 66.3786
1 3449 1506 66.3989
1 3453 1507 66.4187
1 3457 1507 66.4386
1 3459 1507 66.459
1 3463 1508 66.4788
1 3466 1508 66.4986
1 3469 1509 66.5187
1 3471 1509 66.5391
1 3473 1510 66.5586
1 3474 1510 66.5786
1 3476 1510 66.5987
1 3479 1511 66.6186
1 3483 1511 66.6386
1 3488 1511 66.6586
1 3495 1512 66.6786
1 3502 1512 66.6986
1 3510 1512 66.7187
1 3517 1513 66.7386
1 3525 1513 66.7602
1 3534 1513 66.7796
1 3542 1514 66.7986
1 3551 1514 66.8186
1 3560 1514 66.8386
1 3569 1515 66.8586
1 3578 1515 66.8786
1 3584 1515 66.8986
1 3589 1516 66.9187
1 3593 1516 66.9387
1 3595 1516 66.9586
1 3597 1517 66.9788
1 3599 1517 66.9986
1 3599 1517 67.0186
1 3599 1517 67.0386
1 3600 1517 67.0586
1 3601 1517 67.0786
1 3603 1517 67.0987
1 3604 1518 67.1189
1 3606 1518 67.1386
1 3606 1518 67.1586
1 3607 1518 67.1786
1 3606 1519 67.1988
1 3606 1519 67.2186
1 3607 1519 67.2386
1 3609 1520 67.2587
1 3610 1520 67.2786
1 3610 1521 67.299
1 3608 1521 67.319
1 3606 1522 67.3387
1 3604 1522 67.3586
1 3602 1522 67.3789
1 3600 1523 67.3989
1 3596 1523 67.4186
1 3593 1524 67.4386
1 3590 1524 67.4592
1 3588 1524 67.4786
1 3587 1524 67.4987
1 3586 1524 67.5188
1 3585 1524 67.5386
1 3584 1525 67.5586
1 3584 1525 67.5786
1 3583 1525 67.5987
1 3583 1525 67.6186
1 3584 1525 67.6388
1 3584 1525 67.6586
1 3584 1525 67.6788
1 3584 1525 67.6986
1 3584 1525 67.7186
1 3583 1525 67.7387
1 3583 1525 67.7586
1 3582 1525 67.7786
1 3581 1525 67.7988
1 3582 1525 67.8193
1 3582 1525 67.8386
1 3582 1525 67.8586
1 3582 1525 67.8787
1 3582 1525 67.8988
1 3582 1525 67.9241
1 3582 1525 67.9387
1 3582 1525 67.9586
1 3582 1525 67.9787
1 3582 1525 67.9986
1 3582 1525 68.0186
1 3582 1525 68.0386
1 3582 1525 68.0587
1 3583 1525 68.0786
1 3583 1525 68.0992
1 3584 1525 68.1186
1 3585 1525 68.1389
1 3586 1525 68.1587
1 3588 1525 68.179
1 3589 1525 68.1987
1 3590 1525 68.2186
1 3591 1525 68.2402
1 3591 1525 68.2587
1 3591 1525 68.2786
1 3591 1525 68.2988
1 3591 1525 68.3197
1 3592 1525 68.3387
1 3593 1525 68.3587
1 3595 1525 68.3786
1 3597 1525 68.3986
1 3600 1525 68.4187
1 3604 1526 68.4387
1 3608 1526 68.4595
1 3613 1526 68.4786
1 3619 1526 68.4988
1 3623 1526 68.5187
1 3628 1527 68.5391
1 3631 1527 68.5589
1 3635 1527 68.5809
1 3638 1527 68.6007
1 3641 1527 68.6195
1 3643 1527 68.6396
1 3645 1527 68.6601
1 3647 1527 68.6788
1 3649 1527 68.6993
1 3653 1528 68.7189
1 3656 1528 68.7386
1 3661 1528 68.7592
1 3665 1528 68.7796
1 3669 1528 68.7993
1 3672 1528 68.8192
1 3674 1528 68.8387
1 3677 1529 68.8591
1 3679 1529 68.8789
1 3681 1529 68.8987
1 3682 1529 68.9191
1 3683 1529 68.9392
1 3683 1529 68.9618
1 3684 1529 68.9806
1 3683 1529 68.9989
1 3684 1529 69.0208
1 3685 1529 69.0394
1 3687 1529 69.0587
1 3689 1529 69.0787
1 3692 1529 69.0987
1 3695 1529 69.1187
1 3698 1529 69.1387
1 3700 1530 69.1587
1 3702 1530 69.1787
1 3703 1530 69.1987
1 3703 1530 69.2187
1 3703 1530 69.2387
1 3704 1530 69.2588
1 3705 1530 69.2787
1 3707 1530 69.2988
1 3710 1530 69.3187
1 3713 1530 69.3387
1 3715 1530 69.3587
1 3717 1531 69.3788
1 3717 1531 69.3988
1 3716 1531 69.4187
1 3713 1531 69.4388
1 3710 1531 69.4598
1 3708 1531 69.4788
1 3706 1532 69.4987
1 3703 1532 69.5191
1 3702 1532 69.5387
1 3701 1532 69.559
1 3700 1533 69.5787
1 3698 1533 69.6002
1 3697 1533 69.6188
1 3696 1534 69.6389
1 3695 1534 69.6588
1 3695 1534 69.6787
1 3694 1534 69.699
1 3694 1534 69.7187
1 3694 1534 69.7387
1 3694 1534 69.7588
1 3694 1534 69.7787
1 3694 1534 69.7987
1 3694 1534 69.8188
1 3694 1534 69.8387
1 3694 1534 69.8588
1 3694 1534 69.8792
1 3694 1534 69.8988
1 3694 1534 69.9192
1 3694 1534 69.9386
1 3694 1534 69.9581
1 3694 1534 69.9785
1 3694 1534 70.0007
1 3694 1534 70.0202
1 3694 1534 70.0388
1 3694 1534 70.059
1 3694 1534 70.0797
1 3694 1534 70.0984
1 3694 1534 70.1184
1 3694 1534 70.1385
1 3694 1534 70.1577
1 3694 1534 70.1777
1 3694 1534 70.1982
1 3694 1534 70.2181
1 3694 1534 70.2381
1 3694 1534 70.2578
1 3694 1534 70.2777
1 3694 1534 70.2977
1 3694 1534 70.3178
1 3694 1534 70.338
1 3694 1534 70.3578
1 3694 1534 70.3777
1 3694 1534 70.3987
1 3694 1534 70.419
1 3694 1534 70.4386
1 3694 1534 70.4592
1 3694 1534 70.4786
1 3694 1534 70.4987
1 3694 1534 70.5196
1 3694 1534 70.539
1 3694 1534 70.5586
1 3694 1534 70.5786
1 3694 1534 70.6002
1 3694 1534 70.6188
1 3694 1534 70.64
1 3694 1534 70.6593
1 3694 1534 70.6787
1 3694 1534 70.6984
1 3694 1534 70.7199
1 3694 1534 70.7386
1 3694 1534 70.7593
1 3694 1534 70.7787
1 3694 1534 70.8002
1 3694 1534 70.8195
1 3694 1534 70.8384
1 3694 1534 70.8593
1 3694 1534 70.8801
1 3695 1534 70.8987
1 3695 1534 70.9188
1 3696 1534 70.9398
1 3696 1534 70.9594
1 3696 1534 70.9797
1 3697 1534 70.9999
1 3697 1534 71.0199
1 3697 1534 71.0399
1 3697 1534 71.0594
1 3697 1534 71.0791
1 3697 1534 71.0979
1 3697 1534 71.118
1 3697 1534 71.14
1 3697 1534 71.1586
1 3697 1534 71.1779
1 3697 1534 71.1977
1 3697 1534 71.2181
1 3697 1534 71.2379
1 3697 1534 71.258
1 3697 1534 71.2778
1 3697 1534 71.2979
1 3697 1534 71.3183
1 3697 1534 71.3388
1 3697 1534 71.3583
1 3697 1534 71.3784
1 3697 1534 71.3978
1 3697 1534 71.4181
1 3697 1534 71.4378
1 3697 1534 71.4591
1 3697 1534 71.4778
1 3697 1534 71.4984
1 3697 1534 71.5194
1 3697 1534 71.5383
1 3697 1534 71.5581
1 3697 1534 71.5796
1 3697 1534 71.5988
1 3697 1534 71.619
1 3697 1534 71.6389
1 3697 1534 71.6593
1 3697 1534 71.6782
1 3697 1534 71.6984
1 3697 1534 71.7184
1 3697 1534 71.7386
1 3697 1534 71.7585
1 3697 1534 71.7791
1 3697 1534 71.7985
1 3697 1534 71.8183
1 3697 1534 71.8386
1 3697 1534 71.8577
1 3697 1534 71.8779
1 3697 1534 71.8978
1 3697 1534 71.9182
1 3697 1534 71.9385
1 3697 1534 71.959
1 3697 1534 71.978
1 3697 1534 71.9981
1 3697 1534 72.0186
1 3697 1534 72.0386
1 3697 1534 72.0582
1 3697 1534 72.0783
1 3698 1534 72.0984
1 3698 1534 72.1182
1 3698 1534 72.1384
1 3698 1534 72.1582
1 3698 1534 72.1781
1 3698 1534 72.1979
1 3698 1534 72.2185
1 3698 1534 72.2379
1 3698 1534 72.258
1 3698 1534 72.2787
1 3698 1534 72.2981
1 3698 1534 72.3184
1 3698 1534 72.3387
1 3698 1534 72.3585
1 3698 1534 72.3791
1 3698 1534 72.3985
1 3698 1534 72.4179
1 3698 1534 72.4387
1 3698 1534 72.4583
1 3698 1534 72.478
1 3698 1534 72.4987
1 3697 1534 72.5193
1 3698 1534 72.5387
1 3701 1534 72.5589
1 3705 1534 72.579
1 3709 1535 72.5982
1 3713 1535 72.6193
1 3717 1535 72.6391
1 3719 1536 72.6579
1 3722 1536 72.679
1 3725 1536 72.6982
1 3728 1536 72.7182
1 3729 1537 72.7385
1 3730 1537 72.7581
1 3730 1537 72.7792
1 3730 1537 72.798
1 3731 1537 72.818
1 3731 1537 72.8393
1 3732 1537 72.8591
1 3733 1537 72.8784
1 3734 1537 72.8988
1 3735 1537 72.9189
1 3736 1537 72.939
1 3736 1537 72.9582
1 3736 1537 72.9779
1 3737 1538 72.9984
1 3738 1538 73.0193
1 3739 1538 73.0393
1 3741 1538 73.0595
1 3744 1538 73.0783
1 3747 1538 73.0992
1 3750 1538 73.1178
1 3753 1538 73.1383
1 3756 1539 73.1586
1 3760 1539 73.1782
1 3764 1539 73.1979
1 3768 1539 73.2178
1 3773 1539 73.2381
1 3777 1540 73.2593
1 3781 1540 73.2778
1 3784 1540 73.298
1 3786 1540 73.3178
1 3788 1540 73.3382
1 3789 1540 73.3584
1 3789 1540 73.3784
1 3789 1540 73.3983
1 3789 1540 73.4179
1 3790 1540 73.4381
1 3790 1540 73.4589
1 3790 1540 73.4784
1 3791 1540 73.4983
1 3791 1540 73.5198
1 3792 1540 73.5381
1 3792 1540 73.5587
1 3792 1540 73.5783
1 3792 1540 73.599
1 3792 1540 73.6179
1 3792 1540 73.6392
1 3792 1540 73.6584
1 3792 1540 73.6782
1 3792 1540 73.6992
1 3792 1540 73.7183
1 3792 1540 73.7385
1 3792 1540 73.7587
1 3792 1540 73.7778
0 3804 1540 75.158
0 3804 1540 75.1784
0 3806 1540 75.1989
0 3807 1540 75.2196
0 3808 1540 75.2389
0 3809 1540 75.2586
0 3811 1540 75.278
0 3813 1540 75.2983
0 3815 1540 75.3178
0 3817 1540 75.3384
0 3820 1540 75.3582
0 3822 1540 75.3792
0 3826 1540 75.3983
0 3830 1540 75.4185
0 3835 1540 75.4381
0 3839 1540 75.4595
0 3844 1540 75.4789
0 3849 1540 75.4981
0 3853 1539 75.5185
0 3857 1539 75.5379
0 3859 1539 75.5581
0 3861 1539 75.5788
0 3862 1539 75.5982
0 3863 1539 75.6182
0 3863 1539 75.6379
0 3864 1539 75.6585
0 3636 1539 78.2983
0 3637 1540 78.3179
0 3637 1540 78.338
0 3637 1540 78.3581
0 3637 1540 78.378
0 3637 1540 78.398
0 3637 1540 78.418
0 3637 1540 78.438
0 3637 1540 78.458
0 3637 1540 78.4781
0 3637 1540 78.498
0 3637 1540 78.5186
0 3637 1540 78.538
0 3637 1540 78.558
0 3637 1540 78.578
0 3637 1540 78.598
0 3637 1540 78.618
0 3637 1540 78.638
0 3638 1540 78.658
0 3638 1540 78.6782
0 3638 1540 78.698
0 3638 1540 78.7189
0 3638 1540 78.738
0 3639 1540 78.758
0 3639 1540 78.778
0 3640 1540 78.798
0 3641 1540 78.818
0 3643 1540 78.838
0 3643 1540 78.858
0 3644 1540 78.878
0 3645 1540 78.898
0 3645 1540 78.918
0 3646 1540 78.938
0 3646 1539 78.9582
0 3646 1539 78.978
0 3646 1539 78.998
0 3647 1539 79.018
0 3647 1540 79.038
0 3647 1540 79.058
0 3648 1539 79.0793
0 3649 1539 79.099
0 3652 1539 79.1187
0 3654 1539 79.138
0 3657 1539 79.158
0 3661 1539 79.178
0 3665 1539 79.1981
0 3670 1539 79.218
0 3673 1539 79.238
0 3676 1539 79.258
0 3679 1539 79.278
0 3683 1539 79.2981
0 3686 1538 79.3182
0 3689 1538 79.338
0 3690 1538 79.3581
0 3693 1538 79.378
0 3695 1538 79.398
0 3696 1538 79.418
0 3698 1538 79.438
0 3700 1538 79.458
0 3701 1538 79.4782
0 3702 1538 79.498
0 3703 1538 79.518
0 3704 1538 79.5382
0 3705 1538 79.558
0 3706 1538 79.578
0 3707 1538 79.5981
0 3707 1538 79.618
0 3707 1538 79.638
0 3708 1538 79.658
0 3709 1538 79.678
0 3710 1538 79.6982
0 3711 1538 79.718
0 3711 1538 79.7383
0 3712 1538 79.758
0 3712 1538 79.7781
0 3712 1538 79.798
0 3712 1538 79.818
0 3712 1538 79.838
0 3712 1538 79.8581
0 3713 1538 79.878
0 3714 1538 79.898
0 3715 1538 79.918
0 3718 1538 79.9381
0 3720 1538 79.9582
0 3722 1538 79.978
0 3724 1538 79.998
0 3726 1537 80.0182
0 3727 1537 80.038
0 3728 1537 80.058
0 3729 1537 80.0782
0 3729 1537 80.098
0 3730 1537 80.1182
0 3731 1537 80.1382
0 3732 1537 80.158
0 3734 1537 80.1782
0 3736 1537 80.198
0 3740 1537 80.2186
0 3744 1537 80.2389
0 3750 1537 80.2594
0 3755 1537 80.278
0 3761 1537 80.2982
0 3768 1537 80.318
0 3773 1536 80.3382
0 3778 1536 80.358
0 3781 1536 80.378
0 3784 1536 80.3982
0 3787 1536 80.418
0 3790 1536 80.438
0 3791 1536 80.458
0 3793 1536 80.478
0 3793 1536 80.4982
0 3794 1536 80.518
0 3795 1536 80.538
0 3796 1536 80.5582
0 3796 1536 80.578
0 3797 1536 80.598
0 3797 1536 80.6183
0 3799 1536 80.6381
0 3800 1536 80.658
0 3802 1536 80.6782
0 3804 1536 80.698
0 3806 1536 80.718
0 3808 1536 80.7382
0 3809 1536 80.758
0 3811 1536 80.778
0 3814 1536 80.798
0 3815 1536 80.818
0 3816 1536 80.8391
0 3817 1536 80.8613
0 3817 1536 80.8781
0 3817 1536 80.8982
0 3817 1536 80.918
0 3817 1536 80.938
0 3817 1536 80.9582
0 3818 1536 80.9781
0 3819 1536 80.998
0 3819 1536 81.0183
0 3820 1536 81.038
0 3820 1536 81.0581
0 3820 1536 81.0781
0 3820 1536 81.0981
0 3820 1536 81.1182
0 3820 1536 81.1381
0 3820 1536 81.158
0 3820 1536 81.1782
0 3821 1536 81.198
0 3821 1536 81.219
0 3821 1536 81.2391
0 3822 1536 81.258
0 3822 1536 81.2783
0 3823 1536 81.298
0 3825 1536 81.318
0 3826 1536 81.338
0 3827 1536 81.358
0 3828 1536 81.378
0 3828 1536 81.3982
0 3828 1536 81.418
0 3828 1536 81.438
0 3829 1536 81.4581
0 3830 1536 81.478
0 3830 1536 81.4983
0 3830 1536 81.5182
0 3830 1536 81.538
0 3830 1536 81.5581
0 3831 1536 81.5781
0 3831 1536 81.598
0 3831 1536 81.6181
0 3831 1536 81.6381
0 3831 1536 81.6581
0 3831 1536 81.6781
0 3831 1536 81.6982
0 3831 1536 81.7181
0 3831 1536 81.7381
0 3832 1536 81.7583
0 3832 1536 81.7781
0 3833 1536 81.7985
0 3834 1536 81.818
0 3837 1536 81.8381
0 3839 1535 81.8581
0 3842 1535 81.8781
0 3845 1535 81.8985
0 3848 1535 81.9188
0 3851 1535 81.9381
0 3854 1535 81.9581
0 3857 1535 81.9781
0 3858 1535 81.9981
0 3859 1535 82.0184
0 3861 1535 82.0381
0 3862 1535 82.0583
0 3862 1535 82.0781
0 3862 1535 82.0981
0 3863 1535 82.1181
0 3863 1535 82.1381
0 3863 1535 82.1581
0 3864 1535 82.1781
0 3866 1535 82.1981
0 3869 1535 82.2181
0 3871 1535 82.2381
0 3874 1535 82.2582
0 3877 1534 82.2782
0 3880 1534 82.2981
0 3883 1534 82.3181
0 3886 1534 82.3381
0 3889 1534 82.3581
0 3892 1534 82.3782
0 3895 1534 82.3981
0 3898 1534 82.4181
0 3901 1534 82.4381
0 3905 1533 82.4581
0 3908 1533 82.4781
0 3912 1533 82.4983
0 3915 1533 82.5181
0 3918 1533 82.5381
0 3921 1533 82.5581
0 3924 1533 82.5781
0 3926 1533 82.5983
0 3928 1533 82.6181
0 3930 1533 82.6381
0 3932 1533 82.6583
0 3935 1533 82.6781
0 3937 1533 82.6981
0 3939 1533 82.7181
0 3941 1532 82.7381
0 3942 1532 82.7581
0 3943 1532 82.7783
0 3945 1532 82.7981
0 3945 1532 82.8183
0 3946 1532 82.8381
0 3946 1532 82.8582
0 3946 1532 82.8782
0 3947 1532 82.8981
0 3948 1532 82.9181
0 3950 1532 82.9381
0 3952 1532 82.9581
0 3954 1532 82.9782
0 3956 1532 82.9981
0 3958 1532 83.0181
0 3961 1532 83.0381
0 3962 1532 83.0581
0 3964 1532 83.0782
0 3966 1532 83.0981
0 3968 1532 83.1181
0 3969 1532 83.1381
0 3970 1532 83.1581
0 3971 1532 83.1783
0 3971 1532 83.1981
0 3971 1532 83.2181
0 3971 1532 83.2383
0 3972 1532 83.2581
0 3972 1532 83.2781
1 3972 1532 84.0181
1 3972 1532 84.0386
1 3972 1532 84.06
1 3972 1532 84.0795
1 3972 1532 84.0982
1 3972 1532 84.1182
1 3972 1532 84.1381
1 3972 1532 84.1581
1 3972 1532 84.1781
1 3972 1532 84.1983
1 3972 1532 84.2182
1 3972 1532 84.2384
1 3972 1532 84.2581
1 3972 1532 84.2781
1 3972 1532 84.299
1 3972 1532 84.3182
1 3972 1532 84.3382
1 3972 1532 84.3584
1 3972 1532 84.3781
1 3972 1532 84.3982
1 3972 1532 84.4181
1 3971 1532 84.4382
1 3970 1532 84.4583
1 3970 1532 84.4782
1 3970 1532 84.4981
1 3969 1532 84.5183
1 3969 1532 84.5381
1 3968 1532 84.5584
1 3968 1532 84.5782
1 3967 1532 84.5984
1 3967 1532 84.6203
1 3966 1532 84.6383
1 3966 1532 84.6582
1 3966 1532 84.6784
1 3966 1532 84.6982
1 3965 1532 84.7183
1 3965 1532 84.7382
1 3964 1532 84.7581
1 3963 1532 84.7783
1 3962 1532 84.7982
1 3960 1532 84.8181
1 3957 1532 84.8382
1 3955 1532 84.8582
1 3953 1532 84.8782
1 3952 1533 84.8981
1 3952 1533 84.9182
1 3952 1533 84.9392
1 3953 1533 84.9582
1 3953 1533 84.9782
1 3953 1533 84.9982
1 3954 1533 85.0182
1 3953 1533 85.0382
1 3953 1533 85.0583
1 3953 1533 85.0782
1 3952 1533 85.0982
1 3952 1534 85.1182
1 3952 1534 85.139
1 3952 1534 85.1601
1 3952 1534 85.1782
1 3952 1534 85.1982
1 3951 1534 85.2182
1 3951 1534 85.2382
1 3951 1534 85.2582
1 3953 1534 85.2782
1 3955 1534 85.2982
1 3958 1534 85.3182
1 3961 1534 85.3382
1 3963 1534 85.3582
1 3965 1534 85.3782
1 3966 1534 85.3982
1 3967 1534 85.4182
1 3968 1534 85.4382
1 3968 1534 85.4582
1 3968 1534 85.4782
1 3968 1534 85.4982
1 3968 1534 85.5182
1 3968 1534 85.5396
1 3968 1534 85.5583
1 3968 1534 85.5782
1 3968 1534 85.5991
1 3968 1534 85.6185
1 3967 1534 85.6385
1 3967 1534 85.6582
1 3966 1535 85.681
1 3967 1535 85.6982
1 3967 1535 85.7182
1 3968 1535 85.7382
1 3968 1535 85.7582
1 3967 1535 85.7782
1 3966 1535 85.7982
1 3963 1536 85.8184
1 3960 1536 85.8382
1 3957 1536 85.8582
1 3954 1536 85.8782
1 3953 1536 85.8983
1 3953 1537 85.9182
1 3953 1537 85.9382
1 3953 1537 85.9582
1 3953 1537 85.9782
1 3954 1537 85.9985
1 3955 1537 86.0182
1 3957 1538 86.0383
1 3960 1538 86.0582
1 3963 1538 86.0782
1 3966 1538 86.0982
1 3969 1538 86.1183
1 3972 1538 86.1382
1 3976 1539 86.1582
1 3979 1539 86.1782
1 3982 1539 86.1983
1 3986 1539 86.2182
1 3990 1539 86.2382
1 3994 1539 86.2582
1 3997 1540 86.2782
1 4002 1540 86.2982
1 4007 1540 86.3182
1 4015 1541 86.3382
1 4023 1541 86.3582
1 4032 1541 86.3782
1 4041 1542 86.3982
1 4050 1542 86.4182
1 4059 1543 86.4384
1 4067 1543 86.4582
1 4076 1544 86.4782
1 4084 1544 86.4983
1 4090 1544 86.5182
1 4095 1545 86.5382
1 4099 1545 86.5587
1 4102 1545 86.5782
1 4105 1545 86.6001
1 4107 1545 86.619
1 4109 1545 86.639
1 4110 1545 86.6593
1 4111 1545 86.6795
1 4111 1545 86.7001
1 4112 1545 86.7186
1 4113 1545 86.7382
1 4114 1545 86.7583
1 4115 1545 86.7782
1 4116 1545 86.7983
1 4118 1545 86.8186
1 4120 1546 86.8382
1 4122 1546 86.8582
1 4124 1546 86.8783
1 4125 1546 86.8982
1 4127 1546 86.9182
1 4128 1546 86.9382
1 4129 1546 86.9583
1 4129 1546 86.9783
1 4130 1546 86.9983
1 4131 1546 87.0183
1 4131 1546 87.0386
1 4131 1546 87.0583
1 4132 1546 87.0784
1 4132 1546 87.0985
1 4133 1546 87.1184
1 4133 1546 87.1382
1 4133 1546 87.1587
1 4133 1546 87.1783
1 4133 1546 87.1982
1 4132 1546 87.2189
1 4132 1546 87.2386
1 4132 1546 87.2585
1 4131 1546 87.2786
1 4129 1547 87.2985
1 4127 1547 87.3203
1 4124 1547 87.3385
1 4122 1547 87.3589
1 4119 1547 87.3784
1 4116 1547 87.3982
1 4113 1547 87.4172
1 4110 1548 87.4373
1 4107 1548 87.4576
1 4103 1548 87.478
1 4100 1548 87.4979
1 4096 1548 87.5174
1 4092 1548 87.5374
1 4088 1548 87.558
1 4085 1549 87.5777
1 4080 1549 87.5979
1 4075 1549 87.6194
1 4070 1549 87.6383
1 4065 1549 87.6574
1 4059 1550 87.6784
1 4053 1550 87.6985
1 4046 1550 87.7183
1 4038 1551 87.7396
1 4031 1551 87.758
1 4025 1551 87.7777
1 4020 1551 87.7982
1 4018 1551 87.8185
1 4015 1552 87.8374
1 4014 1552 87.8575
1 4013 1552 87.8775
1 4011 1552 87.8978
1 4008 1552 87.9179
1 4006 1552 87.9387
1 4003 1552 87.9583
1 4001 1552 87.9775
1 4000 1552 87.9975
1 3998 1552 88.0175
1 3996 1552 88.0373
1 3995 1552 88.0578
1 3993 1552 88.0786
1 3991 1553 88.0983
1 3989 1553 88.1177
1 3986 1553 88.1375
1 3984 1553 88.1585
1 3981 1553 88.1786
1 3978 1553 88.1989
1 3976 1553 88.2184
1 3975 1553 88.238
1 3974 1553 88.259
1 3973 1553 88.2794
1 3973 1553 88.298
1 3973 1553 88.3194
1 3973 1553 88.3377
1 3973 1553 88.3574
1 3973 1553 88.3786
1 3973 1553 88.3992
1 3973 1553 88.4191
1 3973 1553 88.4387
1 3973 1553 88.4579
1 3973 1553 88.4777
1 3972 1553 88.4979
1 3971 1554 88.5183
1 3971 1554 88.5375
1 3971 1554 88.5575
1 3971 1554 88.5775
1 3971 1554 88.5981
1 3971 1554 88.6175
1 3971 1554 88.6377
1 3971 1554 88.6574
1 3972 1554 88.6785
1 3973 1554 88.699
1 3973 1554 88.718
1 3974 1554 88.7388
1 3974 1554 88.7579
1 3974 1554 88.7784
1 3973 1554 88.7989
1 3971 1554 88.8178
1 3969 1554 88.8374
1 3967 1554 88.8585
1 3965 1554 88.8789
1 3962 1554 88.8976
1 3960 1554 88.9178
1 3957 1554 88.9377
1 3954 1555 88.9575
1 3952 1555 88.9774
1 3950 1555 88.9982
1 3949 1555 89.0185
1 3947 1555 89.0376
1 3946 1555 89.0586
1 3944 1555 89.0779
1 3943 1555 89.0985
1 3943 1555 89.1197
1 3943 1555 89.1394
1 3943 1555 89.16
1 3942 1556 89.1788
1 3942 1556 89.1986
1 3943 1556 89.2188
1 3943 1556 89.2391
1 3942 1556 89.2581
1 3942 1556 89.2792
1 3942 1556 89.2995
1 3942 1556 89.318
1 3942 1556 89.3386
1 3942 1556 89.359
1 3942 1556 89.3778
1 3942 1556 89.3988
1 3942 1556 89.4184
1 3942 1556 89.4398
1 3942 1556 89.4587
1 3942 1556 89.4782
1 3942 1556 89.498
1 3942 1556 89.5177
1 3942 1556 89.5379
1 3942 1556 89.5576
1 3942 1556 89.5776
1 3942 1556 89.5989
1 3942 1556 89.7182
1 3942 1556 89.7379
1 3942 1556 89.758
1 3942 1556 89.7778
1 3942 1556 89.7991
1 3942 1556 89.82
1 3942 1556 89.8378
1 3942 1556 89.8583
1 3942 1556 89.8776
1 3942 1556 89.898
0 3947 1556 90.7377
0 3947 1556 90.7577
0 3948 1556 90.7784
0 3949 1556 90.7979
0 3950 1556 90.8184
0 3951 1556 90.8388
0 3952 1556 90.8591
0 3952 1556 90.878
0 3953 1556 90.8978
0 3953 1556 90.9179
0 3954 1556 90.9375
0 3956 1556 90.9575
0 3959 1556 90.9782
0 3962 1556 90.9974
0 3966 1556 91.0179
0 3969 1556 91.0384
0 3972 1556 91.0575
0 3976 1556 91.0775
0 3980 1556 91.098
0 3983 1556 91.1177
0 3986 1556 91.1379
0 3989 1556 91.1575
0 3991 1556 91.1773
0 3994 1556 91.1991
0 3996 1556 91.2196
0 3998 1556 91.2386
0 4001 1556 91.2581
0 4004 1556 91.2774
0 4008 1556 91.298
0 4014 1556 91.3187
0 4021 1555 91.3382
0 4029 1555 91.3579
0 4037 1555 91.3781
0 4045 1555 91.398
0 4052 1555 91.4182
0 4058 1554 91.4378
0 4063 1554 91.4584
0 4067 1554 91.4796
0 4069 1554 91.4982
0 4072 1554 91.518
0 4073 1554 91.539
0 4074 1554 91.5579
0 4075 1554 91.5776
0 4077 1554 91.5975
0 4079 1554 91.618
0 4080 1554 91.6381
0 4082 1554 91.658
0 4083 1554 91.6777
0 4083 1554 91.6976
0 4084 1554 91.7179
0 4085 1554 91.7379
0 4087 1554 91.7581
0 4088 1554 91.778
0 4088 1554 91.7985
0 4089 1553 91.818
0 4089 1553 91.8396
0 4090 1553 91.8583
0 4091 1553 91.8778
0 4091 1553 91.8978
0 4091 1553 91.9177
0 4091 1553 91.9379
0 4091 1553 91.9583
0 4091 1553 91.9776
0 4091 1553 91.9992
0 4093 1553 92.0184
0 4094 1553 92.0377
0 4097 1553 92.0598
0 4100 1553 92.0777
0 4103 1553 92.0976
0 4108 1553 92.1175
0 4112 1553 92.1379
0 4117 1553 92.158
0 4121 1553 92.1786
0 4125 1553 92.1988
0 4129 1553 92.2176
0 4133 1553 92.2378
0 4137 1553 92.2596
0 4141 1552 92.2779
0 4145 1552 92.2974
0 4149 1552 92.3178
0 4152 1552 92.3385
0 4154 1552 92.3585
0 4156 1552 92.3784
0 4157 1552 92.3976
0 4157 1552 92.4176
0 4159 1552 92.4378
0 4160 1552 92.4579
0 4161 1552 92.4785
0 4162 1552 92.4975
0 4163 1552 92.518
0 4163 1552 92.5375
0 4165 1552 92.5581
0 4166 1552 92.5785
0 4167 1552 92.5978
0 4169 1552 92.6185
0 4171 1552 92.6376
0 4174 1552 92.6578
0 4176 1552 92.6783
0 4180 1551 92.6974
0 4184 1551 92.7181
0 4187 1551 92.7378
0 4191 1551 92.7575
0 4195 1551 92.7775
0 4201 1551 92.7975
0 4208 1551 92.8176
0 4215 1551 92.8381
0 4222 1551 92.8582
0 4226 1551 92.879
0 4230 1552 92.8976
0 4233 1552 92.9177
0 4236 1552 92.9382
0 4237 1552 92.9584
0 4238 1552 92.9777
0 4238 1552 92.9977
0 4240 1552 93.0174
0 4240 1552 93.0376
0 4241 1552 93.0581
0 4242 1552 93.0776
0 4242 1552 93.0977
0 4244 1552 93.1183
0 4245 1552 93.1376
0 4248 1552 93.1576
0 4249 1552 93.1788
0 4251 1551 93.1979
0 4254 1551 93.2175
0 4258 1551 93.2389
0 4260 1551 93.2578
0 4263 1551 93.278
0 4264 1551 93.2974
0 4266 1551 93.3176
0 4268 1551 93.3387
0 4269 1551 93.3576
0 4269 1551 93.3779
0 4269 1551 93.3974
0 4270 1551 93.4184
0 4271 1551 93.4388
0 4273 1551 93.4578
0 4274 1551 93.4782
0 4275 1551 93.4981
0 4275 1551 93.5182
0 4276 1551 93.5379
0 4276 1551 93.5582
0 4277 1551 93.5784
0 4278 1551 93.5983
0 4279 1551 93.6185
0 4279 1551 93.6378
0 4280 1551 93.6576
0 4281 1551 93.6778
0 4282 1551 93.6982
0 4284 1551 93.7177
0 4285 1551 93.7377
0 4286 1551 93.7584
0 4287 1551 93.7799
0 4287 1551 93.7977
0 4288 1551 93.8178
0 4289 1551 93.838
0 4291 1551 93.858
0 4293 1551 93.8778
0 4295 1551 93.8979
0 4296 1551 93.9175
0 4297 1551 93.938
0 4297 1551 93.9581
0 4298 1551 93.9805
0 4299 1551 93.9981
0 4300 1551 94.0176
0 4301 1551 94.0378
0 4301 1551 94.0584
0 4301 1551 94.0779
0 4302 1551 94.0979
0 4303 1551 94.1174
0 4303 1551 94.138
0 4304 1551 94.1584
0 4306 1551 94.1776
0 4309 1551 94.1975
0 4312 1550 94.2184
0 4314 1550 94.2376
0 4317 1550 94.258
0 4318 1550 94.2777
0 4320 1550 94.2976
0 4320 1550 94.318
0 4321 1550 94.3388
0 4322 1550 94.3579
0 4324 1550 94.3786
0 4325 1550 94.3978
0 4327 1550 94.4194
0 4329 1550 94.4382
0 4330 1550 94.4594
0 4332 1550 94.4788
0 4332 1550 94.4993
0 4333 1550 94.5178
0 4333 1550 94.5377
0 4334 1550 94.5587
0 4336 1550 94.5777
0 4338 1550 94.5974
0 4340 1550 94.6175
0 4342 1550 94.6375
0 4343 1550 94.6576
0 4345 1550 94.6778
0 4347 1550 94.6976
0 4349 1550 94.7175
0 4350 1550 94.7375
0 4350 1550 94.7577
0 4351 1550 94.7776
0 4351 1550 94.7975
0 4351 1550 94.8175
0 4351 1550 94.8379
1 4353 1550 95.3775
1 4353 1550 95.3976
1 4353 1550 95.4175
1 4353 1550 95.4375
1 4353 1550 95.4575
1 4353 1550 95.4776
1 4353 1550 95.4975
1 4353 1550 95.5175
1 4353 1550 95.5375
1 4353 1550 95.5575
1 4353 1550 95.5775
1 4353 1550 95.5975
1 4353 1550 95.6175
1 4353 1550 95.6375
1 4353 1550 95.6575
1 4353 1550 95.6775
1 4353 1550 95.6975
1 4353 1550 95.7175
1 4354 1550 95.7375
1 4356 1550 95.7575
1 4358 1550 95.7775
1 4361 1550 95.7975
1 4364 1550 95.8175
1 4365 1550 95.8376
1 4365 1551 95.8575
1 4366 1551 95.8775
1 4367 1551 95.8975
1 4368 1551 95.9176
1 4369 1551 95.9376
1 4369 1551 95.9601
1 4369 1551 95.9775
1 4368 1551 95.9975
1 4366 1551 96.0176
1 4366 1551 96.0376
1 4364 1551 96.0575
1 4363 1552 96.0776
1 4361 1552 96.0975
1 4359 1552 96.1176
1 4358 1552 96.1375
1 4356 1552 96.1576
1 4354 1552 96.1781
1 4351 1553 96.1977
1 4349 1553 96.2175
1 4347 1553 96.2375
1 4345 1553 96.2575
1 4342 1554 96.2775
1 4339 1554 96.2975
1 4336 1554 96.3175
1 4334 1554 96.3375
1 4332 1555 96.3577
1 4331 1555 96.3775
1 4329 1555 96.3975
1 4327 1555 96.4175
1 4324 1555 96.4376
1 4322 1555 96.4575
1 4320 1556 96.4776
1 4318 1556 96.4975
1 4317 1556 96.5175
1 4316 1556 96.5377
1 4315 1556 96.5575
1 4314 1556 96.5775
1 4312 1557 96.5975
1 4311 1557 96.6176
1 4308 1557 96.6375
1 4305 1557 96.6575
1 4303 1557 96.6776
1 4301 1558 96.6976
1 4300 1558 96.7175
1 4300 1558 96.7375
1 4299 1558 96.7575
1 4298 1558 96.7775
1 4297 1559 96.7975
1 4297 1559 96.8176
1 4297 1559 96.8375
1 4296 1559 96.8575
1 4297 1559 96.8777
1 4297 1559 96.8975
1 4297 1560 96.9175
1 4296 1560 96.9377
1 4295 1560 96.9577
1 4294 1560 96.9775
1 4294 1560 96.9977
1 4292 1560 97.0176
1 4291 1560 97.0376
1 4291 1560 97.0575
1 4291 1561 97.0775
1 4292 1561 97.0975
1 4293 1561 97.1176
1 4294 1561 97.1375
1 4296 1561 97.1575
1 4297 1561 97.1777
1 4298 1561 97.1975
1 4300 1561 97.2176
1 4303 1562 97.2378
1 4305 1562 97.2576
1 4308 1562 97.2776
1 4310 1562 97.2975
1 4311 1562 97.3175
1 4313 1562 97.3376
1 4314 1562 97.3575
1 4314 1563 97.3776
1 4314 1563 97.3978
1 4314 1563 97.4176
1 4314 1563 97.4375
1 4313 1563 97.4576
1 4312 1563 97.4776
1 4311 1563 97.4976
1 4310 1564 97.5177
1 4309 1564 97.5375
1 4307 1564 97.5576
1 4307 1564 97.5775
1 4307 1564 97.5975
1 4307 1564 97.6177
1 4306 1564 97.6376
1 4304 1564 97.6576
1 4302 1564 97.6777
1 4299 1564 97.6975
1 4295 1565 97.7176
1 4292 1565 97.7397
1 4288 1565 97.7576
1 4285 1565 97.7777
1 4282 1565 97.7985
1 4279 1566 97.8177
1 4278 1566 97.8398
1 4277 1566 97.8577
1 4277 1566 97.8777
1 4277 1567 97.8976
1 4274 1567 97.9176
1 4272 1567 97.9377
1 4271 1567 97.9576
1 4269 1567 97.9779
1 4267 1567 97.9976
1 4264 1567 98.018
1 4261 1567 98.0377
1 4258 1567 98.0576
1 4255 1568 98.0777
1 4253 1568 98.0976
1 4250 1568 98.1193
1 4247 1568 98.1376
1 4245 1568 98.1611
1 4243 1568 98.1777
1 4242 1568 98.1976
1 4240 1568 98.2178
1 4238 1569 98.2376
1 4236 1569 98.2576
1 4234 1569 98.2778
1 4234 1569 98.2981
1 4233 1569 98.3181
1 4233 1569 98.3377
1 4232 1569 98.3576
1 4232 1569 98.3776
1 4231 1569 98.3979
1 4229 1569 98.4176
1 4227 1569 98.4376
1 4226 1569 98.4578
1 4223 1569 98.4776
1 4220 1570 98.4977
1 4216 1570 98.5176
1 4212 1570 98.5376
1 4208 1570 98.5578
1 4206 1570 98.5776
1 4204 1570 98.5979
1 4203 1570 98.6176
1 4201 1570 98.6377
1 4200 1570 98.6576
1 4200 1570 98.6776
1 4200 1570 98.6978
1 4200 1570 98.7184
1 4201 1570 98.7388
1 4202 1571 98.7592
1 4202 1571 98.7776
1 4203 1571 98.7976
1 4203 1571 98.8184
1 4203 1571 98.8376
1 4203 1571 98.8577
1 4203 1571 98.8776
1 4204 1571 98.8976
1 4205 1571 98.9179
1 4205 1571 98.9376
1 4204 1571 98.9576
1 4202 1571 98.9776
1 4200 1571 98.9976
1 4197 1572 99.0182
1 4196 1572 99.0376
1 4195 1572 99.0576
1 4195 1572 99.0776
1 4196 1572 99.0976
1 4195 1572 99.1178
1 4195 1572 99.1378
1 4194 1572 99.1576
1 4192 1572 99.1776
1 4190 1572 99.1977
1 4187 1572 99.2176
1 4184 1573 99.2398
1 4182 1573 99.258
1 4182 1573 99.2781
1 4182 1573 99.2976
1 4182 1573 99.3178
1 4183 1574 99.3376
1 4183 1574 99.3576
1 4182 1574 99.3776
1 4181 1574 99.3977
1 4179 1574 99.4176
1 4179 1574 99.4377
1 4178 1574 99.4578
1 4178 1574 99.4776
1 4177 1574 99.4976
1 4176 1574 99.5176
1 4176 1574 99.5376
1 4176 1575 99.5578
1 4176 1575 99.5776
1 4177 1575 99.5976
1 4177 1575 99.618
1 4177 1575 99.6376
1 4177 1575 99.6577
1 4176 1575 99.6776
1 4174 1575 99.6976
1 4172 1575 99.7178
1 4170 1575 99.7376
1 4167 1576 99.7577
1 4163 1576 99.7776
1 4159 1576 99.7976
1 4157 1576 99.8178
1 4154 1576 99.8376
1 4151 1576 99.8581
1 4148 1576 99.8777
1 4145 1576 99.8977
1 4141 1577 99.9176
1 4137 1577 99.9377
1 4132 1577 99.9576
1 4127 1577 99.9777
1 4122 1577 99.9976
1 4117 1577 100.019
1 4112 1578 100.038
1 4109 1578 100.058
1 4107 1578 100.078
1 4104 1578 100.098
1 4102 1578 100.118
1 4102 1579 100.138
1 4101 1579 100.158
1 4101 1579 100.178
1 4099 1579 100.198
1 4096 1579 100.218
1 4092 1580 100.238
1 4088 1580 100.261
1 4083 1580 100.278
1 4080 1580 100.298
1 4075 1580 100.318
1 4072 1580 100.338
1 4067 1580 100.358
1 4062 1581 100.378
1 4057 1581 100.398
1 4052 1581 100.418
1 4047 1581 100.438
1 4043 1581 100.458
1 4039 1581 100.478
1 4036 1581 100.498
1 4034 1581 100.518
1 4031 1582 100.538
1 4030 1582 100.558
1 4028 1582 100.578
1 4025 1582 100.598
1 4021 1582 100.618
1 4018 1582 100.638
1 4014 1582 100.658
1 4009 1582 100.678
1 4005 1582 100.698
1 4002 1583 100.718
1 4000 1583 100.738
1 3999 1583 100.758
1 3999 1583 100.778
1 3999 1583 100.798
1 3999 1583 100.819
1 3998 1583 100.838
1 3997 1584 100.858
1 3997 1584 100.878
1 3997 1584 100.898
1 3997 1584 100.918
1 3997 1584 100.938
1 3997 1584 100.958
1 3997 1584 100.978
1 3998 1584 100.998
1 3999 1584 101.018
1 4000 1584 101.038
1 4001 1584 101.058
1 4001 1584 101.078
1 4001 1584 101.098
1 4001 1584 101.118
1 3999 1585 101.138
1 3998 1585 101.158
1 3995 1585 101.178
1 3993 1585 101.198
1 3990 1585 101.218
1 3987 1586 101.238
1 3985 1586 101.258
1 3984 1586 101.278
1 3983 1586 101.299
1 3981 1586 101.319
1 3979 1586 101.338
1 3975 1586 101.358
1 3971 1587 101.378
1 3966 1587 101.398
1 3961 1587 101.418
1 3955 1587 101.438
1 3950 1587 101.458
1 3945 1587 101.478
1 3941 1588 101.498
1 3937 1588 101.518
1 3936 1588 101.538
1 3936 1588 101.558
1 3935 1588 101.578
1 3935 1588 101.598
1 3936 1588 101.618
1 3938 1588 101.638
1 3939 1589 101.658
1 3940 1589 101.678
1 3941 1589 101.698
1 3942 1589 101.718
1 3944 1589 101.738
1 3945 1589 101.758
1 3946 1589 101.778
1 3947 1589 101.798
1 3947 1589 101.818
1 3948 1589 101.838
1 3948 1589 101.858
1 3949 1589 101.878
1 3950 1589 101.898
1 3951 1590 101.918
1 3952 1590 101.938
1 3954 1590 101.958
1 3955 1590 101.978
1 3955 1590 101.998
1 3957 1591 102.018
1 3959 1591 102.038
1 3960 1591 102.058
1 3960 1591 102.078
1 3960 1591 102.098
1 3960 1592 102.118
1 3960 1592 102.138
1 3958 1592 102.158
1 3957 1592 102.178
1 3956 1592 102.198
1 3954 1592 102.218
1 3952 1592 102.238
1 3951 1592 102.258
1 3950 1593 102.278
1 3949 1593 102.298
1 3949 1593 102.318
1 3949 1593 102.338
1 3948 1593 102.358
1 3948 1593 102.378
1 3949 1593 102.398
1 3951 1593 102.418
1 3951 1594 102.438
1 3951 1594 102.458
1 3951 1594 102.478
1 3952 1594 102.498
1 3951 1594 102.518
1 3951 1594 102.538
1 3952 1594 102.558
1 3952 1594 102.578
1 3951 1594 102.598
1 3948 1595 102.618
1 3946 1595 102.638
1 3943 1595 102.658
1 3940 1595 102.678
1 3937 1595 102.698
1 3935 1595 102.718
1 3933 1595 102.738
1 3932 1596 102.758
1 3930 1596 102.778
1 3928 1596 102.798
1 3926 1596 102.818
1 3923 1596 102.838
1 3920 1597 102.858
1 3918 1597 102.878
1 3917 1597 102.898
1 3914 1597 102.918
1 3912 1597 102.938
1 3909 1598 102.958
1 3907 1598 102.978
1 3905 1598 102.998
1 3903 1598 103.018
1 3901 1598 103.038
1 3899 1599 103.059
1 3897 1599 103.078
1 3894 1599 103.098
1 3892 1599 103.118
1 3890 1599 103.138
1 3887 1599 103.158
1 3884 1599 103.178
1 3880 1599 103.198
1 3876 1599 103.218
1 3874 1599 103.238
1 3872 1600 103.258
1 3871 1600 103.278
1 3872 1600 103.298
1 3873 1600 103.318
1 3873 1600 103.338
1 3873 1600 103.358
1 3872 1600 103.378
1 3870 1601 103.398
1 3868 1601 103.418
1 3866 1601 103.438
1 3863 1602 103.458
1 3860 1602 103.478
1 3858 1602 103.498
1 3857 1602 103.518
1 3856 1602 103.538
1 3854 1602 103.558
1 3852 1602 103.578
1 3851 1603 103.598
1 3850 1603 103.618
1 3848 1603 103.638
1 3847 1603 103.658
1 3845 1603 103.678
1 3843 1603 103.698
1 3842 1603 103.718
1 3842 1604 103.738
1 3843 1604 103.758
1 3844 1604 103.778
1 3843 1604 103.798
1 3843 1604 103.818
1 3844 1604 103.838
1 3844 1605 103.858
1 3844 1605 103.878
1 3844 1605 103.898
1 3845 1605 103.918
1 3845 1605 103.938
1 3845 1605 103.958
1 3846 1605 103.978
1 3846 1605 103.999
1 3846 1605 104.018
0 3982 1604 104.937
0 3990 1603 104.96
0 4000 1603 104.979
0 4009 1603 105
0 4017 1603 105.017
0 4026 1603 105.039
0 4033 1603 105.058
0 4040 1603 105.077
0 4047 1602 105.097
0 4053 1602 105.117
0 4058 1602 105.137
0 4062 1602 105.157
0 4067 1602 105.177
0 4072 1602 105.197
0 4077 1602 105.217
0 4083 1602 105.237
0 4090 1601 105.258
0 4096 1601 105.277
0 4104 1601 105.297
0 4113 1601 105.317
0 4122 1601 105.337
0 4131 1601 105.358
0 4140 1601 105.377
0 4149 1600 105.397
0 4157 1600 105.417
0 4165 1600 105.438
0 4172 1600 105.457
0 4177 1600 105.478
0 4182 1600 105.498
0 4186 1600 105.517
0 4190 1600 105.537
0 4192 1599 105.557
0 4194 1599 105.578
0 4196 1599 105.598
0 4197 1599 105.618
0 4198 1599 105.637
0 4198 1599 105.658
0 4199 1599 105.678
0 4200 1599 105.697
0 4202 1599 105.717
0 4204 1599 105.738
0 4207 1599 105.757
0 4211 1599 105.777
0 4216 1599 105.797
0 4222 1599 105.817
0 4227 1599 105.837
0 4232 1599 105.857
0 4238 1599 105.877
0 4244 1599 105.897
0 4250 1598 105.917
0 4256 1598 105.937
0 4262 1598 105.957
0 4268 1598 105.978
0 4274 1598 105.997
0 4278 1598 106.017
0 4282 1598 106.039
0 4286 1598 106.059
0 4291 1598 106.078
0 4298 1598 106.1
0 4305 1598 106.119
0 4315 1598 106.137
0 4327 1598 106.158
0 4340 1598 106.179
0 4354 1598 106.197
0 4368 1598 106.218
0 4382 1598 106.238
0 4398 1598 106.259
0 4415 1598 106.278
0 4432 1598 106.297
0 4448 1598 106.319
0 4464 1598 106.341
0 4478 1597 106.358
0 4490 1597 106.377
0 4500 1597 106.397
0 4508 1597 106.417
0 4515 1597 106.437
0 4520 1597 106.457
0 4527 1597 106.478
0 4531 1597 106.498
0 4534 1597 106.518
0 4536 1597 106.537
0 4538 1597 106.557
0 4541 1597 106.578
0 4544 1597 106.597
0 4548 1597 106.617
0 4551 1597 106.637
0 4555 1597 106.657
0 4559 1597 106.678
0 4563 1597 106.698
0 4567 1597 106.718
0 4572 1597 106.737
0 4579 1597 106.759
0 4588 1597 106.778
0 4600 1597 106.798
0 4613 1597 106.819
0 4627 1597 106.839
0 4641 1597 106.857
0 4653 1597 106.878
0 4663 1597 106.899
0 4672 1597 106.917
0 4680 1597 106.937
0 4687 1597 106.958
0 4693 1596 106.977
0 4699 1596 106.998
0 4705 1596 107.017
0 4710 1596 107.037
0 4714 1596 107.057
0 4718 1596 107.077
0 4721 1596 107.098
0 4724 1596 107.119
0 4726 1596 107.137
0 4730 1596 107.158
0 4735 1596 107.178
0 4741 1595 107.199
0 4749 1595 107.218
0 4757 1595 107.24
0 4764 1595 107.258
0 4771 1595 107.278
0 4776 1595 107.298
0 4781 1595 107.319
0 4786 1594 107.338
0 4789 1594 107.358
0 4790 1594 107.377
0 4791 1594 107.399
0 4792 1594 107.417
0 4794 1594 107.438
0 4795 1594 107.458
0 4797 1594 107.479
0 4799 1594 107.498
0 4801 1594 107.517
0 4803 1594 107.539
0 4807 1594 107.558
0 4812 1594 107.577
0 4818 1594 107.598
0 4824 1594 107.617
0 4830 1594 107.638
0 4836 1594 107.657
0 4841 1594 107.678
0 4846 1593 107.698
0 4851 1593 107.718
0 4856 1593 107.738
0 4860 1593 107.758
0 4866 1593 107.778
0 4874 1593 107.798
0 4882 1593 107.817
0 4890 1593 107.837
0 4896 1593 107.857
0 4902 1593 107.877
0 4906 1593 107.897
0 4911 1593 107.917
0 4915 1593 107.937
0 4920 1593 107.957
0 4923 1593 107.977
0 4927 1593 107.997
0 4931 1593 108.017
0 4935 1593 108.037
0 4938 1592 108.057
0 4941 1592 108.077
0 4944 1592 108.098
0 4947 1592 108.117
0 4951 1592 108.137
0 4956 1592 108.157
0 4961 1592 108.178
0 4967 1592 108.197
0 4971 1592 108.217
0 4976 1592 108.238
0 4981 1591 108.258
0 4986 1591 108.277
0 4993 1591 108.298
0 5000 1591 108.318
0 5008 1591 108.337
0 5015 1591 108.357
0 5023 1591 108.378
0 5029 1591 108.397
0 5033 1591 108.418
0 5036 1591 108.438
0 5040 1591 108.458
0 5044 1591 108.478
0 5046 1591 108.497
0 5049 1591 108.518
0 5051 1591 108.538
0 5054 1591 108.557
0 5056 1591 108.577
0 5058 1591 108.597
0 5059 1591 108.618
0 5061 1591 108.637
0 5063 1591 108.657
0 5065 1590 108.677
0 5068 1590 108.697
0 5072 1590 108.718
0 5075 1590 108.737
0 5078 1590 108.757
0 5080 1590 108.777
0 5081 1590 108.797
0 5082 1590 108.818
0 5082 1590 108.837
0 5083 1590 108.858
0 5085 1590 108.878
0 5087 1590 108.898
0 5088 1590 108.917
0 5089 1590 108.937
0 5089 1590 108.958
0 5090 1590 108.978
0 5090 1590 108.997
1 5091 1590 109.537
1 5092 1590 109.557
1 5092 1590 109.577
1 5092 1590 109.598
1 5092 1590 109.618
1 5092 1590 109.64
1 5092 1590 109.659
1 5092 1590 109.677
1 5092 1590 109.697
1 5092 1590 109.717
1 5092 1590 109.737
1 5092 1590 109.757
1 5092 1590 109.777
1 5092 1590 109.798
1 5093 1590 109.818
1 5094 1590 109.837
1 5095 1590 109.858
1 5096 1590 109.878
1 5097 1590 109.898
1 5099 1591 109.918
1 5100 1591 109.938
1 5102 1591 109.958
1 5104 1591 109.978
1 5105 1591 109.997
1 5106 1592 110.018
1 5106 1592 110.037
1 5107 1592 110.057
1 5108 1593 110.077
1 5109 1593 110.097
1 5111 1594 110.118
1 5114 1594 110.138
1 5116 1594 110.157
1 5118 1594 110.177
1 5119 1595 110.198
1 5119 1595 110.218
1 5117 1595 110.238
1 5117 1595 110.258
1 5115 1595 110.278
1 5113 1595 110.298
1 5112 1595 110.318
1 5112 1595 110.337
1 5113 1595 110.357
1 5114 1596 110.377
1 5113 1596 110.397
1 5113 1596 110.418
1 5114 1596 110.438
1 5115 1596 110.457
1 5116 1596 110.478
1 5117 1596 110.497
1 5118 1596 110.517
1 5117 1596 110.538
1 5116 1597 110.557
1 5115 1597 110.578
1 5115 1597 110.597
1 5115 1597 110.617
1 5114 1597 110.639
1 5114 1597 110.657
1 5114 1597 110.677
1 5113 1597 110.698
1 5111 1597 110.717
1 5108 1598 110.738
1 5104 1598 110.757
1 5098 1598 110.777
1 5091 1598 110.798
1 5085 1598 110.817
1 5079 1599 110.837
1 5074 1599 110.858
1 5069 1599 110.877
1 5064 1599 110.898
1 5059 1599 110.917
1 5055 1599 110.937
1 5051 1600 110.958
1 5047 1600 110.977
1 5045 1600 110.997
1 5045 1600 111.019
1 5044 1600 111.037
1 5044 1601 111.057
1 5045 1601 111.077
1 5045 1601 111.097
1 5044 1601 111.117
1 5041 1602 111.137
1 5036 1602 111.158
1 5031 1602 111.177
1 5028 1603 111.197
1 5025 1603 111.217
1 5022 1603 111.238
1 5021 1603 111.257
1 5018 1603 111.278
1 5015 1604 111.297
1 5012 1604 111.318
1 5009 1604 111.338
1 5005 1604 111.357
1 5001 1605 111.378
1 4996 1605 111.398
1 4990 1606 111.417
1 4983 1606 111.438
1 4978 1606 111.457
1 4972 1607 111.479
1 4968 1607 111.498
1 4963 1607 111.518
1 4958 1607 111.538
1 4952 1608 111.557
1 4946 1608 111.577
1 4939 1609 111.597
1 4934 1609 111.618
1 4929 1610 111.637
1 4924 1610 111.658
1 4918 1610 111.678
1 4912 1611 111.697
1 4906 1611 111.717
1 4900 1611 111.737
1 4895 1612 111.757
1 4891 1612 111.777
1 4886 1612 111.797
1 4882 1613 111.817
1 4878 1613 111.838
1 4874 1613 111.858
1 4869 1614 111.878
1 4864 1614 111.898
1 4860 1614 111.917
1 4856 1615 111.938
1 4850 1615 111.958
1 4844 1615 111.977
1 4840 1616 111.998
1 4837 1616 112.018
1 4833 1616 112.037
1 4831 1616 112.058
1 4827 1616 112.077
1 4823 1617 112.097
1 4820 1617 112.118
1 4816 1618 112.137
1 4813 1618 112.158
1 4810 1618 112.177
1 4807 1619 112.197
1 4803 1620 112.218
1 4800 1620 112.237
1 4798 1621 112.257
1 4796 1621 112.277
1 4793 1621 112.297
1 4791 1622 112.318
1 4791 1622 112.338
1 4791 1623 112.357
1 4791 1623 112.377
1 4790 1624 112.397
1 4790 1624 112.418
1 4788 1625 112.437
1 4785 1626 112.457
1 4781 1626 112.477
1 4778 1627 112.497
1 4777 1627 112.517
1 4777 1627 112.537
1 4778 1628 112.558
1 4779 1628 112.577
1 4780 1628 112.597
1 4781 1628 112.617
1 4782 1628 112.637
1 4783 1628 112.657
1 4784 1629 112.677
1 4784 1629 112.697
1 4785 1629 112.717
1 4785 1629 112.737
1 4785 1629 112.757
1 4785 1629 112.777
1 4785 1629 112.797
1 4787 1629 112.817
1 4789 1629 112.837
1 4791 1629 112.857
1 4793 1629 112.877
1 4795 1630 112.897
1 4797 1630 112.917
1 4800 1630 112.937
1 4802 1630 112.957
1 4804 1631 112.977
1 4807 1631 112.997
1 4809 1631 113.017
1 4812 1631 113.037
1 4813 1631 113.057
1 4815 1631 113.077
1 4816 1631 113.097
1 4818 1631 113.117
1 4819 1631 113.137
1 4820 1631 113.158
1 4820 1631 113.177
1 4820 1631 113.198
1 4821 1631 113.217
1 4821 1631 113.237
1 4821 1631 113.257
1 4821 1631 113.277
0 4847 1631 114.318
0 4853 1631 114.337
0 4859 1631 114.357
0 4867 1631 114.377
0 4876 1631 114.397
0 4885 1631 114.417
0 4895 1631 114.437
0 4906 1631 114.457
0 4918 1631 114.477
0 4930 1631 114.497
0 4942 1630 114.517
0 4955 1630 114.537
0 4968 1630 114.557
0 4982 1630 114.577
0 4996 1629 114.597
0 5009 1629 114.617
0 5022 1629 114.637
0 5035 1628 114.657
0 5050 1628 114.677
0 5064 1628 114.697
0 5076 1628 114.72
0 5086 1627 114.737
0 5097 1627 114.758
0 5108 1627 114.777
0 5118 1627 114.797
0 5127 1627 114.817
0 5139 1626 114.837
0 5149 1626 114.857
0 5160 1626 114.877
0 5173 1626 114.897
0 5188 1625 114.917
0 5207 1625 114.937
0 5228 1625 114.957
0 5251 1625 114.977
0 5274 1625 114.997
0 5300 1624 115.017
0 5325 1624 115.037
0 5351 1624 115.057
0 5377 1624 115.077
0 5404 1624 115.097
0 5430 1624 115.117
0 5458 1623 115.137
0 5485 1623 115.157
0 5511 1623 115.177
0 5535 1623 115.197
0 5557 1623 115.217
0 5576 1623 115.237
0 5591 1623 115.257
0 5605 1623 115.277
0 5616 1623 115.297
0 5626 1622 115.318
0 5634 1622 115.337
0 5638 1622 115.357
0 5641 1622 115.377
0 5642 1622 115.397
