 -100 -1.99724 -2.29824 49.9364
 -100 -1.99724 -2.29824 50.0111
 -100 -1.99724 -2.29824 50.0855
 -100 -1.99724 -2.29824 50.1604
 -100 -1.99724 -2.29824 50.2358
 -100 -2.05083 -2.28382 50.3105
 -100 -2.10086 -2.27036 50.3865
 -100 -2.10488 -2.23675 50.462
 -100 -2.10729 -2.21658 50.5371
 -100 -2.04367 -2.14057 50.6131
 -100 -1.95337 -2.04376 50.6883
 -100 -2.07829 -1.93725 50.7638
 -100 -2.6395 -1.74182 50.8422
 -100 -3.66724 -1.43762 50.9181
 -100 -4.57714 -1.17574 50.9933
 -100 -5.12309 -1.01861 51.0686
 -100 -5.5978 -0.884502 51.1437
 -100 -5.6223 -0.542547 51.2183
 -100 -5.55084 -0.227284 51.2941
 -99.981 -5.78839 0.105803 51.3697
 -99.3858 -5.80892 1.05276 51.4447
 -98.2351 -5.56565 2.52388 51.5199
 -97.0427 -5.78879 3.43242 51.5955
 -96.1004 -6.27027 3.93829 51.6698
 -95.512 -6.61695 4.25824 51.7461
 -95.1589 -6.82495 4.45021 51.8245
 -94.9471 -6.94976 4.56539 51.9002
 -94.82 -7.02464 4.63449 51.9756
 -94.7346 -7.06505 4.65735 52.0503
 -94.6742 -7.08477 4.65244 52.1252
 -94.5922 -7.07397 4.55633 52.1996
 -94.4896 -7.06412 4.41082 52.2741
 -94.4035 -7.09228 4.31574 52.3485
 -94.2719 -7.2548 4.26502 52.4238
 -94.0382 -7.5774 4.19333 52.4984
 -93.6816 -8.03241 4.36679 52.5729
 -93.0871 -8.67158 4.84451 52.6483
 -92.5575 -9.51012 5.26042 52.7236
 -92.2301 -10.0088 5.49107 52.8001
 -92.0145 -10.2991 5.59165 52.8769
 -91.7235 -10.3124 5.82481 52.9518
 -91.3349 -10.0573 6.29104 53.0285
 -90.9992 -9.87318 6.70875 53.1035
 -90.6913 -10.0423 7.0399 53.1788
 -90.3634 -10.5248 7.34833 53.2547
 -90.0969 -10.9709 7.56072 53.3307
 -89.7886 -11.6427 7.80445 53.4057
 -89.4062 -12.4302 7.97201 53.4803
 -88.9352 -13.3174 8.0482 53.5552
 -88.4462 -14.3057 8.15234 53.6304
 -87.9664 -15.1996 8.17428 53.7084
 -87.5504 -15.7299 7.98638 53.7839
 -87.0977 -16.0908 7.76017 53.8602
 -85.9518 -16.3823 7.41671 53.9357
 -84.3262 -17.0672 6.89155 54.0116
 -83.2459 -17.6793 6.57615 54.0989
 -82.4696 -18.155 6.53132 54.1819
 -81.4561 -18.745 7.01239 54.2565
 -80.3995 -19.3125 7.21206 54.3313
 -79.116 -20.0039 7.08717 54.4079
 -78.1435 -20.538 6.79412 54.4841
 -77.4275 -20.7248 6.65925 54.5589
 -76.367 -20.226 6.66555 54.6337
 -75.2513 -19.5753 6.31873 54.7097
 -74.459 -19.1335 5.87965 54.7867
 -73.8945 -18.8307 5.44777 54.8627
 -73.5447 -18.6444 5.16756 54.9391
 -73.3348 -18.5326 4.99944 55.0154
 -73.2089 -18.4655 4.89856 55.0913
 -73.1333 -18.4252 4.83804 55.167
 -73.088 -18.4011 4.80172 55.2418
 -73.0608 -18.3866 4.77994 55.3167
 -73.0333 -18.3732 4.74578 55.3925
 -72.7799 -18.496 4.46386 55.4687
 -72.0635 -18.95 3.71858 55.545
 -71.3992 -19.2777 2.94336 55.6194
 -71.0007 -19.4744 2.47822 55.6954
 -70.7238 -19.6283 2.16839 55.7729
 -70.47 -19.6825 1.80997 55.8488
 -70.2333 -19.7044 1.44981 55.9239
 -69.991 -19.7524 1.10055 55.9999
 -69.7479 -19.738 0.69569 56.0752
 -69.5911 -19.7246 0.431044 56.1515
 -69.4056 -19.8342 0.221992 56.2371
 -69.0898 -20.0277 -0.0349821 56.3124
 -68.335 -20.4347 -0.00235819 56.3884
 -67.4619 -20.7866 -0.0457565 56.4646
 -66.7551 -20.9609 -0.353113 56.5396
 -65.9701 -21.0667 -0.589234 56.6142
 -65.1202 -21.1631 -0.981107 56.6903
 -64.3901 -21.6379 -1.232 56.7651
 -63.7461 -22.2662 -1.43956 56.8409
 -63.1539 -22.6223 -1.72287 56.9161
 -62.3318 -22.7619 -1.72178 56.9925
 -61.3375 -22.6066 -2.24652 57.0671
 -60.3126 -22.2303 -3.05851 57.1417
 -59.5031 -21.9969 -3.72581 57.2162
 -58.9584 -22.025 -4.08209 57.2912
 -58.5785 -22.1569 -4.28744 57.3657
 -58.3396 -22.2309 -4.43378 57.4396
 -58.1962 -22.2754 -4.52159 57.5146
 -58.1102 -22.302 -4.57427 57.5905
 -58.0418 -22.3662 -4.59325 57.6673
 -57.9646 -22.4718 -4.60883 57.7436
 -57.8852 -22.5198 -4.68766 57.8194
 -57.7935 -22.5282 -4.82769 57.8953
 -57.4704 -22.5189 -4.9071 57.9699
 -57.1641 -22.4885 -5.00965 58.0464
 -56.8745 -22.5897 -5.14971 58.1219
 -56.4498 -22.6921 -5.25573 58.1973
 -55.7497 -22.7419 -5.45179 58.2761
 -54.6455 -23.1244 -5.74328 58.3505
 -53.5407 -23.3179 -6.05983 58.4263
 -52.8581 -23.4534 -6.26714 58.5017
 -52.4204 -23.5789 -6.40248 58.578
 -51.969 -23.6519 -6.31968 58.6529
 -51.3821 -23.7393 -6.23013 58.7287
 -50.6789 -23.8003 -6.27956 58.8045
 -50.1207 -23.908 -6.42831 58.88
 -49.7745 -23.9673 -6.54164 58.9558
 -49.5555 -23.9975 -6.63373 59.0304
 -49.2113 -23.8089 -6.62562 59.1069
 -48.5485 -23.2746 -6.60684 59.1811
 -48.0286 -22.8857 -6.64295 59.2572
 -47.5806 -22.5088 -6.57829 59.3343
 -46.9038 -22.076 -6.52797 59.4092
 -46.0469 -21.5183 -6.58027 59.4838
 -45.2495 -20.8861 -6.4614 59.5587
 -44.5816 -20.3038 -6.27552 59.6337
 -43.9804 -19.745 -6.07359 59.7107
 -43.3009 -19.0798 -5.83215 59.7868
 -42.6496 -18.4063 -5.50199 59.8629
 -42.097 -17.8185 -5.17987 59.9385
 -41.6632 -17.3736 -5.01601 60.0129
 -41.3444 -17.0776 -5.04147 60.0879
 -41.0832 -16.865 -5.20548 60.164
 -40.8799 -16.714 -5.40317 60.2391
 -40.4015 -16.4413 -6.29454 60.3144
 -39.6045 -16.2242 -7.76334 60.3896
 -38.9061 -16.4097 -8.72842 60.4652
 -38.4467 -16.6234 -9.28076 60.5397
 -38.1195 -16.8482 -9.61077 60.6152
 -37.7719 -17.3366 -9.74031 60.6901
 -37.4786 -17.7089 -9.89271 60.7653
 -37.2814 -17.952 -10.0028 60.8397
 -37.1235 -18.201 -10.042 60.9155
 -36.9075 -18.5967 -10.049 60.9902
 -36.6949 -18.9456 -10.0958 61.0653
 -36.5448 -19.1432 -10.1748 61.1433
 -36.4435 -19.2557 -10.2477 61.219
 -36.3827 -19.3233 -10.2915 61.2932
 -36.3462 -19.3638 -10.3177 61.3685
 -36.3243 -19.3881 -10.3334 61.4437
 -36.3112 -19.4027 -10.3429 61.5185
 -36.3033 -19.4115 -10.3486 61.5928
 -36.2986 -19.4167 -10.352 61.6668
 -36.217 -19.3783 -10.5325 61.742
 -35.9676 -19.2479 -11.1012 61.8179
 -35.7627 -19.1397 -11.5706 61.8961
 -35.6397 -19.0748 -11.8522 61.9732
 -35.5659 -19.0359 -12.0212 62.0484
 -35.5106 -19.0065 -12.1483 62.1248
 -35.4774 -18.9889 -12.2245 62.2007
 -35.4575 -18.9784 -12.2703 62.2753
 -35.4456 -18.972 -12.2977 62.3515
 -35.4285 -18.9941 -12.3075 62.426
 -35.4182 -19.0074 -12.3133 62.501
 -35.401 -19.0094 -12.3425 62.5764
 -35.3907 -19.0106 -12.36 62.6488
 -35.3845 -19.0113 -12.3705 62.7238
 -35.331 -19.1414 -12.3433 62.799
 -35.2989 -19.2195 -12.3269 62.8753
 -35.2598 -19.3183 -12.3036 62.951
 -35.1868 -19.5076 -12.256 63.0267
 -35.1221 -19.6412 -12.2464 63.1022
 -35.0833 -19.7213 -12.2407 63.1758
 -34.9885 -19.8876 -12.2549 63.2521
 -34.8223 -19.9595 -12.4884 63.3325
 -34.5973 -20.1232 -12.7428 63.4074
 -34.4426 -20.2737 -12.882 63.4814
 -34.3498 -20.364 -12.9655 63.5557
 -34.2646 -20.4965 -12.9953 63.6281
 -34.1841 -20.6545 -12.993 63.702
 -34.1052 -20.7956 -13.0039 63.7751
 -34.0358 -20.8683 -13.0621 63.851
 -33.9611 -20.8939 -13.1746 63.9253
 -33.728 -21.0589 -13.447 64.0006
 -33.1917 -21.4462 -14.0743 64.0758
 -32.3251 -22.2032 -14.9813 64.1503
 -31.565 -23.0345 -15.627 64.2253
 -31.0086 -23.6691 -16.0789 64.3005
 -30.4034 -24.6351 -16.3245 64.3753
 -29.8015 -25.5307 -16.6401 64.4502
 -29.343 -26.0135 -17.0682 64.5258
 -28.8632 -26.4131 -17.6226 64.6017
 -28.4407 -26.6729 -18.2013 64.6768
 -28.0384 -27.0024 -18.6806 64.7501
 -27.7387 -27.2963 -18.994 64.8251
 -27.3983 -27.4138 -19.2858 64.9001
 -26.7903 -27.3446 -19.5135 64.9752
 -26.076 -27.2099 -19.6842 65.0523
 -25.6168 -27.144 -19.8337 65.1287
 -25.2005 -27.5141 -19.8189 65.2056
 -24.9414 -27.7635 -19.803 65.2817
 -24.7752 -27.9069 -19.8204 65.3666
 -24.5801 -27.9372 -20.0744 65.4426
 -24.3682 -27.8992 -20.4708 65.518
 -24.1574 -27.8265 -20.9258 65.5942
 -23.9998 -27.7641 -21.2804 65.6681
 -23.843 -27.689 -21.6565 65.7422
 -23.7489 -27.644 -21.8822 65.8163
 -23.6925 -27.6169 -22.0175 65.892
 -23.6586 -27.6007 -22.0988 65.9671
 -23.6383 -27.591 -22.1475 66.0411
 -23.6261 -27.5852 -22.1768 66.116
 -23.5904 -27.6639 -22.1734 66.19
 -23.5689 -27.7111 -22.1714 66.2649
 -23.5561 -27.7395 -22.1702 66.3397
 -23.5483 -27.7565 -22.1695 66.4141
 -23.5437 -27.7667 -22.1691 66.4892
 -23.5409 -27.7728 -22.1688 66.5645
 -23.5298 -27.8039 -22.1617 66.6437
 -23.5231 -27.8225 -22.1574 66.7193
 -23.5191 -27.8337 -22.1549 66.7944
 -23.5167 -27.8405 -22.1533 66.8695
 -23.5153 -27.8445 -22.1524 66.9441
 -23.5144 -27.8469 -22.1519 67.0197
 -23.5139 -27.8483 -22.1515 67.094
 -23.5032 -27.8429 -22.1786 67.1691
 -23.4865 -27.8334 -22.2221 67.2464
 -23.4661 -27.8214 -22.2754 67.3207
 -23.4436 -27.808 -22.3347 67.3972
 -23.4197 -27.7936 -22.3975 67.4772
 -23.3745 -27.7661 -22.517 67.5523
 -23.3166 -27.7307 -22.6706 67.6271
 -23.2512 -27.6906 -22.8447 67.703
 -23.0409 -27.6603 -23.3115 67.7795
 -22.9147 -27.6422 -23.5915 67.8561
 -22.8008 -27.7413 -23.7318 67.9316
 -22.6944 -27.9107 -23.7881 68.0075
 -22.4737 -28.1821 -23.9856 68.082
 -22.1932 -28.4194 -24.3444 68.1568
 -22.0154 -28.5894 -24.5526 68.2323
 -21.8898 -28.7467 -24.6636 68.3087
 -21.7862 -28.9239 -24.7092 68.3834
 -21.7046 -29.0516 -24.7571 68.4591
 -21.5707 -29.3433 -24.7574 68.5333
 -21.4802 -29.512 -24.7851 68.6079
 -21.4259 -29.6132 -24.8018 68.682
 -21.3933 -29.6739 -24.8118 68.757
 -21.3645 -29.738 -24.8107 68.8321
 -21.3471 -29.7765 -24.8101 68.9076
 -21.3274 -29.8273 -24.8027 68.9825
 -21.3156 -29.8578 -24.7983 69.0577
 -21.3085 -29.8761 -24.7956 69.1329
 -21.2857 -29.9425 -24.78 69.2084
 -21.2072 -30.1766 -24.7214 69.2839
 -21.0872 -30.3926 -24.6228 69.3599
 -20.6719 -30.1888 -24.3001 69.4359
 -20.1671 -29.8261 -24.0038 69.5157
 -19.7826 -29.5303 -23.7825 69.5899
 -19.5059 -29.3104 -23.6416 69.6655
 -19.309 -29.1593 -23.6402 69.7405
 -19.0203 -28.9001 -23.5064 69.8153
 -18.6208 -28.5266 -23.3125 69.8907
 -18.1978 -28.1317 -23.1636 69.9662
 -17.8214 -27.7897 -23.1414 70.0412
 -17.5644 -27.5649 -23.2116 70.1182
 -17.3895 -27.4171 -23.3093 70.1937
 -17.2548 -27.3777 -23.3816 70.2693
 -17.1533 -27.341 -23.4806 70.3434
 -17.082 -27.3125 -23.568 70.4176
 -17.029 -27.2888 -23.6482 70.4932
 -16.9972 -27.2746 -23.6964 70.5676
 -16.9781 -27.2661 -23.7253 70.6423
 -16.9666 -27.261 -23.7426 70.7165
 -16.95 -27.2859 -23.7459 70.7924
 -16.5604 -27.2149 -23.3843 70.8676
 -16.2913 -27.1357 -23.1312 70.9443
 -16.1298 -27.0882 -22.9793 71.0229
 -16.0329 -27.0597 -22.8882 71.0973
 -15.9748 -27.0426 -22.8336 71.1724
 -15.9399 -27.0324 -22.8008 71.2471
 -15.8799 -27.1383 -22.7523 71.3235
 -15.8341 -27.2299 -22.7161 71.3989
 -15.8066 -27.2848 -22.6943 71.4751
 -15.7797 -27.3113 -22.7092 71.5564
 -15.7635 -27.3271 -22.7181 71.6316
 -15.7538 -27.3367 -22.7235 71.7064
 -15.748 -27.3424 -22.7267 71.7814
 -15.7445 -27.3458 -22.7286 71.8668
 -15.7424 -27.3478 -22.7298 71.9425
 -15.7411 -27.3491 -22.7304 72.0172
 -15.6724 -27.5462 -22.6804 72.0928
 -15.3607 -28.008 -22.8777 72.1676
 -14.928 -28.7127 -23.0971 72.2446
 -14.5217 -29.3859 -23.2963 72.3194
 -14.2685 -29.8182 -23.4086 72.3969
 -14.0803 -30.0411 -23.4396 72.472
 -13.7754 -29.9855 -23.3048 72.5496
 -13.5457 -29.9089 -23.2157 72.6254
 -13.1798 -29.8216 -22.9433 72.7002
 -12.3205 -29.5155 -22.6592 72.7751
 -11.2233 -29.0724 -22.5405 72.85
 -10.3967 -28.6715 -22.6513 72.9289
 -9.86069 -28.5101 -22.724 73.0109
 -9.46812 -28.5076 -22.8233 73.0848
 -9.19182 -28.55 -22.925 73.1598
 -8.99505 -28.5906 -23.0356 73.2346
 -8.87699 -28.6149 -23.102 73.3101
 -8.74698 -28.7663 -23.1332 73.3841
 -8.5142 -29.2816 -23.0684 73.4582
 -8.21793 -29.91 -23.0538 73.535
 -8.0106 -30.338 -23.0585 73.6099
 -7.88621 -30.5948 -23.0614 73.6841
 -7.79144 -30.771 -23.0842 73.7591
 -7.70505 -30.9279 -23.1114 73.8342
 -7.64385 -31.0508 -23.1202 73.9103
 -7.60712 -31.1246 -23.1255 73.9871
 -7.57435 -31.1622 -23.1573 74.0629
 -7.44404 -31.073 -23.0652 74.138
 -7.25546 -30.9075 -22.8986 74.2132
 -7.05805 -30.7267 -22.7529 74.289
 -6.87375 -30.5553 -22.6383 74.3657
 -6.68989 -30.3776 -22.4951 74.4409
 -6.45163 -30.1396 -22.2786 74.5167
 -6.22481 -29.9149 -22.1027 74.5918
 -5.92498 -29.6107 -21.8288 74.6684
 -5.61817 -29.2961 -21.5332 74.7424
 -5.36878 -29.0438 -21.3282 74.8171
 -5.16492 -28.8357 -21.1488 74.8915
 -4.95238 -28.6162 -20.9471 74.9661
 -4.82358 -28.4486 -20.8624 75.0411
 -4.69796 -28.2675 -20.839 75.1154
 -4.60052 -28.1451 -20.8824 75.1898
 -4.54206 -28.0717 -20.9084 75.2652
 -4.50581 -27.9918 -20.9604 75.3397
 -4.48406 -27.9439 -20.9915 75.416
 -4.47101 -27.9151 -21.0103 75.4916
 -4.46318 -27.8979 -21.0215 75.5677
 -4.45848 -27.8875 -21.0282 75.6429
 -4.45566 -27.8813 -21.0322 75.7176
 -4.45397 -27.8776 -21.0347 75.7927
 -4.44195 -27.8685 -21.0649 75.8681
 -4.42375 -27.8562 -21.1117 75.9429
 -4.40185 -27.8419 -21.1686 76.0174
 -4.34097 -27.6624 -21.4634 76.0946
 -4.28273 -27.541 -21.6978 76.1696
 -4.24778 -27.4681 -21.8385 76.2448
 -4.22682 -27.4244 -21.9229 76.3204
 -4.21424 -27.3981 -21.9735 76.3956
 -4.20669 -27.3824 -22.0039 76.4712
 -4.20216 -27.373 -22.0222 76.5475
 -4.19944 -27.3673 -22.0331 76.6254
 -4.19781 -27.3639 -22.0397 76.701
 -4.18687 -27.3908 -22.036 76.7775
 -4.17035 -27.436 -22.0263 76.8532
 -4.16044 -27.4631 -22.0204 76.9284
 -4.1545 -27.4793 -22.0169 77.0041
 -4.15093 -27.4891 -22.0148 77.0797
 -4.14879 -27.4949 -22.0135 77.1536
 -10.0425 -14.9494 -22.9951 85.0877
 -10.0543 -14.9575 -22.9621 85.1623
 -10.0614 -14.9623 -22.9423 85.2374
 -10.0657 -14.9652 -22.9304 85.3137
 -10.0566 -14.9948 -22.9161 85.3888
 -10.0469 -15.117 -22.8008 85.4748
 -10.0244 -15.3574 -22.582 85.5567
 -10.027 -15.6549 -22.2516 85.6316
 -9.99846 -16.1679 -21.7544 85.7071
 -9.85475 -16.9582 -21.1984 85.7817
 -9.60245 -17.8888 -20.7197 85.8587
 -9.33105 -18.7922 -20.3162 85.9343
 -9.01831 -19.8353 -19.8639 86.0098
 -8.66221 -20.9502 -19.4382 86.0852
 -8.37553 -21.8182 -19.1308 86.1615
 -8.15167 -22.4814 -18.909 86.2382
 -7.95937 -23.1917 -18.5879 86.3182
 -7.77631 -23.9239 -18.2353 86.395
 -7.59609 -24.5637 -17.9711 86.4687
 -7.39973 -25.241 -17.7088 86.5444
 -7.10533 -26.1651 -17.4152 86.6187
 -6.7842 -27.1524 -17.1248 86.6931
 -6.47999 -28.1277 -16.8229 86.7688
 -6.19568 -29.2039 -16.4054 86.8467
 -5.86416 -30.4096 -15.9798 86.9216
 -5.52289 -31.6006 -15.6003 86.9965
 -5.27424 -32.4617 -15.3336 87.0709
 -5.1163 -33.0076 -15.1658 87.1474
 -4.97799 -33.4817 -15.0261 87.2225
 -4.869 -33.8542 -14.9189 87.2975
 -4.80709 -34.1137 -14.8183 87.3746
 -4.71836 -34.4456 -14.7111 87.449
 -4.54637 -35.0568 -14.5368 87.5272
 -4.26111 -36.0732 -14.2587 87.6022
 -3.95314 -37.187 -13.9569 87.6781
 -3.68946 -38.1525 -13.6962 87.7537
 -3.43046 -39.119 -13.4359 87.8293
 -3.16125 -40.1469 -13.1593 87.9052
 -2.89594 -41.1828 -12.8805 87.9806
 -2.59971 -42.3751 -12.5594 88.0563
 -2.33767 -43.4518 -12.2692 88.1327
 -2.09792 -44.4602 -11.9971 88.2077
 -1.85342 -45.519 -11.711 88.2836
 -1.67289 -46.525 -11.4873 88.3585
 -1.46939 -47.6943 -11.2237 88.4346
 -1.18944 -49.1894 -10.8497 88.51
 -0.947568 -50.8466 -10.4908 88.5857
 -0.793134 -52.4061 -10.2181 88.6624
 -0.585659 -54.0202 -9.86873 88.7366
 -0.448633 -55.9338 -9.54527 88.8116
 -0.436274 -57.8484 -9.33415 88.8878
 -0.44574 -59.5364 -9.15566 88.9634
 -0.363471 -61.2363 -8.85902 89.038
 -0.225711 -63.0083 -8.47299 89.1126
 -0.0658028 -64.7948 -8.04077 89.1874
 0.0705447 -66.2768 -7.66754 89.2622
 0.178935 -67.4502 -7.36452 89.3366
 0.28035 -68.5656 -7.06815 89.4112
 0.119101 -69.7967 -7.02401 89.487
 -0.105418 -70.913 -7.06109 89.562
 -0.226378 -71.7731 -7.03014 89.6367
 -0.268869 -72.7341 -6.88714 89.7112
 -0.263435 -73.8202 -6.65858 89.7863
 -0.234547 -74.9505 -6.38709 89.8612
 -0.190793 -76.2044 -6.0623 89.9365
 -0.142878 -77.534 -5.70481 90.0111
 -0.0914494 -78.8195 -5.42995 90.0858
 -0.170063 -79.9147 -5.34483 90.1609
 -0.364364 -80.9037 -5.49635 90.2365
 -0.339628 -81.4674 -6.04064 90.3113
 -0.119823 -81.7232 -6.76442 90.387
 0.344793 -81.7397 -7.85395 90.4628
 1.24604 -81.4817 -9.77047 90.5388
 2.15304 -81.3591 -11.6169 90.6157
 2.72297 -81.6357 -12.6521 90.6916
 3.08896 -82.1521 -13.2 90.768
 3.573 -82.4725 -14.0435 90.8429
 4.33934 -82.5713 -15.5345 90.9182
 4.82214 -82.9498 -16.3646 90.9929
 5.14031 -83.2293 -16.9025 91.0691
 5.45287 -83.4039 -17.4706 91.143
 5.64784 -83.8025 -17.7266 91.2173
 5.76773 -84.1724 -17.8424 91.2915
 5.84585 -84.7213 -17.8173 91.3687
 5.89046 -85.1116 -17.7056 91.4446
 5.92828 -85.4004 -17.5714 91.5214
 5.95274 -85.7046 -17.4529 91.5971
 6.11033 -85.914 -17.2302 91.6726
 6.42531 -86.1297 -16.7237 91.7485
 6.65365 -86.2807 -16.2073 91.8227
 6.8141 -86.3539 -15.8785 91.8974
 6.93379 -86.3803 -15.6622 91.9719
 7.28624 -86.1859 -15.3035 92.047
 7.59102 -85.9989 -15.0118 92.1222
 7.77388 -85.8868 -14.8368 92.1972
 7.8836 -85.8194 -14.7319 92.2721
 7.97275 -85.7615 -14.6497 92.3476
 8.21119 -85.487 -14.4759 92.4223
 8.37605 -85.2059 -14.381 92.4972
 8.47497 -85.0373 -14.324 92.5722
 8.5322 -84.8045 -14.3279 92.6482
 8.72038 -84.1465 -14.3098 92.7257
 8.93524 -83.5098 -14.2989 92.8072
 9.12122 -82.6806 -14.3481 92.8818
 9.42555 -81.6615 -14.3079 92.9568
 9.64559 -80.8177 -14.3017 93.0325
 9.77184 -80.1804 -14.3355 93.1091
 9.8238 -79.3075 -14.4962 93.1858
 9.82967 -78.3269 -14.7232 93.2606
 9.81124 -77.3802 -14.9616 93.3363
 9.79599 -76.747 -15.1233 93.4124
 9.78684 -76.3671 -15.2202 93.488
 9.77279 -76.0091 -15.3155 93.5625
 9.80497 -75.693 -15.3526 93.6417
 9.82428 -75.5034 -15.3749 93.7175
 9.92571 -75.3172 -15.311 93.7919
 10.1211 -75.0968 -15.1568 93.8675
 10.3056 -74.9101 -15.0063 93.9424
 10.4162 -74.7981 -14.916 94.0167
 10.505 -74.7127 -14.8424 94.091
 10.737 -74.5159 -14.6433 94.1667
 10.9654 -74.3249 -14.4462 94.2417
 11.2582 -74.0824 -14.1919 94.3159
 11.5449 -73.8454 -13.9421 94.3927
 11.9491 -73.5405 -13.5388 94.4675
 12.6372 -73.0539 -12.8867 94.5447
 13.4685 -72.4416 -12.1123 94.6192
 14.0979 -71.9623 -11.5292 94.6948
 14.4755 -71.6747 -11.1793 94.7693
 14.7178 -71.6987 -10.9136 94.8448
 14.857 -72.0216 -10.6112 94.9215
 14.8734 -72.3144 -10.2634 94.9961
 14.7844 -72.5696 -9.83878 95.0714
 14.6842 -72.9134 -9.4195 95.1468
 14.653 -73.0891 -9.09892 95.2235
 15.0459 -72.8396 -8.52968 95.2988
 15.5199 -72.7203 -7.87426 95.3749
 15.8349 -72.999 -7.32862 95.4515
 16.1997 -73.3195 -6.7276 95.5287
 16.7061 -73.3989 -6.06917 95.6058
 17.1192 -73.3851 -5.56441 95.6819
 17.3518 -73.3835 -5.23209 95.7576
 17.4914 -73.3826 -5.0327 95.8325
 17.6842 -73.3204 -4.80323 95.9078
 17.9574 -73.2828 -4.4871 95.9959
 18.325 -73.288 -4.05951 96.069
 18.9953 -73.3413 -3.27575 96.1442
 19.828 -73.5421 -2.26797 96.2183
 20.4843 -74.1823 -1.3604 96.2942
 20.8966 -75.0356 -0.682258 96.37
 21.0732 -75.8828 -0.0422145 96.4448
 21.0483 -76.6269 0.762933 96.5204
 20.8672 -77.1412 1.72662 96.5957
 20.6782 -77.5053 2.69762 96.6711
 20.6278 -77.6218 3.56923 96.7451
 20.4839 -77.7241 4.34553 96.8203
 20.2319 -78.0514 5.15886 96.8959
 19.9641 -78.4942 5.90683 96.9682
 19.7868 -78.7998 6.39408 97.0431
 19.6118 -79.0086 6.80214 97.1181
 19.4043 -79.2392 7.23936 97.1941
 19.3336 -79.2297 8.0161 97.2694
 19.2161 -79.2036 8.82351 97.3456
 18.9346 -79.263 9.65249 97.4208
 18.7481 -79.3049 10.1785 97.4976
 18.6009 -79.3424 10.5515 97.5734
 18.6421 -79.2105 11.0468 97.6492
 18.6432 -79.0784 11.6476 97.7247
 18.4288 -79.0732 12.3507 97.8017
 17.9933 -79.1741 13.2562 97.8802
 17.6957 -79.2468 13.8563 97.956
 17.5171 -79.2904 14.2163 98.0281
 17.4099 -79.3166 14.4323 98.1061
 17.4469 -79.2228 14.7145 98.1806
 17.5151 -79.075 15.1217 98.2555
 17.4725 -78.9371 15.8021 98.3275
 17.1731 -78.8912 16.8295 98.4023
 16.6941 -78.9588 17.8953 98.4778
 16.275 -79.0407 18.7309 98.5521
 16.0456 -78.9629 19.6435 98.6268
 15.9848 -78.7306 20.665 98.7014
 16.0034 -78.4376 21.6822 98.7774
 15.8794 -78.3028 22.4872 98.8536
 16.0117 -78.0072 23.201 98.9281
 16.5936 -77.2997 24.1978 99.0031
 17.6204 -76.1406 25.5798 99.0778
 18.5076 -75.1446 26.7283 99.1532
 19.0578 -74.527 27.4387 99.2282
 19.444 -74.1102 27.8799 99.3032
 19.962 -73.5376 28.4863 99.3783
 20.8409 -72.5582 29.4875 99.4532
 21.8205 -71.4373 30.649 99.5291
 22.4256 -70.7442 31.3674 99.6049
 22.8231 -70.287 31.8418 99.681
 23.2505 -69.7855 32.3645 99.7564
 23.6302 -69.3542 32.7805 99.831
 24.0637 -69.0342 32.7512 99.9057
 24.8749 -68.6748 31.9771 99.9813
 25.9258 -68.2831 30.7226 100.06
 26.7162 -67.9973 29.743 100.139
 27.1904 -67.8258 29.1553 100.214
 27.7928 -67.6206 28.3477 100.289
 28.5584 -67.2898 27.5148 100.364
 29.1594 -66.9238 27.1888 100.439
 29.8606 -66.3482 27.2556 100.514
 30.8689 -65.6391 26.9615 100.589
 31.8383 -65.0293 26.44 100.664
 32.4395 -64.6568 26.0981 100.74
 32.9231 -64.2845 26.0461 100.816
 33.5096 -63.6985 26.3874 100.89
 34.1717 -62.9609 26.988 100.966
 34.8757 -62.1302 27.7454 101.04
 35.6347 -61.1979 28.6424 101.118
 36.1902 -60.5079 29.3138 101.196
 36.6232 -59.9629 29.8498 101.27
 37.196 -59.2199 30.5943 101.345
 37.7191 -58.532 31.2864 101.42
 38.1302 -57.9869 31.8358 101.494
 38.5861 -57.3724 32.4564 101.572
 38.919 -56.8996 32.9697 101.647
 39.1188 -56.6159 33.2777 101.723
 39.2387 -56.4457 33.4625 101.798
 39.3584 -56.2769 33.6406 101.873
 39.5303 -56.0577 33.8309 101.947
 39.7285 -55.7925 34.0798 102.022
 40.0048 -55.4102 34.4542 102.098
 40.3112 -54.9794 34.8816 102.176
 40.5883 -54.5863 35.2734 102.252
 40.8218 -54.2761 35.5473 102.328
 41.0853 -53.91 35.8925 102.403
 41.3531 -53.5138 36.1971 102.479
 41.5749 -53.1857 36.4705 102.555
 41.8902 -52.7172 36.9066 102.63
 42.1848 -52.2773 37.3273 102.706
 42.4516 -51.8769 37.716 102.783
 42.8641 -51.2488 38.3365 102.858
 43.346 -50.5053 39.074 102.932
 43.7222 -49.9212 39.6538 103.007
 43.948 -49.5707 40.0017 103.081
 44.1412 -49.2683 40.302 103.157
 44.3147 -48.9947 40.5738 103.233
 44.5049 -48.692 40.8744 103.308
 44.9725 -47.9308 41.6292 103.382
 45.6667 -46.7732 42.7743 103.458
 46.1511 -45.9613 43.577 103.532
 46.4688 -45.4271 44.105 103.609
 46.767 -44.9184 44.607 103.684
 47.0394 -44.4481 45.0706 103.76
 47.2958 -44.0006 45.5112 103.837
 47.5155 -43.6138 45.8917 103.912
 47.7651 -43.1683 46.3294 103.988
 48.1125 -42.4512 46.9466 104.065
 48.3975 -41.5294 47.4544 104.14
 48.617 -40.5325 47.8503 104.217
 48.7533 -39.7483 48.0984 104.298
 48.8587 -39.1255 48.1533 104.373
 49.2951 -38.6297 47.6945 104.449
 50.2296 -38.1075 46.5169 104.525
 51.0907 -37.6918 45.4003 104.6
 51.6329 -37.3943 44.7773 104.675
 52.1106 -37.0484 44.3414 104.75
 52.8483 -36.5469 43.7439 104.826
 53.5241 -36.066 43.2668 104.903
 54.0185 -35.7068 42.9388 104.979
 54.5643 -35.3443 42.5166 105.054
 55.3266 -34.6547 41.6454 105.129
 55.9596 -34.0988 41.038 105.203
 56.4923 -33.6356 40.4161 105.279
 57.3307 -33.0154 39.3122 105.355
 58.2283 -32.3583 38.3629 105.429
 58.8201 -31.9243 37.7565 105.503
 59.2928 -31.5023 37.4743 105.578
 59.7805 -30.8404 37.6212 105.654
 60.3961 -29.8049 38.3277 105.729
 60.892 -28.8777 39.0048 105.804
 61.1872 -28.2275 39.4167 105.878
 61.4003 -27.7633 39.7354 105.954
 61.6356 -27.262 40.1418 106.032
 61.7529 -26.6104 40.3843 106.107
 61.8945 -25.4575 40.7558 106.182
 62.2901 -23.9731 41.6578 106.267
 62.7453 -22.5804 42.6816 106.344
 63.0932 -21.5686 43.4651 106.419
 63.2938 -20.927 43.9261 106.495
 63.4172 -20.2094 44.2694 106.57
 63.6046 -19.2277 44.7937 106.645
 63.8666 -17.9251 45.5401 106.72
 63.9316 -16.2884 46.0116 106.796
 63.8792 -14.7259 46.2661 106.871
 63.7528 -13.3281 46.3596 106.949
 63.6271 -12.081 46.4326 107.025
 63.6478 -11.108 46.2199 107.1
 63.9188 -10.3124 45.641 107.174
 64.3371 -9.54705 44.7924 107.25
 64.6172 -8.73514 44.0191 107.325
 64.8004 -7.78627 43.233 107.4
 64.925 -6.90691 42.5363 107.475
 65.0018 -6.03587 41.8839 107.549
 65.1226 -5.33066 41.2722 107.624
 65.4336 -4.61939 40.3984 107.698
 65.8852 -3.92981 39.3436 107.773
 66.3636 -3.35232 38.3206 107.848
 66.9168 -2.89298 37.2714 107.923
 67.3794 -2.36842 36.2847 107.998
 67.8695 -1.40696 36.2759 108.073
 68.6675 0.663364 37.7101 108.148
 69.3389 2.52834 39.1697 108.223
 69.7954 3.7311 39.9681 108.31
 70.1149 4.51053 40.3448 108.387
 70.4875 5.20934 40.1603 108.462
 70.9589 5.85078 39.5529 108.537
 71.2431 6.33673 39.1642 108.612
 71.545 6.80188 38.6214 108.686
 71.8876 7.2293 37.9628 108.761
 72.2269 7.70107 37.2162 108.837
 72.5413 8.03314 36.5784 108.914
 73.0463 8.41312 35.6158 108.99
 73.6026 8.75598 34.5926 109.065
 73.9447 8.98766 34.0038 109.14
 74.1586 9.31092 33.5441 109.216
 74.3135 9.75446 33.0228 109.292
 74.4806 10.2531 32.4093 109.368
 74.7686 10.7594 31.5975 109.443
 75.0012 11.3705 30.7583 109.517
 75.3289 12.2131 29.7428 109.593
 75.5878 13.333 28.5481 109.668
 75.6851 14.3638 27.7706 109.744
 75.7362 15.3634 27.0217 109.819
 75.9673 16.3694 25.9494 109.893
 76.4796 17.2492 24.5961 109.968
 76.9716 17.9383 23.5323 110.043
 77.5477 18.6935 22.6954 110.118
 78.1431 19.6897 22.4798 110.194
 78.9493 21.572 23.7347 110.27
 79.7177 23.608 25.4595 110.348
 80.2683 25.1988 26.8567 110.428
 80.6545 26.3911 27.9284 110.503
 80.9271 27.2205 28.6423 110.581
 81.2276 27.9975 29.1403 110.656
 81.799 29.0356 29.2636 110.732
 82.2263 29.9852 29.6178 110.807
 82.5536 30.9006 30.1702 110.883
 82.8229 31.8227 30.8683 110.958
 83.0826 32.9098 31.8122 111.034
 83.2709 33.7901 32.521 111.112
 83.7012 34.5137 32.2787 111.188
 84.5469 35.2413 30.9402 111.263
 85.4201 35.8656 29.3699 111.339
 86.1473 36.3463 27.9926 111.414
 86.6921 36.6919 26.9313 111.49
 87.1268 36.9565 26.0594 111.566
 87.7965 37.336 24.6259 111.647
 88.4682 37.6702 23.1989 111.722
 88.9477 37.8709 22.2157 111.797
 89.7264 37.9269 20.8791 111.872
 90.8621 37.962 18.924 111.948
 91.7489 37.9753 17.399 112.025
 92.3082 37.9997 16.4153 112.101
 92.8784 38.1132 15.2821 112.176
 93.6898 37.945 14.0507 112.251
 94.3946 37.6724 13.131 112.326
 94.8796 37.4597 12.5274 112.407
 95.4053 37.1271 11.9929 112.481
 96.1337 36.6157 11.3005 112.556
 96.9163 35.9547 10.6869 112.631
 97.6175 35.2195 10.312 112.706
 98.0987 34.7288 10.0351 112.781
 98.4003 34.4427 9.83407 112.855
 98.5812 34.271 9.71345 112.928
 98.7153 34.1846 9.57127 113.002
 98.9098 34.2076 9.17147 113.077
 99.2139 34.3459 8.40634 113.152
 99.4211 34.4456 7.87713 113.228
 99.5453 34.5053 7.5596 113.304
 99.6796 34.7517 7.5819 113.379
 99.7675 34.9258 7.62191 113.454
 99.845 35.0468 7.57577 113.529
 99.907 35.2604 6.95086 113.605
 99.9442 35.5048 6.08277 113.68
 99.9665 35.6776 5.58858 113.755
 99.9799 35.8975 4.79775 113.828
 99.9879 36.1872 3.65052 113.904
 99.9928 36.3776 2.89125 113.979
 99.9957 36.5832 2.0451 114.054
 99.9974 36.7979 1.14612 114.129
 99.9984 36.9434 0.535515 114.204
 99.9991 38.0776 1.24121 114.28
 99.9994 40.0204 2.96 114.358
 99.9997 41.3407 3.58245 114.434
 99.9998 42.3431 3.02849 114.511
 99.9999 43.1466 1.80065 114.586
 99.9999 43.8145 0.236974 114.659
 100 44.3929 -1.49504 114.736
 100 44.9013 -3.25823 114.812
 100 45.4644 -5.47905 114.889
 100 46.0359 -7.87016 114.963
 100 46.5076 -9.89078 115.038
 100 46.8308 -11.2865 115.113
 100 46.9914 -12.5285 115.188
 100 46.7934 -13.3298 115.264
 100 46.4343 -13.985 115.341
 100 46.1929 -14.5435 115.417
 100 46.0562 -14.9153 115.492
 100 45.9956 -15.5243 115.567
 100 45.7143 -16.2004 115.642
 100 45.3696 -16.798 115.717
 100 45.1196 -17.2479 115.793
 100 44.8334 -17.7552 115.868
 100 44.5604 -18.1688 115.943
 100 44.2443 -18.5804 116.018
 100 43.7685 -19.0904 116.095
 100 43.2514 -19.4684 116.17
 100 42.7378 -19.9123 116.247
 100 42.2051 -20.2865 116.323
 100 41.5514 -20.6906 116.399
 100 40.8726 -21.1937 116.48
 100 40.2721 -21.7493 116.555
 100 39.9027 -22.3212 116.627
 100 39.7817 -23.1086 116.7
 100 39.7174 -23.6181 116.774
 100 39.6956 -23.9979 116.849
 100 39.7412 -24.4853 116.923
 100 39.7596 -25.1553 116.998
 100 39.7706 -25.5573 117.074
 100 39.7517 -25.9636 117.148
 100 39.6644 -26.4264 117.224
 100 39.5529 -26.9972 117.299
 100 39.5176 -27.6251 117.373
 100 39.2863 -28.3174 117.448
 100 38.879 -29.2028 117.523
 100 38.4419 -29.9849 117.598
 100 37.7702 -31.1201 117.673
 100 37.075 -32.1572 117.748
 100 36.5094 -33.2154 117.824
 100 35.5844 -35.0758 117.9
 100 34.8479 -36.4775 117.988
 100 34.406 -37.3185 118.063
 100 34.1409 -37.823 118.138
 100 33.9496 -38.2532 118.213
 100 33.6129 -38.8863 118.289
 100 33.1575 -39.7679 118.365
 100 32.8029 -40.4764 118.44
 100 32.412 -41.3241 118.517
 100 31.9259 -42.3331 118.593
 100 31.5289 -43.1437 118.668
 100 31.1631 -43.9996 118.744
 100 30.7027 -45.0499 118.819
 100 30.1801 -46.317 118.896
 100 29.765 -47.4202 118.972
 100 29.2561 -48.7816 119.048
 100 28.7438 -50.006 119.122
 100 28.2603 -51.0211 119.197
 100 27.755 -51.9992 119.274
 100 27.1703 -52.93 119.352
 100 26.5718 -53.844 119.427
 100 26.0957 -54.6579 119.502
 100 25.7079 -55.3486 119.579
 100 25.3882 -55.9021 119.653
 100 25.0611 -56.4239 119.728
 100 24.7298 -56.9264 119.803
 100 24.3386 -57.4299 119.879
 100 24.0026 -57.9334 119.953
 100 23.6998 -58.4368 120.028
 100 23.3597 -58.9526 120.103
 100 23.0359 -59.3876 120.179
 100 22.6741 -59.8241 120.254
 100 22.2896 -60.2612 120.329
 100 21.8353 -60.7133 120.405
 100 21.3392 -61.1741 120.481
 99.8716 20.7946 -61.6645 120.557
 99.7475 20.0581 -62.1223 120.637
 99.7464 19.3728 -62.3864 120.712
 99.7128 18.632 -62.668 120.788
 99.7115 17.5904 -62.9732 120.864
 99.7243 16.2548 -63.3203 120.94
 99.7772 14.8462 -63.6274 121.016
 99.8584 13.7892 -63.8097 121.093
 99.915 12.9573 -63.8578 121.169
 99.949 12.1284 -63.784 121.244
 99.9694 11.2013 -63.6059 121.32
 99.9816 10.508 -63.5518 121.395
 99.989 10.0257 -63.4986 121.472
 99.9934 9.56073 -63.3775 121.547
 99.996 8.85543 -63.2988 121.621
 99.9976 7.69148 -63.2075 121.697
 99.9986 6.24995 -63.102 121.772
 99.9991 4.73789 -63.1173 121.847
 99.9995 3.35411 -63.1633 121.922
 99.9997 2.30565 -63.2799 121.997
 99.9998 1.59602 -63.3875 122.073
 99.9999 1.01223 -63.431 122.148
 99.9999 0.225676 -63.6341 122.222
 100 -1.16023 -64.3765 122.297
 100 -2.61076 -65.0935 122.373
 100 -3.92173 -65.4764 122.449
 100 -5.41373 -65.7916 122.525
 99.8811 -7.11111 -66.3443 122.6
 99.6283 -8.42852 -66.8894 122.683
 99.4346 -9.26517 -67.2635 122.757
 99.2691 -9.8703 -67.5474 122.832
 99.1342 -10.3704 -67.7663 122.908
 99.1224 -10.84 -67.8427 122.985
 99.043 -11.3958 -67.9851 123.061
 98.9144 -12.0603 -68.1792 123.147
 98.7038 -12.8927 -68.4627 123.223
 98.4597 -13.9508 -68.7889 123.299
 98.1744 -15.0189 -69.1498 123.375
 97.9499 -16.0015 -69.4382 123.449
 97.6499 -17.0468 -69.7981 123.525
 97.2125 -18.2203 -70.2917 123.599
 96.7833 -19.1403 -70.76 123.675
 96.255 -19.9642 -71.3155 123.75
 95.6572 -20.8776 -71.934 123.825
 94.9732 -22.1614 -72.6343 123.899
 94.3926 -23.4183 -73.2233 123.974
 93.7534 -24.6797 -73.8574 124.05
 93.0156 -26.0438 -74.5723 124.126
 92.2749 -27.1857 -75.2798 124.211
 91.5302 -28.1935 -75.9816 124.285
 90.9352 -29.203 -76.5331 124.359
 90.5723 -30.1719 -76.8601 124.434
 90.4712 -31.4042 -76.9254 124.51
 90.6278 -32.8334 -76.7309 124.585
 90.8035 -34.0587 -76.5188 124.661
 90.9539 -35.1494 -76.3294 124.737
 91.0832 -36.2512 -76.1515 124.811
 91.2318 -37.1551 -75.9616 124.886
 91.3116 -37.8804 -75.8439 124.961
 91.4339 -38.6852 -75.6758 125.036
 91.5951 -39.4813 -75.4671 125.112
 91.7305 -40.0984 -75.2938 125.187
 91.7964 -40.5254 -75.1997 125.264
 91.836 -40.7816 -75.1432 125.338
 91.9455 -41.2492 -75.0009 125.414
 92.0395 -41.6345 -74.8792 125.49
 92.1389 -42.0642 -74.6721 125.564
 92.2706 -42.6138 -74.4139 125.64
 92.2014 -43.2021 -74.3757 125.716
 92.0377 -43.9184 -74.4325 125.792
 91.7967 -45.0466 -74.4518 125.867
 91.6252 -46.266 -74.3876 125.943
 91.4918 -47.4973 -74.1286 126.019
 91.3314 -48.4409 -73.986 126.095
 91.2168 -49.2633 -73.7717 126.17
 91.0843 -49.9047 -73.6464 126.245
 91.0156 -50.3844 -73.4731 126.321
 91.01 -51.0045 -73.0256 126.396
 91.1201 -52.0384 -72.362 126.471
 91.2117 -53.0043 -71.5839 126.545
 91.1793 -54.1412 -70.9986 126.619
 91.1545 -55.0715 -70.4601 126.706
 91.1485 -55.8329 -69.9044 126.781
 91.1424 -56.4696 -69.3145 126.855
 91.1519 -57.0906 -68.7156 126.931
 91.1923 -57.9048 -67.9753 127.006
 91.256 -58.8112 -67.2229 127.082
 91.3623 -59.8921 -66.4846 127.156
 91.4237 -60.6489 -65.9075 127.232
 91.4709 -61.4268 -65.2546 127.309
 91.5123 -62.2055 -64.5925 127.383
 91.5226 -62.9014 -63.8911 127.459
 91.4947 -63.7764 -62.8626 127.533
 91.4302 -64.9993 -61.3952 127.609
 91.3928 -65.8654 -60.4044 127.686
 91.3703 -66.385 -59.8099 127.763
 91.3611 -66.7329 -59.4404 127.838
 91.3642 -67.0138 -59.1931 127.914
 91.3651 -67.4954 -58.7754 127.991
 91.3628 -68.3147 -58.0835 128.067
 91.3274 -68.9728 -57.5438 128.143
 91.191 -69.6218 -57.275 128.219
 91.0157 -70.2071 -57.1603 128.293
 90.7415 -70.8558 -57.1887 128.368
 90.3117 -71.7377 -57.3483 128.443
 89.9079 -72.6266 -57.4572 128.518
 89.6087 -73.3364 -57.4542 128.592
 89.3179 -74.0667 -57.3644 128.668
 89.1096 -74.7713 -56.9955 128.749
 88.9276 -75.4967 -56.3526 128.824
 88.7383 -76.3069 -55.4262 128.898
 88.5771 -77.049 -54.4068 128.972
 88.5349 -77.6631 -53.2477 129.048
 88.5062 -78.094 -52.3766 129.123
 88.5694 -78.4366 -51.4618 129.198
 88.6635 -78.8116 -50.275 129.273
 88.7754 -79.0835 -49 129.349
 88.8637 -79.373 -47.8862 129.433
 89.1464 -79.4881 -46.3675 129.509
 89.7609 -79.2363 -44.3128 129.583
 90.1733 -79.0657 -42.7841 129.658
 90.4186 -78.9886 -41.5227 129.732
 90.5071 -79.036 -40.1212 129.809
 90.491 -79.2176 -39.0109 129.884
 90.4659 -79.5699 -38.1991 129.961
 90.3739 -80.2404 -37.3071 130.038
 90.2888 -80.824 -36.617 130.113
 90.2061 -81.245 -36.0861 130.188
 90.0824 -81.7241 -35.4741 130.264
 90.0084 -82.0485 -35.0942 130.34
 89.9318 -82.3877 -34.7243 130.416
 89.7755 -82.9623 -34.0677 130.493
 89.6074 -83.5336 -33.2004 130.568
 89.4148 -84.0027 -32.3916 130.644
 89.2291 -84.425 -31.6744 130.719
 88.9775 -84.8853 -30.7161 130.794
 88.6363 -85.3371 -29.4125 130.868
 88.5194 -85.5286 -28.2406 130.945
 88.5231 -85.5747 -27.2035 131.019
 88.7053 -85.4295 -25.8359 131.094
 89.0975 -85.0661 -24.2173 131.169
 89.8844 -84.3266 -22.7471 131.246
 90.5706 -83.6778 -21.669 131.321
 91.0297 -83.2429 -20.9786 131.397
 91.6566 -82.6375 -20.1468 131.476
 92.3306 -81.9725 -19.1829 131.552
 93.0378 -81.1993 -18.3431 131.627
 93.6953 -80.2063 -17.715 131.702
 94.3651 -79.0345 -17.1687 131.777
 94.993 -77.8383 -16.7026 131.852
 95.6831 -76.6077 -16.1709 131.929
 96.2311 -75.7287 -15.7182 132.005
 96.6704 -75.0097 -15.3586 132.085
 97.1107 -74.3531 -14.9759 132.166
 97.2569 -74.039 -14.292 132.242
 97.2323 -73.8665 -12.8409 132.316
 97.704 -73.0822 -10.1888 132.392
 98.0122 -72.4923 -7.8757 132.468
 98.1971 -72.1383 -6.48785 132.544
 98.4122 -71.7687 -5.55331 132.621
 98.6241 -71.4136 -4.91329 132.696
 98.778 -71.1626 -4.45017 132.771
 98.8553 -71.0223 -4.13854 132.845
 98.8194 -70.9541 -3.48992 132.921
 98.7336 -70.9045 -2.61698 132.997
 98.6721 -70.8709 -2.00326 133.072
 98.7068 -70.7503 -1.45416 133.147
 98.8074 -70.5168 -0.628455 133.222
 98.8438 -70.336 0.249198 133.297
 98.8746 -70.1991 0.888409 133.372
 98.7515 -70.1599 1.83166 133.447
 98.6817 -70.1221 2.45385 133.522
 98.6078 -70.1193 2.89398 133.597
 98.5635 -70.1176 3.15807 133.671
 98.5209 -70.1266 3.34992 133.747
 98.4953 -70.132 3.46503 133.822
 98.48 -70.1352 3.53409 133.897
 98.4708 -70.1372 3.57553 133.972
 98.4653 -70.1383 3.6004 134.047
 98.462 -70.139 3.61532 134.123
 98.46 -70.1394 3.62427 134.198
 98.4588 -70.1397 3.62964 134.274
 98.4581 -70.1398 3.63286 134.349
 98.4576 -70.1399 3.63479 134.425
 98.4574 -70.14 3.63595 134.613
