 -100 -1.02071 0.620544 38.9289
 -100 -1.01072 0.581522 39.0059
 -100 -1.00019 0.540407 39.0836
 -100 -0.984801 0.48032 39.1654
 -100 -0.966492 0.408827 39.2406
 -100 -0.968696 0.35312 39.3162
 -100 -0.835018 0.430771 39.391
 -100 -0.903839 0.668189 39.466
 -100 -1.59036 0.990959 39.5412
 -100 -3.25845 1.53563 39.6172
 -99.9101 -5.17131 1.91484 39.6919
 -99.6777 -6.38545 1.90651 39.7669
 -99.1046 -6.613 2.18896 39.8422
 -97.7221 -6.21664 3.01607 39.9178
 -96.2314 -5.98496 3.19141 39.9932
 -95.2602 -5.89991 3.22442 40.0682
 -94.6774 -5.84888 3.24423 40.1444
 -94.3198 -5.83754 3.26154 40.2201
 -94.0386 -5.91339 3.24265 40.2953
 -93.6382 -5.91051 2.81313 40.3709
 -93.3619 -5.8902 2.47956 40.446
 -93.1962 -5.87801 2.27942 40.5212
 -93.0877 -5.86605 2.14035 40.5965
 -92.9477 -5.96134 2.03228 40.6721
 -92.6018 -6.07185 1.59084 40.7477
 -92.1467 -6.07982 0.861669 40.8227
 -91.8573 -6.12374 0.434841 40.8977
 -91.6837 -6.15009 0.178743 40.9735
 -91.5714 -6.18547 0.0304232 41.05
 -91.4716 -6.28506 -0.037202 41.1256
 -91.3064 -6.60005 -0.00816546 41.2018
 -91.0998 -6.97208 0.00495132 41.2772
 -90.9678 -7.21503 0.0181972 41.3537
 -90.8565 -7.43978 0.0476635 41.4284
 -90.6597 -7.84253 0.102077 41.5027
 -90.3995 -8.2751 0.077666 41.5767
 -90.0666 -8.56465 0.141072 41.6527
 -89.8327 -8.76909 0.150998 41.7278
 -89.6116 -9.06717 0.186389 41.8037
 -89.4605 -9.23682 0.168575 41.8789
 -89.3607 -9.334 0.138355 41.9542
 -89.1757 -9.21122 0.304035 42.0289
 -88.7406 -8.69814 0.751924 42.1049
 -88.2356 -8.12879 1.23984 42.1904
 -87.7408 -7.73258 1.64587 42.2659
 -87.3976 -7.48643 1.8505 42.3408
 -87.1821 -7.33396 1.95359 42.416
 -86.9874 -7.19604 2.03939 42.4906
 -86.6811 -6.84614 2.31205 42.566
 -86.4401 -6.57859 2.46 42.641
 -86.2414 -6.46414 2.50644 42.7158
 -85.9476 -6.67525 2.52013 42.7913
 -85.5723 -7.1444 2.53116 42.8705
 -85.3082 -7.40665 2.45824 42.9477
 -84.9856 -7.66994 2.29512 43.0237
 -84.3197 -7.68849 2.23304 43.0995
 -83.6242 -7.85271 2.08773 43.1751
 -82.9584 -8.30819 2.02353 43.2529
 -82.3106 -8.31005 2.13626 43.328
 -81.6203 -8.16679 2.25896 43.4033
 -81.1042 -8.17195 2.30084 43.479
 -80.7384 -8.22314 2.28215 43.5534
 -80.4084 -8.37619 2.2094 43.6276
 -80.0265 -8.68139 2.07159 43.7018
 -79.6752 -8.95681 1.87993 43.7772
 -79.2152 -8.97463 1.81884 43.8525
 -78.7683 -8.87394 1.76987 43.9277
 -78.3573 -8.89263 1.72329 44.0022
 -78.0438 -8.94776 1.62994 44.0771
 -77.799 -9.02981 1.52921 44.152
 -77.5924 -9.07542 1.37063 44.2274
 -77.3929 -9.16822 1.21561 44.3028
 -77.1846 -9.23168 0.988257 44.3781
 -77.0102 -9.27114 0.7741 44.4507
 -76.8415 -9.3919 0.63301 44.5267
 -76.6966 -9.5716 0.577632 44.6016
 -76.4705 -10.0235 0.638357 44.6769
 -76.1181 -10.1196 0.857965 44.7525
 -75.5698 -9.8153 1.04327 44.8282
 -74.8904 -9.62807 1.15092 44.903
 -74.202 -9.54369 1.12268 44.9777
 -73.6562 -9.66392 1.0532 45.0506
 -73.2666 -9.71206 0.9845 45.1256
 -72.743 -9.60664 1.06241 45.2006
 -72.0026 -9.75888 1.2459 45.2758
 -71.3333 -10.045 1.36864 45.3517
 -70.9121 -10.2337 1.42683 45.4267
 -70.6396 -10.3639 1.4463 45.5021
 -70.4431 -10.3957 1.50504 45.5778
 -70.1608 -10.1825 1.77611 45.6507
 -69.7845 -9.8107 2.05182 45.7249
 -69.3196 -9.31636 2.3035 45.7997
 -68.8495 -8.91347 2.48604 45.8752
 -68.3184 -8.65021 2.71196 45.9499
 -67.8716 -8.43132 2.83108 46.025
 -67.5491 -8.23136 2.94477 46.1004
 -67.1153 -7.84627 3.063 46.175
 -66.7889 -7.57236 3.04074 46.2506
 -66.417 -7.72823 3.05556 46.3255
 -66.0847 -7.98563 3.04884 46.4002
 -65.8853 -8.14007 3.0448 46.4749
 -65.7468 -8.27779 3.05493 46.55
 -65.3952 -8.62357 3.31979 46.6252
 -65.0405 -9.094 3.59349 46.7005
 -64.7885 -9.43912 3.75478 46.776
 -64.6052 -9.65828 3.81388 46.8522
 -64.4426 -9.81931 3.79597 46.9274
 -64.2588 -9.89757 3.78051 47.0029
 -63.6968 -9.80538 3.96278 47.0785
 -63.1277 -9.61441 4.07775 47.1527
 -62.6439 -9.47147 4.09829 47.2277
 -62.0536 -9.42086 4.12243 47.3032
 -61.2894 -9.41362 4.16714 47.3787
 -60.4042 -9.42 4.09453 47.4549
 -59.6414 -9.42635 3.94736 47.5297
 -59.1487 -9.4136 3.79119 47.6053
 -58.789 -9.45933 3.64907 47.6831
 -58.4162 -9.66387 3.48624 47.7586
 -58.0996 -9.9105 3.35944 47.834
 -57.8126 -10.1247 3.19567 47.9116
 -57.5649 -10.3016 3.02583 47.9868
 -57.3078 -10.4686 2.81308 48.0619
 -57.0876 -10.5938 2.60706 48.1373
 -56.9149 -10.7341 2.48009 48.2129
 -56.4267 -10.8387 2.57949 48.2882
 -55.6856 -11.0502 2.63681 48.3703
 -55.1625 -11.1969 2.56904 48.4455
 -54.7037 -11.3302 2.34667 48.5202
 -54.2159 -11.6227 2.07698 48.5961
 -53.7802 -11.8623 1.80229 48.6719
 -53.1941 -11.864 1.61704 48.747
 -52.5999 -11.9752 1.38235 48.822
 -52.0845 -12.0523 1.00334 48.8971
 -51.6697 -12.0478 0.564283 48.9725
 -51.3508 -12.0111 0.159469 49.0473
 -51.1013 -11.9608 -0.201403 49.1218
 -50.9051 -11.9079 -0.512421 49.1976
 -50.7276 -11.8254 -0.736066 49.272
 -50.2542 -11.3692 -0.726483 49.3471
 -49.7883 -10.9079 -0.709666 49.4237
 -49.4846 -10.6083 -0.706265 49.4992
 -49.2791 -10.417 -0.751786 49.5748
 -49.1558 -10.3022 -0.779099 49.65
 -49.0818 -10.2333 -0.795486 49.7252
 -48.7916 -9.88416 -0.585719 49.8001
 -48.338 -9.35899 -0.35175 49.8751
 -47.9819 -8.96869 -0.255219 49.9502
 -47.7343 -8.74703 -0.238453 50.025
 -47.4864 -8.71203 -0.290825 50.1008
 -47.2814 -8.72205 -0.380793 50.177
 -47.1246 -8.74063 -0.476059 50.2521
 -46.9417 -8.82569 -0.602564 50.3274
 -46.7106 -8.99371 -0.758655 50.4031
 -46.4625 -9.21767 -0.908589 50.48
 -46.1782 -9.40287 -1.16475 50.5535
 -45.8866 -9.63169 -1.39923 50.6286
 -45.4221 -9.78543 -1.60758 50.7032
 -44.8707 -9.79128 -1.76164 50.7809
 -44.2873 -9.86331 -1.97455 50.8555
 -43.7619 -10.1185 -2.18174 50.9311
 -43.3906 -10.3035 -2.366 51.0061
 -43.1338 -10.4273 -2.51879 51.0823
 -42.8664 -10.5345 -2.76185 51.1583
 -42.6382 -10.6247 -2.99244 51.233
 -42.3358 -10.8363 -3.2492 51.3082
 -42.01 -11.0712 -3.53542 51.3845
 -41.7157 -11.3134 -3.77229 51.4601
 -41.4601 -11.4788 -4.02452 51.5348
 -41.2214 -11.5327 -4.19102 51.61
 -40.8488 -11.3186 -4.22984 51.6869
 -40.4663 -11.3005 -4.29504 51.7633
 -40.1702 -11.347 -4.38846 51.8403
 -39.8711 -11.4957 -4.52842 51.9154
 -39.5913 -11.6557 -4.70997 51.9913
 -39.28 -11.8922 -4.92136 52.0665
 -38.9512 -12.2064 -5.11913 52.1428
 -38.6251 -12.6051 -5.25198 52.219
 -38.2738 -12.9486 -5.49165 52.2943
 -37.9438 -13.3088 -5.68849 52.3711
 -37.6658 -13.5143 -5.95075 52.449
 -37.4167 -13.6152 -6.20972 52.5247
 -36.8357 -13.5421 -6.34957 52.6005
 -36.2617 -13.3585 -6.48114 52.6767
 -35.8663 -13.2006 -6.57543 52.7547
 -35.629 -13.1058 -6.632 52.8306
 -35.4518 -13.0305 -6.7421 52.9091
 -35.3109 -12.967 -6.88438 52.9823
 -35.2263 -12.9289 -6.96975 53.0573
 -35.1294 -12.8815 -7.12268 53.132
 -34.9297 -12.7153 -7.2355 53.2067
 -34.5781 -12.3872 -7.32985 53.2814
 -34.2988 -12.185 -7.5074 53.3571
 -33.9873 -12.2384 -7.68735 53.4327
 -33.6224 -12.427 -7.94585 53.5075
 -33.2473 -12.6455 -8.26556 53.5827
 -32.9652 -12.7455 -8.58609 53.6575
 -32.7067 -12.852 -8.8868 53.7323
 -32.4074 -13.0277 -9.20701 53.8071
 -32.1163 -13.1673 -9.55972 53.8924
 -31.7871 -13.3893 -9.90499 53.9686
 -31.3909 -13.6682 -10.3173 54.044
 -30.8741 -13.9296 -10.7185 54.1197
 -30.2239 -13.8226 -10.957 54.1954
 -29.4721 -13.7996 -11.2027 54.2703
 -28.7466 -13.6817 -11.4421 54.3454
 -28.2071 -13.5745 -11.7454 54.4202
 -27.8277 -13.4781 -12.0594 54.4951
 -27.5224 -13.4738 -12.3328 54.5715
 -27.2397 -13.5119 -12.635 54.6469
 -26.9044 -13.6684 -12.9803 54.7225
 -26.5821 -13.7902 -13.3794 54.7982
 -26.1466 -13.7118 -13.7008 54.8741
 -25.4752 -13.4227 -13.9877 54.9489
 -24.7291 -13.0742 -14.2549 55.0229
 -24.1288 -12.7598 -14.479 55.0984
 -23.6908 -12.6247 -14.7003 55.1729
 -23.3722 -12.6105 -14.8662 55.2485
 -23.1701 -12.5955 -14.9926 55.3232
 -23.0488 -12.5864 -15.0685 55.3988
 -22.9652 -12.5744 -15.141 55.4736
 -22.915 -12.5672 -15.1845 55.5485
 -22.8849 -12.5629 -15.2106 55.6235
 -22.8669 -12.5603 -15.2262 55.6985
 -22.856 -12.5587 -15.2356 55.7733
 -22.8154 -12.6378 -15.2205 55.8482
 -22.7797 -12.7119 -15.2045 55.9232
 -22.6586 -12.8304 -15.302 55.998
 -22.4509 -13.1891 -15.3112 56.0729
 -21.7901 -13.1735 -15.2939 56.1487
 -20.6186 -13.098 -15.3258 56.2233
 -19.413 -13.1638 -15.4928 56.2984
 -18.6568 -13.1832 -15.6753 56.3748
 -18.203 -13.1949 -15.7848 56.4501
 -17.9308 -13.2019 -15.8505 56.5251
 -17.756 -13.2332 -15.8828 56.6014
 -17.5711 -13.4422 -15.8527 56.6768
 -17.4033 -13.7037 -15.7991 56.753
 -17.2122 -14.0786 -15.7101 56.8283
 -16.9295 -14.6452 -15.619 56.905
 -16.6263 -15.1094 -15.6866 56.9808
 -16.4111 -15.402 -15.7751 57.061
 -16.2265 -15.6123 -15.8966 57.1385
 -16.0714 -15.7459 -16.045 57.2142
 -15.9563 -15.8127 -16.1893 57.2892
 -15.8763 -15.846 -16.3035 57.3642
 -15.5731 -15.8684 -16.2381 57.4397
 -15.0929 -15.8054 -16.0899 57.5143
 -14.6085 -15.7647 -15.9641 57.5891
 -14.3066 -15.7335 -15.9163 57.6632
 -14.092 -15.7289 -15.9359 57.7372
 -13.8739 -15.844 -15.9949 57.8122
 -13.6983 -15.9548 -16.0713 57.8878
 -13.4932 -15.9948 -16.3325 57.9638
 -13.2504 -15.9089 -16.5539 58.0395
 -13.0072 -15.7609 -16.6958 58.1145
 -12.7308 -15.6408 -16.6471 58.1894
 -12.4394 -15.5842 -16.4954 58.2645
 -12.1714 -15.5348 -16.3894 58.3398
 -11.7881 -15.5931 -16.5171 58.4145
 -10.986 -15.4592 -16.883 58.4896
 -10.1401 -15.3586 -17.2601 58.5655
 -9.60966 -15.3541 -17.4717 58.6409
 -9.28041 -15.3445 -17.6269 58.7162
 -9.08286 -15.3387 -17.7201 58.7917
 -8.96432 -15.3352 -17.776 58.8666
 -8.89321 -15.3332 -17.8095 58.9416
 -8.79332 -15.4719 -17.793 59.0153
 -8.67642 -15.6952 -17.7465 59.0928
 -8.60627 -15.8292 -17.7186 59.1698
 -8.43344 -15.7553 -17.5506 59.2459
 -8.26811 -15.7689 -17.4372 59.3215
 -8.11361 -15.7424 -17.5107 59.3965
 -7.96541 -15.7268 -17.6608 59.4725
 -7.8545 -15.7035 -17.8075 59.553
 -7.59128 -15.4752 -17.7913 59.6291
 -7.16111 -15.0383 -17.6292 59.7046
 -6.66931 -14.5266 -17.4644 59.7805
 -6.18447 -14.0156 -17.3076 59.8557
 -5.71036 -13.4987 -17.079 59.9348
 -5.24819 -12.9905 -16.8546 60.0133
 -4.86063 -12.649 -16.6853 60.0886
 -4.61693 -12.4369 -16.6123 60.1649
 -4.44676 -12.3661 -16.5537 60.2428
 -4.24995 -12.514 -16.495 60.3176
 -4.0382 -12.7581 -16.4723 60.3903
 -3.88809 -12.9257 -16.4798 60.4651
 -3.74076 -13.0616 -16.5553 60.5392
 -3.57149 -13.2351 -16.6568 60.6143
 -3.41347 -13.3391 -16.8249 60.6902
 -3.29641 -13.3873 -16.9831 60.7655
 -3.21505 -13.4092 -17.1068 60.841
 -3.16624 -13.4222 -17.181 60.9155
 -3.13695 -13.4301 -17.2255 60.9913
 -3.11938 -13.4348 -17.2522 61.0672
 -3.07333 -13.5227 -17.2458 61.1425
 -3.02209 -13.6321 -17.2271 61.2175
 -2.99134 -13.6978 -17.2158 61.2902
 -2.97289 -13.7372 -17.209 61.3652
 -2.96182 -13.7608 -17.205 61.4404
 -2.95518 -13.775 -17.2026 61.5161
 -2.95119 -13.7835 -17.2011 61.5908
 -2.93701 -13.817 -17.1928 61.6674
 -2.9285 -13.8371 -17.1877 61.7423
 -2.92339 -13.8491 -17.1847 61.8178
 -2.90919 -13.8493 -17.2117 61.8912
 -2.90067 -13.8493 -17.2278 61.9663
 -2.89556 -13.8494 -17.2375 62.0402
 -5.01896 -14.9732 -12.1597 64.0102
 -5.05336 -14.9941 -12.0752 64.0862
 -5.074 -15.0065 -12.0245 64.1634
 -5.01768 -15.1486 -11.9847 64.2397
 -4.84782 -15.5389 -11.9058 64.3168
 -4.62124 -16.015 -11.8468 64.397
 -4.28742 -16.5908 -12.0215 64.4722
 -3.94151 -17.357 -12.3228 64.548
 -3.54943 -18.3039 -12.3738 64.6228
 -3.03792 -19.6208 -12.2044 64.6979
 -2.39095 -21.3671 -11.847 64.7703
 -1.91209 -22.6769 -11.5623 64.8455
 -1.60891 -23.4742 -11.5444 64.9203
 -1.45951 -24.8138 -11.7257 64.9951
 -1.11247 -26.8487 -11.6519 65.0694
 -0.69866 -28.8396 -11.4767 65.1444
 -0.402701 -30.3575 -11.4633 65.2205
 -0.504525 -32.1535 -11.7811 65.2972
 -0.753077 -34.109 -12.3551 65.3724
 -0.954226 -35.5016 -12.8399 65.4466
 -1.07761 -37.0252 -13.1401 65.522
 -0.793141 -39.3503 -12.9403 65.5966
 -0.353133 -41.828 -12.5545 65.6713
 0.0921898 -43.8415 -12.3657 65.7459
 0.395188 -45.6354 -12.398 65.8222
 0.431083 -47.5829 -12.5204 65.8988
 0.277766 -49.8927 -12.6942 65.9735
 0.293731 -52.0051 -12.6243 66.0498
 0.377727 -53.7049 -12.4642 66.1258
 0.489861 -55.0963 -12.2665 66.2044
 0.602192 -56.2101 -12.0713 66.2797
 0.67453 -56.9095 -11.9457 66.3546
 0.717934 -57.3291 -11.8703 66.4301
 0.758714 -57.6739 -11.7996 66.5049
 0.792941 -57.943 -11.7401 66.5808
 0.823183 -58.1665 -11.6873 66.6571
 0.889056 -58.6116 -11.5702 66.7342
 0.961191 -59.0966 -11.4401 66.8097
 1.01367 -59.4499 -11.3448 66.8846
 1.0543 -59.7243 -11.2705 66.9586
 1.07868 -59.8889 -11.2259 67.0332
 1.0933 -59.9876 -11.1992 67.1086
 1.10208 -60.0469 -11.1831 67.1832
 1.13438 -60.0698 -11.2307 67.2579
 1.30171 -60.014 -11.5746 67.3333
 1.5707 -59.8666 -12.1631 67.4076
 1.82467 -59.7333 -12.7178 67.4836
 2.02974 -59.6277 -13.166 67.5589
 2.17905 -59.5514 -13.4926 67.6341
 2.30799 -59.4864 -13.7752 67.7092
 2.47679 -59.4022 -14.1471 67.7839
 2.79808 -59.2413 -14.8628 67.8589
 3.11889 -59.0793 -15.5829 67.9353
 3.31137 -58.9821 -16.0149 68.0135
 3.43185 -58.9551 -16.2656 68.0904
 3.55509 -58.9126 -16.5324 68.1665
 3.71778 -58.8411 -16.8964 68.2422
 3.87849 -58.7651 -17.2607 68.3204
 4.04295 -58.8875 -17.5153 68.396
 4.23095 -59.3552 -17.6143 68.4714
 4.44254 -60.2957 -17.4914 68.5564
 4.61441 -61.1752 -17.3306 68.6523
 4.75678 -61.9868 -17.1554 68.7267
 4.87195 -62.6949 -16.989 68.8023
 4.96126 -63.3793 -16.7897 68.8782
 5.00594 -63.8282 -16.6322 68.9547
 5.08612 -64.0109 -16.1219 69.0289
 5.1746 -64.2872 -15.6662 69.1037
 5.24963 -64.7448 -15.2843 69.1778
 5.34707 -65.4641 -14.9313 69.253
 5.42715 -66.0865 -14.6662 69.3286
 5.49282 -66.6192 -14.4627 69.4044
 5.56974 -67.2894 -14.2427 69.4792
 5.63238 -67.8511 -14.066 69.5538
 5.67968 -68.2839 -13.9331 69.6288
 5.73206 -68.9336 -13.7169 69.704
 5.77553 -69.4515 -13.5512 69.7803
 5.79097 -69.8006 -13.4137 69.8548
 5.81486 -70.1703 -13.2863 69.9298
 5.85185 -70.6485 -13.1378 70.0047
 5.89043 -71.128 -12.9946 70.0801
 5.92944 -71.6084 -12.8544 70.1547
 5.95801 -71.9609 -12.7522 70.2311
 5.99032 -72.3653 -12.6365 70.3062
 6.01463 -72.6723 -12.549 70.3811
 6.02923 -72.8565 -12.4965 70.4569
 6.03798 -72.967 -12.465 70.5322
 6.04323 -73.0333 -12.4461 70.6073
 6.04639 -73.0731 -12.4347 70.6828
 6.04828 -73.097 -12.4279 70.7578
 6.04941 -73.1113 -12.4238 70.8335
 6.05009 -73.1199 -12.4214 70.9088
 6.0505 -73.1251 -12.4199 70.9838
 6.05075 -73.1282 -12.419 71.0595
 6.05089 -73.13 -12.4185 71.1351
 6.05098 -73.1311 -12.4182 71.2104
 6.05103 -73.1318 -12.418 71.2854
 6.05107 -73.1322 -12.4179 71.3613
 6.05108 -73.1324 -12.4178 71.4378
 6.0511 -73.1326 -12.4178 71.5138
 6.0511 -73.1327 -12.4177 71.5902
 6.05111 -73.1327 -12.4177 71.6661
 6.05111 -73.1328 -12.4177 71.7413
 6.05111 -73.1328 -12.4177 71.8174
 6.05111 -73.1328 -12.4177 71.8922
 6.05111 -73.1328 -12.4177 71.9666
 6.05111 -73.1328 -12.4177 72.0411
 6.05111 -73.1328 -12.4177 72.1185
 6.05111 -73.1328 -12.4177 72.1951
 6.06081 -73.2615 -12.3814 72.2743
 6.0909 -73.353 -12.3313 72.3488
 6.45814 -73.1196 -11.9924 72.4238
 6.98245 -72.726 -11.5177 72.4992
 7.38617 -72.4494 -11.1462 72.5749
 7.69484 -72.5207 -10.6762 72.6502
 8.1116 -73.0094 -9.96753 72.7366
 8.55622 -73.5887 -9.05353 72.8162
 9.12119 -74.1314 -7.91711 72.8912
 9.78836 -74.4372 -6.78806 72.966
 10.5444 -74.4919 -5.56304 73.0413
 11.3839 -74.4945 -4.17263 73.1159
 12.1689 -74.3544 -2.8656 73.1911
 12.8014 -74.4045 -1.68142 73.2695
 13.257 -74.5345 -0.444611 73.3449
 13.783 -74.3758 0.773857 73.4198
 14.5057 -73.87 2.08646 73.4979
 15.3993 -73.1411 3.47936 73.5749
 16.174 -72.507 4.75614 73.6538
 16.8648 -72.0674 6.03025 73.7277
 17.5337 -71.8309 7.46044 73.8025
 18.0679 -71.6194 8.66833 73.8773
 18.4539 -71.3944 9.60356 73.9523
 18.9135 -70.9512 10.7396 74.0269
 19.6279 -70.4113 12.085 74.1015
 20.3553 -70.0236 13.2719 74.1794
 21.0797 -69.9471 14.3995 74.2561
 22.1421 -69.7634 15.892 74.3308
 23.5844 -69.3078 17.8211 74.4092
 24.8599 -68.7196 19.4869 74.4839
 25.9159 -68.0373 20.8301 74.5593
 26.7857 -67.3931 21.9254 74.6353
 27.3991 -66.9367 22.6998 74.7103
 27.8745 -66.5383 23.294 74.7852
 28.4461 -65.9997 24.0062 74.8642
 29.0027 -65.4592 24.7033 74.9404
 29.5781 -65.0997 25.4695 75.0157
 30.2768 -64.8916 26.4554 75.091
 30.8507 -64.9045 27.3057 75.166
 31.251 -64.9706 27.9693 75.2406
 31.5654 -65.0279 28.483 75.3169
 31.8231 -64.9772 28.8788 75.3925
 32.1187 -64.8449 29.3104 75.4681
 32.4347 -64.6291 29.7543 75.5426
 32.8894 -64.2879 30.6818 75.618
 33.5728 -63.7371 31.815 75.6925
 34.2524 -63.2162 32.9468 75.7684
 34.6601 -62.9036 33.6259 75.8453
 34.9377 -62.6726 34.0778 75.9224
 35.1206 -62.5122 34.3711 75.9982
 35.2468 -62.3941 34.5694 76.0735
 35.4372 -62.1707 34.8439 76.1477
 35.7352 -61.8114 35.2027 76.2232
 36.1128 -61.3479 35.6348 76.2978
 36.4248 -60.9752 35.9548 76.3718
 36.7242 -60.5974 36.3033 76.4463
 37.1583 -60.0171 36.8707 76.5221
 37.5135 -59.5359 37.3457 76.5969
 37.7423 -59.225 37.6532 76.6726
 38.0831 -58.7493 38.1298 76.7469
 38.6427 -57.9495 38.9341 76.8231
 39.2974 -56.9968 39.8917 76.8985
 39.7953 -56.267 40.6249 76.9733
 40.1239 -55.7839 41.1102 77.0487
 40.5144 -55.1991 41.6966 77.1227
 41.0276 -54.4152 42.481 77.1984
 41.5744 -53.5945 43.2655 77.2739
 42.0401 -52.9667 43.7649 77.3505
 42.6176 -52.4226 43.8416 77.4251
 43.2745 -51.7941 43.9391 77.5013
 43.9734 -50.9466 44.4281 77.5769
 44.794 -49.7614 45.39 77.6518
 45.6771 -48.465 46.4364 77.7294
 46.4282 -47.3256 47.3836 77.8042
 46.9577 -46.4997 48.0914 77.8803
 47.5811 -45.7508 48.4438 77.9697
 48.6024 -44.882 48.1641 78.054
 49.8396 -43.8219 47.3273 78.129
 50.765 -42.9484 46.9482 78.2051
 51.7383 -42.0717 46.5138 78.2799
 52.9714 -40.9544 46.0567 78.3563
 54.2352 -39.7274 45.8472 78.4323
 55.1251 -38.8061 45.8277 78.5101
 55.7934 -38.0264 45.999 78.585
 56.4272 -37.1589 46.3354 78.6591
 57.0675 -36.2232 46.828 78.733
 57.6035 -35.4251 47.2783 78.8094
 58.0201 -34.7488 47.7387 78.8845
 58.3173 -34.2441 48.1102 78.9595
 58.4782 -33.8365 48.3058 79.0358
 58.5569 -33.3929 48.4017 79.1103
 58.5875 -32.7633 48.3096 79.185
 58.6881 -31.9115 48.376 79.2605
 58.8013 -30.9932 48.5526 79.3347
 58.9173 -29.9828 48.7241 79.4093
 59.1076 -28.8539 49.1171 79.4842
 59.3153 -27.4284 49.4111 79.5593
 59.4812 -26.0538 49.6692 79.6342
 59.6355 -24.6763 50.017 79.7092
 59.8095 -23.4347 50.4552 79.7851
 59.9729 -22.3245 50.8996 79.8603
 60.0764 -21.2059 51.2639 79.9356
 60.1017 -19.8509 51.5508 80.0119
 60.0464 -18.4313 51.7189 80.0875
 60.0569 -17.223 51.9155 80.1623
 60.0842 -15.97 52.2051 80.2374
 60.2946 -14.5964 52.9307 80.3099
 60.6484 -13.0784 54.0262 80.3854
 61.0846 -11.4439 55.3705 80.4629
 61.5209 -10.0065 56.5363 80.5379
 61.9147 -8.89688 57.2813 80.613
 62.2249 -8.04093 57.8714 80.6874
 62.4976 -7.21389 58.5217 80.7636
 62.7385 -6.42962 59.1838 80.838
 62.9175 -5.82792 59.7048 80.9127
 63.0318 -5.44066 60.0421 80.9875
 63.1746 -4.91927 60.517 81.0625
 63.3711 -4.15848 61.2235 81.1391
 63.6253 -3.12004 62.1943 81.2142
 63.8891 -1.99234 63.25 81.2895
 64.0937 -1.11425 63.995 81.3644
 64.3138 -0.529933 64.3492 81.4393
 64.7201 -0.0867193 64.2081 81.5148
 65.5765 0.540078 63.2288 81.5904
 66.7462 1.48744 61.546 81.6662
 67.807 2.37478 59.9203 81.7412
 68.7137 3.0435 58.5431 81.8164
 69.6229 3.57895 57.2007 81.8909
 70.7245 4.29994 55.4658 81.9659
 71.9687 4.95573 53.5636 82.0411
 73.0647 5.48525 51.8966 82.1164
 73.8855 5.86713 50.6482 82.1916
 74.3984 6.10429 49.868 82.2666
 74.767 6.27067 49.3068 82.3422
 75.2187 6.50092 48.5876 82.4171
 75.7182 6.7697 47.7725 82.4926
 76.0132 7.00692 47.2345 82.5683
 76.1942 7.49749 47.0789 82.6442
 76.2602 8.12808 47.0592 82.7195
 76.2653 8.84312 46.8427 82.7947
 76.2123 9.60025 46.5393 82.8719
 76.1229 10.4993 46.0943 82.9498
 75.9671 11.7 45.4483 83.0251
 75.7558 12.88 44.8514 83.0993
 75.635 13.904 44.2336 83.1743
 75.5908 14.8835 43.5311 83.2497
 75.5248 15.8713 42.8887 83.3257
 75.4913 16.6478 42.3985 83.4004
 75.6031 17.1706 41.8828 83.4749
 75.8704 17.6898 41.1343 83.5493
 76.1847 18.3065 40.2182 83.6253
 76.2925 19.1562 39.3622 83.7004
 76.1975 20.3093 38.4977 83.7752
 76.2627 21.2558 37.5826 83.8495
 76.48 21.9057 36.7125 83.9268
 76.8293 22.5173 35.681 84.0027
 76.9994 23.2739 34.8727 84.0801
 77.104 24.3471 34.7468 84.1554
 77.2341 25.5473 35.0513 84.2316
 77.2267 26.7248 35.1528 84.3068
 77.2017 27.9045 34.7853 84.3814
 77.1119 28.8829 34.4645 84.4564
 76.9051 30.1624 34.0995 84.5313
 76.5609 31.543 33.7536 84.6063
 76.3595 32.4788 33.4897 84.6824
 76.3736 33.1866 32.9894 84.7578
 76.3048 34.305 32.0763 84.8339
 76.1748 35.7076 30.873 84.9096
 76.1985 37.1762 29.308 84.9856
 76.4974 38.4135 27.5347 85.0627
 76.9297 39.5837 25.582 85.1427
 77.2797 40.5031 24.0099 85.2186
 77.4969 41.1428 22.9494 85.2944
 77.6717 41.5512 22.2131 85.3693
 77.8945 41.862 21.5045 85.4436
 78.1743 42.1307 20.7452 85.5199
 78.5013 42.3823 19.9212 85.5956
 78.9399 42.673 18.8558 85.6713
 79.2916 42.9847 17.8961 85.7477
 79.6774 43.4769 17.1245 85.8238
 80.1496 44.3912 16.7822 85.8988
 80.7886 45.6771 16.4804 85.9732
 81.192 46.6365 16.1568 86.0483
 81.2917 47.7344 15.502 86.1232
 81.1368 48.96 14.6991 86.1999
 80.9602 50.1088 14.1454 86.2748
 80.8673 50.942 13.8771 86.3524
 80.8305 51.4975 13.6052 86.4275
 80.9643 51.9282 13.0319 86.5024
 81.2996 52.3488 12.0024 86.5773
 81.7621 52.7713 10.6619 86.6532
 82.1858 53.1221 9.44327 86.7289
 82.5959 53.4378 8.26214 86.8037
 83.0187 53.7486 7.0329 86.8789
 83.3536 53.9917 6.05192 86.9546
 83.5891 54.1619 5.35891 87.0315
 83.7877 54.3044 4.76893 87.1066
 83.9639 54.4303 4.2406 87.193
 84.1373 54.5544 3.71418 87.2679
 84.3087 54.6773 3.18868 87.3441
 84.467 54.7914 2.69849 87.4196
 84.6502 54.9245 2.12422 87.496
 84.8689 55.0851 1.42888 87.5714
 85.139 55.2864 0.554716 87.6472
 85.4788 55.5442 -0.568971 87.7227
 85.8254 55.8117 -1.738 87.7992
 86.1829 56.0929 -2.97094 87.8746
 86.4756 56.3261 -3.99476 87.9514
 86.7188 56.5222 -4.85792 88.0266
 86.9532 56.6651 -5.61644 88.1022
 87.1599 56.8072 -6.32102 88.1784
 87.4577 56.7935 -6.95075 88.264
 87.7849 56.615 -7.3486 88.3389
 88.1166 56.5261 -7.9276 88.4137
 88.4456 56.5382 -8.69616 88.4886
 88.827 56.7141 -9.91141 88.5638
 89.2652 57.0201 -11.5417 88.6395
 89.6801 57.3558 -13.2073 88.7147
 89.9446 57.5732 -14.2791 88.7907
 90.1345 57.7357 -15.0672 88.8665
 90.2944 57.8811 -15.7577 88.9416
 90.4215 58.1102 -16.5525 89.0178
 90.6057 58.477 -17.8114 89.0925
 90.8407 58.8404 -19.2242 89.1677
 91.0153 59.0982 -20.2549 89.2432
 91.14 59.2768 -20.9832 89.3196
 91.2994 59.4872 -21.8967 89.3947
 91.4951 59.7405 -23.0327 89.4695
 91.6727 59.9717 -24.0824 89.5448
 91.8087 60.1501 -24.8964 89.6212
 91.9136 60.2887 -25.5324 89.6963
 92.0222 60.3728 -26.0529 89.7713
 92.184 60.3081 -26.3677 89.8469
 92.5586 59.907 -26.4898 89.9227
 93.2544 59.0161 -26.3808 89.9992
 94.1503 57.7716 -26.1503 90.0756
 95.0601 56.4935 -25.8628 90.1518
 95.928 55.0667 -25.6751 90.2286
 96.8472 53.1501 -25.6718 90.3035
 97.7631 50.9673 -25.7854 90.3783
 98.5521 48.6731 -26.0826 90.4548
 99.1313 46.4311 -26.4879 90.5361
 99.4788 44.432 -26.6467 90.6109
 99.6873 42.62 -26.568 90.686
 99.8124 41.1368 -26.6772 90.7611
 99.8874 39.5592 -27.4186 90.8356
 99.9324 37.7899 -28.4632 90.911
 99.9595 36.2559 -29.0213 90.9857
 99.9757 35.1402 -29.3003 91.0609
 99.9854 34.363 -29.5367 91.1361
 99.9912 33.7461 -29.8349 91.2106
 99.9947 33.0177 -30.3429 91.2861
 99.9968 32.1728 -31.0275 91.3611
 99.9981 31.5583 -31.5067 91.4373
 99.9989 31.1896 -31.7941 91.5135
 99.9993 30.7526 -32.2362 91.5886
 99.8538 29.9013 -33.157 91.664
 99.4356 28.5818 -34.4614 91.7388
 99.3955 27.0606 -35.2615 91.8142
 99.6373 25.5898 -35.5795 91.8901
 99.7824 24.3535 -35.7001 91.9677
 99.8694 23.4468 -35.8551 92.0433
 99.9217 22.7049 -36.1514 92.1196
 99.953 22.1032 -36.4466 92.1945
 99.9718 21.6185 -36.6201 92.2697
 99.9437 20.991 -36.9855 92.3445
 99.6286 20.1284 -38.3512 92.4198
 99.2978 19.407 -40.0756 92.4943
 99.1198 19.0243 -41.4309 92.5688
 99.1291 19.0559 -43.2806 92.6444
 99.219 19.29 -45.2444 92.7183
 99.3033 19.5147 -46.7575 92.7926
 99.4129 19.8276 -48.3732 92.8676
 99.5257 20.1751 -49.9773 92.9431
 99.6086 20.4399 -51.164 93.018
 99.6891 20.7211 -52.3625 93.0945
 99.7588 20.9839 -53.4562 93.1693
 99.8048 21.1605 -54.1874 93.2457
 99.8382 21.2946 -54.7387 93.3234
 99.8786 21.4788 -55.4822 93.3994
 99.9146 21.6554 -56.1912 93.4757
 99.9362 21.7613 -56.6166 93.5509
 99.9507 21.8343 -56.9095 93.6259
 99.9656 21.9158 -57.2355 93.7011
 99.9794 22.0025 -57.5815 93.7756
 99.9417 22.0014 -57.9395 93.852
 99.9025 21.9768 -58.1792 93.9269
 99.8806 21.9055 -58.3382 94.0046
 99.7338 21.671 -58.6335 94.0788
 99.584 21.2085 -58.9706 94.1552
 99.1032 20.3348 -59.7965 94.233
 98.5914 19.219 -60.6872 94.3086
 98.2325 18.2527 -61.3541 94.3836
 97.9288 17.3849 -61.921 94.4594
 97.6185 16.1909 -62.5631 94.5353
 97.4697 14.4169 -63.1618 94.6119
 97.578 12.6752 -63.4702 94.6882
 97.656 10.9421 -63.7895 94.7637
 97.6341 8.74677 -64.2828 94.8388
 97.5677 6.78325 -64.7535 94.9148
 97.6045 5.38237 -64.9977 94.9894
 97.6586 4.47534 -65.1234 95.0653
 97.7705 3.76479 -65.1468 95.1406
 97.9327 3.13866 -65.0983 95.215
 97.7951 2.48219 -65.3566 95.2902
 97.3766 1.6915 -65.9171 95.3656
 97.1126 1.04721 -66.2934 95.4398
 97.0784 0.393789 -66.4353 95.5151
 97.1657 -0.232055 -66.4468 95.5916
 97.1581 -0.677428 -66.525 95.6671
 97.0933 -1.01448 -66.6432 95.7417
 96.8276 -1.52909 -66.988 95.8168
 96.4853 -2.04669 -67.4076 95.8896
 95.8284 -2.86633 -68.1773 95.9644
 94.781 -4.12841 -69.3767 96.0405
 93.7967 -5.7136 -70.5345 96.1163
 93.18 -7.18241 -71.3074 96.1922
 92.7885 -8.23273 -71.8083 96.2694
 92.4885 -9.07756 -72.1919 96.3444
 92.2998 -9.93335 -72.4621 96.421
 92.2047 -10.8631 -72.6422 96.4961
 92.072 -11.692 -72.8447 96.573
 91.7188 -12.5178 -73.2527 96.6489
 91.3344 -13.2844 -73.6811 96.7239
 91.1071 -14.2169 -73.9662 96.7985
 91.1558 -15.3956 -73.9973 96.8743
 91.3485 -16.5994 -73.885 96.9501
 91.6343 -17.7627 -73.6742 97.0251
 91.986 -18.9366 -73.3925 97.1007
 92.4015 -20.277 -73.0453 97.1749
 92.8487 -21.628 -72.6573 97.251
 93.2022 -22.6782 -72.3456 97.3263
 93.5118 -23.6735 -72.068 97.4005
 93.7821 -24.6934 -71.8217 97.4753
 94.0844 -25.718 -71.537 97.5509
 94.5152 -27.1025 -71.0765 97.626
 94.9733 -28.5555 -70.592 97.7012
 95.346 -29.739 -70.1966 97.7759
 95.6341 -30.6572 -69.8895 97.8505
 95.9237 -31.59 -69.5766 97.9256
 96.2328 -32.6018 -69.2362 98.0017
 96.4877 -33.4642 -68.9125 98.0776
 96.6535 -34.0862 -68.5841 98.1528
 96.7908 -34.6104 -68.3029 98.2283
 96.9325 -35.2158 -67.904 98.3031
 97.0849 -35.9051 -67.4225 98.3791
 97.219 -36.5168 -67.0007 98.4545
 97.3157 -36.9655 -66.687 98.5309
 97.447 -37.5967 -66.2445 98.6056
 97.4999 -38.509 -65.8497 98.6812
 96.1461 -40.306 -67.0511 98.757
 93.9445 -42.6195 -69.0001 98.8296
 92.3462 -44.2483 -70.4086 98.9056
 91.3872 -45.2256 -71.2537 98.9808
 90.8118 -45.812 -71.7608 99.0559
 90.4665 -46.1639 -72.065 99.1315
 90.2852 -46.4802 -72.2112 99.2071
 90.2863 -47.1263 -72.1407 99.2836
 90.4185 -48.0768 -71.9027 99.3594
 90.5935 -49.07 -71.6124 99.4346
 90.8072 -50.16 -71.2652 99.5095
 91.0702 -51.4505 -70.8332 99.5839
 91.3186 -52.7575 -70.2895 99.6601
 91.5304 -53.921 -69.7648 99.7353
 91.6552 -54.8587 -69.108 99.8109
 91.7725 -55.6859 -68.3984 99.8862
 91.9071 -56.485 -67.5503 99.9609
 92.0745 -57.2455 -66.5978 100.036
 92.2684 -58.2193 -65.5286 100.111
 92.4016 -59.1147 -64.6174 100.186
 92.4933 -59.7142 -63.8915 100.261
 92.6579 -60.1561 -63.0567 100.336
 92.7882 -60.7129 -62.0752 100.411
 92.926 -61.2087 -61.1181 100.486
 93.1128 -61.4918 -60.2426 100.561
 93.243 -61.7953 -59.5136 100.637
 93.3266 -62.135 -58.8004 100.712
 93.4521 -62.3939 -58.0446 100.789
 93.6607 -62.4775 -57.1874 100.864
 93.8662 -62.5224 -56.4298 100.942
 93.9832 -62.5612 -55.9392 101.018
 94.044 -62.6921 -55.512 101.094
 94.1211 -62.9679 -54.6877 101.169
 94.3947 -63.14 -53.299 101.245
 94.6547 -63.2992 -51.8587 101.322
 94.825 -63.4318 -50.8887 101.399
 95.0268 -63.4944 -49.913 101.475
 95.1348 -63.5675 -49.1272 101.555
 95.1816 -63.7664 -48.4758 101.63
 95.2107 -64.054 -47.964 101.706
 95.1247 -64.7133 -46.9526 101.781
 94.9554 -65.4382 -45.7282 101.856
 94.8538 -65.8731 -44.9936 101.932
 94.7929 -66.1341 -44.5528 102.006
 94.7379 -66.6027 -44.0243 102.081
 94.5939 -67.5157 -42.9572 102.157
 94.4922 -68.2436 -42.1613 102.232
 94.4039 -68.7146 -41.578 102.306
 94.3355 -69.0564 -41.1451 102.382
 94.2853 -69.2729 -40.8501 102.458
 94.2552 -69.4028 -40.6731 102.536
 94.1576 -69.85 -40.2201 102.611
 94.0289 -70.4399 -39.5574 102.687
 93.9009 -70.9715 -38.9118 102.763
 93.7843 -71.4935 -38.2995 102.838
 93.6436 -72.0435 -37.6021 102.914
 93.5205 -72.6499 -36.9343 102.989
 93.4115 -73.1688 -36.3566 103.075
 93.3154 -73.5139 -35.9052 103.151
 93.2269 -73.7546 -35.5296 103.226
 93.2363 -73.8425 -35.2039 103.302
 93.3872 -73.7596 -34.8776 103.377
 93.6467 -73.5515 -34.5289 103.452
 93.9123 -73.3244 -34.1753 103.541
 94.4439 -72.8356 -33.5775 103.616
 95.0975 -72.2221 -32.8189 103.691
 95.5027 -71.8423 -32.3069 103.767
 95.8208 -71.5443 -31.7498 103.842
 96.2857 -71.0995 -30.9318 103.919
 96.8435 -70.5561 -30.175 103.995
 97.2246 -70.1839 -29.6766 104.071
 97.5457 -69.8682 -29.2887 104.148
 97.8326 -69.5841 -28.7832 104.222
 98.0428 -69.3712 -27.8492 104.299
 98.3603 -69.0351 -26.4104 104.374
 98.724 -68.6365 -24.8175 104.449
 98.9511 -68.383 -23.713 104.523
 99.1285 -68.1803 -22.822 104.61
 99.3228 -67.9421 -21.6821 104.685
 99.5584 -67.6123 -20.5085 104.76
 99.6624 -67.4465 -19.7007 104.836
 99.6499 -67.4111 -19.0091 104.911
 99.6081 -67.4241 -18.5822 104.988
 99.2982 -67.7384 -18.6187 105.063
 99.0903 -67.9504 -18.6631 105.139
 98.8112 -68.2422 -18.847 105.216
 97.9054 -69.1871 -19.6046 105.292
 96.9531 -70.1705 -20.3689 105.366
 96.3077 -70.8248 -20.6209 105.442
 95.6581 -71.4778 -20.0388 105.518
 94.9867 -72.1758 -18.9128 105.595
 94.4524 -72.6995 -17.8957 105.67
 93.9943 -73.1158 -16.8542 105.745
 93.5834 -73.4516 -15.6523 105.822
 93.4699 -73.4449 -14.0315 105.897
 93.7485 -72.9976 -12.0252 105.972
 94.3299 -72.2503 -10.1915 106.049
 94.8604 -71.5681 -8.65153 106.124
 95.2 -71.0696 -7.2093 106.201
 95.3919 -70.7007 -5.75866 106.276
 95.7103 -70.2225 -4.5152 106.35
 96.4073 -69.3166 -3.05379 106.426
 97.644 -67.7787 -1.2384 106.502
 98.5821 -66.6119 0.080729 106.579
 99.145 -65.9119 0.872208 106.657
 99.487 -65.2589 1.52033 106.732
 99.6922 -64.3256 2.23472 106.806
 99.8153 -63.0489 2.97004 106.881
 99.8892 -61.6019 3.73065 106.956
 99.9335 -60.2 4.45965 107.031
 99.9601 -59.334 4.92041 107.106
 99.9761 -58.7594 5.33429 107.181
 99.9856 -58.2199 5.89403 107.258
 99.9914 -57.866 6.34396 107.332
 99.9948 -57.6528 6.82885 107.408
 99.9969 -57.2208 8.0452 107.483
 99.9981 -56.7492 9.14394 107.558
 99.9989 -56.4662 9.80318 107.633
 99.9993 -56.1551 10.3733 107.709
 99.9996 -55.5887 10.9765 107.783
 99.9998 -54.8252 11.8955 107.86
 99.9999 -53.8088 12.9987 107.936
 99.9999 -52.8642 14.0912 108.011
 99.9999 -52.256 14.8276 108.088
 100 -51.8538 15.2592 108.162
 100 -51.5965 15.5753 108.238
 100 -51.4101 15.8792 108.314
 100 -51.1778 16.2132 108.389
 100 -51.0128 16.4374 108.464
 100 -50.9138 16.5719 108.54
 100 -50.8172 16.6424 108.616
 100 -50.7592 16.6847 108.69
 100 -50.7244 16.71 108.766
 100 -50.7035 16.7253 108.842
 100 -50.691 16.7344 108.917
 100 -50.6835 16.7399 108.991
 100 -50.679 16.7432 109.065
 100 -50.6763 16.7451 109.14
 100 -50.6747 16.7463 109.215
 100 -50.6737 16.747 109.29
 100 -50.6731 16.7475 109.365
 100 -50.6728 16.7477 109.44
 100 -50.6725 16.7479 109.515
 100 -50.6724 16.748 109.591
 100 -50.6723 16.748 109.666
 100 -50.6723 16.7481 109.742
 100 -50.6723 16.7481 109.816
 100 -50.6723 16.7481 109.891
 100 -50.6722 16.7481 109.966
 100 -50.6722 16.7481 110.042
 100 -50.6722 16.7481 110.116
 100 -50.635 16.7379 110.191
 100 -50.6127 16.7318 110.266
 100 -50.5992 16.7281 110.341
 100 -50.5912 16.7259 110.417
 100 -50.5864 16.7245 110.495
 100 -50.5835 16.7237 110.574
 100 -50.5817 16.7233 110.65
 100 -50.5807 16.723 110.726
 100 -50.5801 16.7228 110.803
 100 -50.5797 16.7227 110.881
 100 -50.5795 16.7226 110.957
 100 -50.5421 16.7124 111.032
 100 -50.5197 16.7062 111.106
 100 -50.5062 16.7025 111.183
 100 -50.4982 16.7003 111.257
 100 -50.4933 16.699 111.333
 100 -50.4904 16.6982 111.409
 100 -50.4887 16.6977 111.486
 100 -50.4876 16.6974 111.561
 100 -50.4498 16.687 111.636
