 -100 0.692768 -6.9047 42.322
 -100 0.667676 -6.89823 42.3974
 -100 0.652621 -6.89435 42.4723
 -100 0.643588 -6.89203 42.5448
 -100 0.620466 -6.88607 42.6208
 -100 0.606593 -6.88249 42.6962
 -100 0.562849 -6.87122 42.769
 -100 0.483433 -6.85076 42.8439
 -100 0.418048 -6.8339 42.9197
 -100 0.383474 -6.84209 42.9954
 -100 0.290995 -6.76472 43.0678
 -100 -0.0317847 -6.64929 43.143
 -100 -0.404323 -6.53383 43.2181
 -100 -0.735428 -6.43676 43.2926
 -100 -1.14951 -6.39169 43.366
 -100 -1.417 -6.18694 43.4414
 -99.9688 -1.39808 -5.69415 43.5173
 -99.5036 -1.90891 -5.18403 43.5929
 -98.6314 -2.70156 -4.45305 43.667
 -97.226 -2.66801 -3.93742 43.7429
 -95.6523 -2.22949 -3.67441 43.8372
 -94.5633 -2.29118 -3.42958 43.9134
 -93.7492 -2.69308 -3.18488 43.9868
 -93.143 -3.15613 -3.0147 44.0618
 -92.7539 -3.46784 -2.92159 44.137
 -92.512 -3.65008 -2.88508 44.2117
 -92.3668 -3.75942 -2.86318 44.284
 -92.2797 -3.82503 -2.85003 44.358
 -92.2274 -3.8644 -2.84215 44.4334
 -92.1792 -3.90257 -2.8516 44.5059
 -92.1417 -3.92069 -2.87665 44.58
 -92.052 -4.06237 -2.87481 44.6539
 -91.9142 -4.29313 -2.871 44.7259
 -91.68 -4.63672 -2.923 44.7999
 -91.3967 -5.05372 -2.98918 44.8747
 -90.8628 -5.30311 -2.94925 44.947
 -89.8914 -5.25194 -2.81641 45.022
 -89.03 -4.95622 -2.67073 45.0971
 -88.494 -4.75023 -2.55507 45.172
 -88.0947 -4.80588 -2.43746 45.2449
 -87.7692 -5.03896 -2.31318 45.3199
 -87.4959 -5.3092 -2.24073 45.3953
 -87.2972 -5.52663 -2.20101 45.4689
 -87.065 -5.81844 -2.20839 45.5431
 -86.5982 -6.0651 -2.20041 45.6215
 -85.8766 -6.0005 -2.15313 45.6982
 -85.2971 -6.02159 -2.12984 45.7734
 -84.869 -6.11642 -2.16939 45.8459
 -84.5214 -6.20005 -2.31855 45.9339
 -84.2949 -6.26572 -2.42286 46.0102
 -84.159 -6.30512 -2.48545 46.085
 -84.0775 -6.32877 -2.523 46.1603
 -84.0198 -6.36338 -2.54006 46.2357
 -83.9417 -6.4864 -2.52291 46.309
 -83.8601 -6.6421 -2.49068 46.3839
 -83.7933 -6.75109 -2.48617 46.4601
 -83.6919 -6.93464 -2.47084 46.5382
 -83.5593 -7.10732 -2.52105 46.6122
 -83.2873 -7.15028 -2.38493 46.6849
 -82.6776 -7.14435 -2.20885 46.759
 -81.9144 -7.20166 -2.15181 46.8344
 -81.3523 -7.23921 -2.1952 46.9071
 -81.0062 -7.2826 -2.21563 46.983
 -80.728 -7.47579 -2.18302 47.0572
 -80.5332 -7.60267 -2.1992 47.133
 -80.3019 -7.61893 -2.45753 47.207
 -80.0968 -7.59366 -2.75794 47.281
 -79.8546 -7.69534 -3.02398 47.3564
 -79.4931 -8.10548 -3.20812 47.429
 -79.0479 -8.59309 -3.47047 47.5041
 -78.6525 -8.99949 -3.73567 47.5798
 -78.3338 -9.35611 -3.92427 47.6588
 -78.0693 -9.63547 -4.09927 47.7345
 -77.8454 -9.8209 -4.29857 47.807
 -77.6362 -9.98785 -4.44428 47.884
 -77.0974 -9.63181 -4.28502 47.9629
 -76.1322 -9.31204 -4.12267 48.0382
 -75.1489 -9.40727 -4.13582 48.1138
 -74.4743 -9.55266 -4.20106 48.1872
 -74.0235 -9.72188 -4.23873 48.262
 -73.725 -9.86189 -4.27138 48.3372
 -73.5279 -9.9895 -4.27945 48.413
 -73.3637 -10.1483 -4.28281 48.486
 -73.1554 -10.452 -4.27029 48.561
 -72.8824 -10.85 -4.30726 48.6367
 -72.6452 -11.2106 -4.33801 48.7127
 -72.4474 -11.5049 -4.37661 48.7861
 -72.2655 -11.8086 -4.38664 48.86
 -72.1109 -12.0742 -4.39112 48.9509
 -71.9528 -12.3067 -4.43572 49.0258
 -71.7473 -12.4861 -4.41576 49.0982
 -71.5011 -12.4568 -4.34669 49.1753
 -71.2784 -12.3732 -4.34644 49.2513
 -71.1248 -12.3128 -4.38991 49.3261
 -71.0236 -12.2988 -4.41015 49.4001
 -70.8153 -12.112 -4.2971 49.4756
 -70.6571 -11.9642 -4.22036 49.5484
 -70.5329 -11.8875 -4.21215 49.6232
 -70.4303 -11.8807 -4.21736 49.6998
 -70.3486 -11.8664 -4.26422 49.7741
 -70.2547 -11.8067 -4.26806 49.8471
 -70.055 -11.6222 -4.25659 49.922
 -69.8757 -11.5079 -4.35351 49.9976
 -69.7287 -11.4461 -4.47168 50.0737
 -69.6203 -11.3986 -4.58652 50.1461
 -69.3699 -11.1896 -4.69255 50.2221
 -68.7399 -10.5965 -4.86394 50.2978
 -67.9871 -9.90933 -5.21598 50.3725
 -67.3033 -9.33388 -5.62507 50.4451
 -66.7649 -8.92745 -5.89273 50.5213
 -66.3808 -8.72431 -6.06491 50.5967
 -66.0616 -8.6932 -6.22858 50.6724
 -65.6251 -9.01476 -6.4065 50.7451
 -65.0896 -9.59001 -6.60402 50.8203
 -64.5626 -10.1601 -6.85528 50.8968
 -64.1189 -10.6298 -7.1008 50.973
 -63.7831 -10.9305 -7.35004 51.0481
 -63.4544 -11.239 -7.59481 51.1241
 -63.1406 -11.5863 -7.78546 51.2019
 -62.8555 -11.9397 -7.92679 51.2763
 -62.5196 -12.3733 -8.08345 51.3547
 -62.2184 -12.6368 -8.34923 51.4275
 -62.0175 -12.7842 -8.55469 51.5021
 -61.8869 -12.8672 -8.70097 51.5767
 -61.76 -12.9757 -8.81689 51.6511
 -61.6643 -13.0586 -8.90351 51.7231
 -61.5584 -13.1671 -8.98368 51.7972
 -61.3796 -13.425 -9.04724 51.8735
 -61.1452 -13.6818 -9.21124 51.9461
 -60.975 -13.8484 -9.34993 52.0221
 -60.7956 -14.0488 -9.47272 52.0977
 -60.5505 -14.2375 -9.72526 52.1721
 -60.3338 -14.3418 -10.0103 52.2452
 -60.1066 -14.4945 -10.2678 52.3212
 -59.7486 -14.8663 -10.5487 52.3989
 -59.4563 -15.1619 -10.7868 52.4747
 -59.281 -15.3393 -10.9297 52.5473
 -59.1664 -15.4693 -11.0094 52.6222
 -58.8688 -15.2912 -10.8892 52.6975
 -58.4272 -14.953 -10.9628 52.7725
 -58.1623 -14.75 -11.007 52.8453
 -57.9933 -14.6228 -11.057 52.9202
 -57.8818 -14.541 -11.1105 52.9962
 -57.7949 -14.481 -11.1897 53.0714
 -57.6532 -14.3427 -11.165 53.1442
 -57.4354 -14.1247 -11.1325 53.2192
 -57.2544 -13.9663 -11.231 53.2946
 -57.1359 -13.8658 -11.3137 53.3677
 -56.8959 -13.6052 -11.1946 53.4422
 -56.589 -13.2961 -11.1763 53.5176
 -56.3947 -13.105 -11.189 53.5925
 -56.2782 -12.9904 -11.1967 53.6652
 -56.2083 -12.9216 -11.2012 53.7404
 -55.9181 -12.6072 -11.0809 53.8149
 -55.5841 -12.2752 -11.1018 53.8874
 -55.3635 -12.0647 -11.162 53.9624
 -55.211 -11.9271 -11.2456 54.0375
 -54.9271 -11.7048 -11.2172 54.1134
 -54.4891 -11.5546 -11.2426 54.1862
 -53.9171 -11.5133 -11.3061 54.2614
 -53.0445 -11.49 -11.3756 54.3368
 -51.975 -11.3378 -11.7312 54.4115
 -51.1178 -11.397 -12.0037 54.4842
 -50.5931 -11.4567 -12.161 54.5612
 -50.2577 -11.5109 -12.2735 54.6366
 -50.0565 -11.5434 -12.3411 54.7118
 -49.9256 -11.5571 -12.406 54.7844
 -49.8367 -11.5895 -12.4387 54.8592
 -49.7421 -11.6758 -12.4642 54.9345
 -49.6649 -11.746 -12.4976 55.0078
 -49.6083 -11.7823 -12.5421 55.0833
 -49.5539 -11.8225 -12.587 55.1587
 -49.4804 -11.8535 -12.681 55.2337
 -49.4058 -11.8546 -12.8107 55.3063
 -49.3205 -11.8319 -12.9863 55.3813
 -49.2182 -11.8494 -13.1527 55.457
 -49.1569 -11.8599 -13.2526 55.5432
 -49.0786 -11.9634 -13.2878 55.6198
 -49.0317 -12.0254 -13.3089 55.6963
 -48.9725 -12.1356 -13.303 55.7721
 -48.9369 -12.2017 -13.2995 55.8454
 -48.8954 -12.2297 -13.3464 55.9212
 -48.7796 -12.1941 -13.5953 55.9959
 -48.6199 -12.12 -13.9659 56.0684
 -48.4841 -12.0521 -14.2868 56.1414
 -48.4026 -12.0114 -14.4794 56.2177
 -48.3538 -11.987 -14.5949 56.2932
 -48.3244 -11.9723 -14.6642 56.3653
 -48.3069 -11.9635 -14.7058 56.4403
 -48.2129 -11.8569 -14.6319 56.5146
 -48.0734 -11.6914 -14.4884 56.5873
 -47.9897 -11.5922 -14.4024 56.6623
 -47.9395 -11.5326 -14.3508 56.7384
 -47.9094 -11.4968 -14.3198 56.8137
 -47.8913 -11.4754 -14.3012 56.8866
 -47.8666 -11.4456 -14.2735 56.9625
 -47.6799 -11.1414 -14.0375 57.0388
 -47.4581 -10.8227 -13.763 57.1135
 -47.325 -10.6314 -13.5983 57.1863
 -47.2451 -10.5167 -13.4995 57.2614
 -47.1972 -10.4479 -13.4402 57.3368
 -47.1685 -10.4066 -13.4046 57.4117
 -47.1512 -10.3818 -13.3833 57.4847
 -47.0983 -10.4645 -13.3456 57.5593
 -46.9605 -10.7583 -13.2605 57.6393
 -46.7936 -11.1305 -13.1594 57.7149
 -46.6727 -11.3724 -13.1172 57.7875
 -46.5489 -11.488 -13.2155 57.8624
 -46.3323 -11.4743 -13.6213 57.938
 -46.1215 -11.4186 -14.0636 58.0135
 -45.9213 -11.5266 -14.3164 58.0865
 -45.685 -11.8622 -14.3994 58.1604
 -45.5121 -12.1069 -14.4615 58.2351
 -45.3562 -12.3465 -14.4986 58.3074
 -45.2315 -12.5338 -14.5333 58.3825
 -45.0213 -12.9371 -14.5036 58.4571
 -44.7711 -13.446 -14.4414 58.5316
 -44.518 -13.9078 -14.4347 58.6045
 -44.2944 -14.3284 -14.4177 58.6846
 -44.0144 -14.6866 -14.3879 58.7684
 -43.3459 -14.6804 -14.0588 58.8404
 -42.6712 -14.746 -13.9284 58.9154
 -42.1838 -14.9554 -13.8302 58.9912
 -41.8811 -15.1062 -13.7649 59.0634
 -41.6377 -15.3168 -13.7187 59.1394
 -41.43 -15.5633 -13.6839 59.2147
 -41.2438 -15.8315 -13.656 59.2875
 -41.0713 -16.1442 -13.6003 59.3624
 -40.9369 -16.3765 -13.5792 59.4377
 -40.8352 -16.5041 -13.6171 59.513
 -40.5985 -16.3739 -13.4355 59.5855
 -40.1733 -15.9726 -13.0695 59.6604
 -39.8136 -15.627 -12.8401 59.7356
 -39.5763 -15.4077 -12.7531 59.8084
 -39.3911 -15.252 -12.8024 59.8834
 -39.2479 -15.1406 -12.9081 59.9591
 -38.9703 -14.8641 -12.8588 60.0359
 -38.5622 -14.4405 -12.7325 60.1086
 -38.2921 -14.1628 -12.6649 60.184
 -38.1301 -13.9961 -12.6244 60.2709
 -38.0329 -13.8962 -12.6001 60.3446
 -37.9745 -13.8362 -12.5855 60.4194
 -37.9078 -13.8764 -12.557 60.4947
 -37.7832 -14.0727 -12.5194 60.5666
 -37.6344 -14.3058 -12.5148 60.6426
 -37.5343 -14.4395 -12.5376 60.718
 -37.2104 -14.3122 -12.4406 60.8038
 -36.5079 -14.158 -12.2714 60.8792
 -35.9757 -14.2152 -12.1571 60.954
 -35.6348 -14.269 -12.1076 61.0264
 -35.3774 -14.4299 -12.0445 61.1012
 -35.1699 -14.6233 -12.0055 61.1758
 -35.0133 -14.7847 -11.9945 61.2534
 -34.8355 -15.0878 -11.9343 61.3305
 -34.6344 -15.4703 -11.8702 61.4055
 -34.4501 -15.7911 -11.8563 61.4815
 -34.3188 -16.0354 -11.8345 61.5576
 -33.9603 -16.1443 -11.6843 61.6345
 -33.6281 -16.1894 -11.7004 61.7075
 -33.3857 -16.2561 -11.7483 61.7837
 -33.1351 -16.4921 -11.7745 61.8591
 -32.4921 -16.6325 -11.7485 61.9336
 -31.6568 -16.7689 -11.7437 62.0067
 -31.0437 -16.9395 -11.7933 62.0827
 -30.6438 -17.0883 -11.8354 62.1579
 -30.3296 -17.2969 -11.8786 62.2327
 -30.0239 -17.5818 -11.961 62.3055
 -29.7852 -17.7544 -12.1083 62.3806
 -29.5998 -17.9309 -12.2023 62.4561
 -29.4353 -18.1038 -12.2905 62.5295
 -29.3142 -18.1951 -12.3958 62.6075
 -29.2302 -18.2437 -12.4853 62.6833
 -29.1249 -18.2745 -12.6371 62.76
 -29.0616 -18.293 -12.7282 62.8366
 -28.9624 -18.2323 -12.7117 62.9123
 -28.7479 -18.0663 -12.6048 62.9846
 -28.5968 -17.9542 -12.5934 63.0585
 -28.5061 -17.8869 -12.5865 63.1332
 -28.3489 -17.7323 -12.5015 63.2066
 -28.0119 -17.3798 -12.3233 63.2807
 -27.5601 -16.9129 -12.1591 63.3559
 -27.138 -16.4803 -12.0404 63.4286
 -26.6291 -15.9728 -11.7889 63.5036
 -26.1024 -15.4679 -11.5379 63.5799
 -25.6857 -15.0815 -11.2714 63.6546
 -25.3463 -14.7393 -11.0025 63.7287
 -25.087 -14.5054 -10.7795 63.8046
 -24.9315 -14.3651 -10.6458 63.8833
 -24.8151 -14.268 -10.6185 63.9603
 -24.7338 -14.2034 -10.6287 64.0354
 -24.6471 -14.1333 -10.6697 64.1087
 -24.3464 -13.9514 -10.4557 64.1836
 -23.9445 -14.0184 -10.1664 64.2598
 -23.4785 -14.3197 -9.88054 64.3352
 -22.7974 -15.0267 -9.65101 64.4086
 -21.8304 -15.6024 -9.71568 64.4847
 -20.9785 -15.9763 -10.0779 64.5602
 -20.4556 -16.1941 -10.3222 64.636
 -20.1184 -16.3117 -10.5227 64.7086
 -19.8693 -16.3563 -10.7509 64.7836
 -19.6974 -16.4038 -10.9077 64.859
 -19.4937 -16.5422 -11.0739 64.9337
 -19.1244 -16.8196 -11.4266 65.0067
 -18.6918 -16.898 -11.65 65.0816
 -18.2549 -16.996 -11.7296 65.1576
 -17.7244 -17.1552 -11.8372 65.2321
 -17.334 -17.2672 -11.9506 65.3046
 -17.0666 -17.3827 -12.0313 65.3787
 -16.7845 -17.6182 -12.1383 65.4535
 -16.5036 -17.8643 -12.3028 65.5258
 -16.3118 -17.9988 -12.4563 65.6027
 -16.1521 -18.1215 -12.5886 65.6779
 -15.9797 -18.3199 -12.6864 65.753
 -15.7767 -18.5507 -12.8184 65.8258
 -15.621 -18.7037 -12.9452 65.9006
 -15.4948 -18.8442 -13.0342 65.975
 -15.4191 -18.9285 -13.0875 66.0476
 -15.3141 -18.9161 -13.0912 66.1226
 -15.1205 -18.776 -13.0639 66.198
 -14.9118 -18.639 -13.2676 66.273
 -14.7636 -18.5435 -13.445 66.3457
 -14.6746 -18.4863 -13.5514 66.4207
 -14.6212 -18.4519 -13.6152 66.4961
 -14.5892 -18.4313 -13.6535 66.5708
 -14.5585 -18.4123 -13.704 66.6437
 -14.4955 -18.443 -13.7749 66.7188
 -14.346 -18.5324 -13.9539 66.794
 -14.2562 -18.5861 -14.0612 66.8667
 -14.1916 -18.646 -14.1183 66.9417
 -14.1071 -18.6554 -14.2631 67.0177
 -13.9966 -18.5978 -14.3217 67.0941
 -13.7792 -18.4464 -14.5499 67.1668
 -13.5469 -18.2954 -14.9364 67.2429
 -13.3522 -18.2747 -15.2021 67.3185
 -13.2355 -18.2623 -15.3615 67.3926
 -13.127 -18.257 -15.4589 67.4647
 -12.8193 -17.9694 -15.2369 67.5388
 -12.467 -17.8029 -14.9357 67.6141
 -12.1657 -17.7529 -14.8722 67.6867
 -11.7084 -18.1438 -14.9322 67.7607
 -11.2137 -18.6956 -15.068 67.8364
 -10.6538 -19.0721 -15.0516 67.9112
 -10.038 -19.4123 -14.9755 67.9847
 -9.4742 -19.6811 -15.025 68.0587
 -9.07997 -19.8785 -15.1241 68.1392
 -8.81141 -20.0818 -15.1612 68.2157
 -8.56163 -20.2899 -15.2663 68.2912
 -8.37214 -20.382 -15.3667 68.3639
 -8.19074 -20.3786 -15.4736 68.4397
 -8.05975 -20.3981 -15.5585 68.5154
 -7.86555 -20.4521 -15.5791 68.5895
 -7.37243 -20.462 -15.4939 68.6659
 -7.02101 -20.4511 -15.4255 68.7409
 -6.78879 -20.5014 -15.3694 68.8162
 -6.63878 -20.5601 -15.3282 68.8921
 -6.54878 -20.5953 -15.3035 68.9647
 -6.45033 -20.6597 -15.3303 69.0397
 -6.32653 -20.834 -15.337 69.1157
 -6.16358 -21.0253 -15.4242 69.1926
 -5.94178 -21.171 -15.681 69.2658
 -5.7981 -21.287 -15.8275 69.3407
 -5.7004 -21.3497 -15.9438 69.4168
 -5.64178 -21.3873 -16.0135 69.4923
 -5.56072 -21.3824 -16.1691 69.5658
 -5.39333 -21.2625 -16.2525 69.642
 -5.26459 -21.1644 -16.3119 69.7199
 -5.10312 -21.0091 -16.2522 69.7964
 -5.00624 -20.9158 -16.2163 69.8738
 -5.30915 -19.591 -16.4751 72.113
 -5.31345 -19.5797 -16.478 72.1849
 -5.32741 -19.5799 -16.4514 72.2599
 -5.33579 -19.58 -16.4354 72.3368
 -5.35222 -19.587 -16.3973 72.4114
 -5.36208 -19.5911 -16.3745 72.484
 -5.39082 -19.6074 -16.3039 72.5591
 -5.44239 -19.6379 -16.1763 72.6347
 -5.54297 -19.7329 -15.8935 72.7072
 -5.80083 -19.9066 -15.2425 72.7819
 -6.21546 -20.1607 -14.2316 72.8587
 -6.47617 -20.3199 -13.597 72.9336
 -6.60093 -20.5009 -13.1935 73.0059
 -6.65919 -20.7721 -12.8293 73.0819
 -6.69014 -21.1045 -12.4604 73.1575
 -6.70003 -21.3677 -12.1958 73.2326
 -6.66822 -21.7103 -11.9353 73.3049
 -6.54671 -22.2019 -11.7027 73.3799
 -6.32216 -22.9268 -11.4485 73.4556
 -6.10434 -23.6683 -11.2383 73.5279
 -5.83317 -24.5935 -11.0082 73.6039
 -5.61536 -25.803 -10.8654 73.6792
 -5.51277 -27.2314 -10.859 73.7546
 -5.37222 -28.7845 -10.8143 73.8288
 -5.10167 -30.4075 -10.6265 73.9039
 -4.77633 -32.0168 -10.3675 73.9797
 -4.6761 -33.6207 -10.3317 74.0551
 -4.73623 -35.3178 -10.4515 74.1279
 -4.90538 -37.2262 -10.6699 74.2037
 -5.14671 -38.9978 -10.9448 74.2804
 -5.3102 -40.4503 -11.125 74.3552
 -5.33336 -41.7274 -11.1479 74.427
 -5.26282 -42.8518 -11.0653 74.502
 -5.12419 -43.9453 -10.9027 74.5774
 -4.96701 -44.9312 -10.7161 74.6526
 -4.8067 -45.8232 -10.523 74.7251
 -4.62655 -46.7498 -10.3012 74.801
 -4.3995 -47.8794 -10.0127 74.8769
 -4.1488 -49.1327 -9.68337 74.9516
 -3.93418 -50.2188 -9.39494 75.0241
 -3.82657 -50.9982 -9.23531 75.099
 -4.2196 -51.9317 -9.58875 75.178
 -4.78391 -52.9376 -10.1091 75.2531
 -5.27374 -53.715 -10.5643 75.3263
 -5.69198 -54.3005 -10.9975 75.4012
 -6.00195 -54.7055 -11.3139 75.4769
 -6.15631 -55.1306 -11.4544 75.5531
 -6.21259 -55.5983 -11.4808 75.6261
 -6.17557 -56.3052 -11.3809 75.702
 -6.06603 -57.2788 -11.1712 75.7778
 -5.91715 -58.4139 -10.8951 75.8531
 -5.80547 -59.2484 -10.6874 75.9273
 -5.73846 -59.7491 -10.5629 76.002
 -5.67186 -60.2337 -10.4378 76.0773
 -5.57215 -60.955 -10.2448 76.152
 -5.45916 -61.7883 -10.0193 76.225
 -5.34811 -62.628 -9.79067 76.3037
 -5.22878 -63.5649 -9.53445 76.3794
 -5.0967 -64.6542 -9.23553 76.4556
 -4.96734 -65.774 -8.92753 76.529
 -4.83963 -66.9446 -8.60494 76.6065
 -4.71922 -68.1154 -8.28167 76.6821
 -4.61419 -69.1934 -7.98358 76.7578
 -4.54328 -69.9342 -7.77864 76.8329
 -4.44405 -70.3553 -7.76784 76.9052
 -4.39759 -70.7346 -8.58872 76.9791
 -4.37854 -71.0078 -9.37292 77.0531
 -4.35916 -71.2657 -9.81733 77.1251
 -4.3449 -71.4518 -10.0753 77.199
 -4.33635 -71.5635 -10.23 77.2732
 -4.33122 -71.6305 -10.3229 77.347
 -4.32814 -71.6707 -10.3786 77.4201
 -4.32629 -71.6948 -10.412 77.4952
 -4.32518 -71.7093 -10.4321 77.5673
 -4.30906 -71.9062 -10.3918 77.6422
 -4.28936 -72.1499 -10.3328 77.7179
 -4.27506 -72.3276 -10.2886 77.7943
 -4.26649 -72.4342 -10.2621 77.8671
 -4.26134 -72.4981 -10.2462 77.9432
 -4.25825 -72.5365 -10.2366 78.0184
 -4.2564 -72.5595 -10.2309 78.0939
 -4.25529 -72.5733 -10.2275 78.1671
 -4.25462 -72.5816 -10.2254 78.2421
 -4.25177 -72.618 -10.2154 78.3173
 -4.25005 -72.6398 -10.2094 78.3921
 -4.24902 -72.6529 -10.2059 78.4652
 -4.23871 -72.7865 -10.1687 78.5401
 -4.2254 -72.9609 -10.1202 78.615
 -4.21274 -73.1285 -10.0736 78.6881
 -4.18699 -73.4808 -9.97544 78.7631
 -4.16714 -73.7552 -9.89901 78.8384
 -4.14028 -74.1404 -9.79161 78.9135
 -4.11391 -74.5293 -9.68314 78.9851
 -4.09408 -74.8257 -9.60044 79.0591
 -4.07629 -75.0982 -9.52436 79.1335
 -4.05051 -75.5145 -9.40805 79.2071
 -4.02961 -75.8591 -9.31174 79.2812
 -4.00489 -76.2874 -9.19195 79.355
 -3.97389 -76.8611 -9.03131 79.4271
 -3.94774 -77.3639 -8.89045 79.5012
 -3.93205 -77.6656 -8.80594 79.5764
 -3.92264 -77.8466 -8.75523 79.6515
 -3.91552 -77.9869 -8.7159 79.7243
 -3.91125 -78.0711 -8.69231 79.7991
 -3.90869 -78.1216 -8.67815 79.8749
 -3.90716 -78.1519 -8.66966 79.9472
 -3.90478 -78.2018 -8.65566 80.0231
 -3.90192 -78.2635 -8.63835 80.0982
 -3.9002 -78.3005 -8.62797 80.1731
 -3.89917 -78.3227 -8.62174 80.2462
 -3.89855 -78.336 -8.618 80.3212
 -3.89818 -78.344 -8.61576 80.3968
 -3.89796 -78.3488 -8.61441 80.4738
 -3.89782 -78.3517 -8.6136 80.5461
 -3.97088 -78.7396 -8.59957 80.6212
 -4.19768 -79.4758 -8.66274 80.7083
 -4.33168 -79.9811 -8.68274 80.7813
 -4.41207 -80.2843 -8.69474 80.8562
 -4.46031 -80.4662 -8.70194 80.9315
 -4.48925 -80.5754 -8.70626 81.0042
 -4.50662 -80.6408 -8.70885 81.0793
 -4.51703 -80.6801 -8.7104 81.1557
 -4.52226 -80.7355 -8.70238 81.2293
 -4.52145 -80.896 -8.66172 81.3052
 -4.5298 -81.1891 -8.55537 81.3799
 -4.64162 -81.7611 -8.16808 81.4556
 -4.92121 -82.5398 -7.41673 81.5292
 -5.32318 -83.2558 -6.47463 81.6034
 -5.93947 -84.1242 -5.00452 81.6822
 -6.52348 -85.008 -3.65488 81.7577
 -6.7504 -85.6754 -2.53814 81.8324
 -6.74598 -86.2501 -0.87393 81.9052
 -6.5612 -86.676 1.06576 81.9792
 -6.26656 -86.9089 2.61577 82.0536
 -5.91844 -86.9441 4.21151 82.1262
 -5.4747 -86.5326 6.69551 82.2014
 -5.12729 -86.2164 8.26433 82.2773
 -4.91816 -85.9944 9.19658 82.3538
 -4.5661 -85.4442 9.90866 82.4263
 -3.57333 -83.8925 10.9055 82.5022
 -2.23141 -82.1215 12.2149 82.581
 -0.999347 -80.6616 13.4412 82.657
 0.573381 -78.897 14.7345 82.7317
 2.52994 -76.4544 15.912 82.8044
 4.67676 -73.7922 16.5909 82.8792
 6.7699 -71.5668 17.1327 82.9547
 8.90969 -69.4628 17.3209 83.0273
 11.3434 -66.9064 17.4682 83.1033
 13.7025 -64.287 18.5031 83.1796
 16.1534 -61.5 20.3989 83.255
 18.8247 -58.3679 22.9863 83.3286
 22.2481 -54.5462 25.6663 83.4043
 25.9119 -50.8821 27.1544 83.4801
 28.3852 -48.5212 27.8206 83.5562
 29.8692 -47.1046 28.2203 83.6321
 30.7595 -46.2547 28.4601 83.7053
 31.3243 -45.701 28.6484 83.7853
 31.7241 -45.2811 28.8504 83.8601
 32.0806 -44.9421 29.1455 83.9342
 32.3806 -44.6954 29.4522 84.0065
 32.6111 -44.5146 29.7122 84.0814
 32.8851 -44.2259 30.1292 84.1558
 33.1696 -43.8621 30.9143 84.2304
 33.3404 -43.3863 32.0364 84.3033
 33.1653 -43.1083 33.7217 84.3774
 32.3954 -43.2282 35.876 84.4536
 31.7509 -43.3935 37.4303 84.5263
 31.3829 -43.5037 38.3944 84.6013
 31.1738 -43.5653 39.0549 84.6775
 31.1866 -43.3793 39.6764 84.7522
 31.4264 -42.8873 40.433 84.8254
 31.9319 -41.9842 41.4985 84.9004
 32.5102 -40.9663 42.6152 84.9755
 33.0504 -40.0139 43.6272 85.0509
 33.5233 -39.207 44.4349 85.1233
 34.0198 -38.2364 44.9771 85.2003
 34.4282 -37.3069 45.4447 85.2756
 34.7046 -36.6466 45.7851 85.3508
 34.9073 -36.1813 46.0581 85.4243
 35.2363 -35.5091 46.6128 85.4993
 35.7788 -34.4312 47.6145 85.5754
 36.3695 -33.2858 48.6736 85.6507
 36.8022 -32.5142 49.3227 85.7243
 37.0839 -32.0443 49.6841 85.7993
 37.2528 -31.7624 49.9009 85.8736
 37.5416 -31.5141 49.8298 85.9464
 38.2282 -30.9467 49.5271 86.0214
 39.3918 -29.8823 49.2823 86.097
 40.3214 -28.9868 49.1755 86.1714
 40.9009 -28.4423 49.083 86.2435
 41.3835 -27.908 48.8158 86.3194
 41.9824 -27.2673 48.5721 86.3959
 42.6651 -26.4783 48.0367 86.471
 43.5236 -25.4744 47.3033 86.5434
 44.5714 -24.2306 46.8309 86.6174
 45.5534 -22.9317 46.8699 86.6937
 46.3718 -21.6747 47.0531 86.7664
 47.184 -20.3295 46.5504 86.8424
 47.8179 -19.3461 46.2748 86.9187
 48.2936 -18.5611 46.1847 86.9942
 48.6624 -17.8364 46.3359 87.0664
 49.0046 -17.107 46.7127 87.1426
 49.2525 -16.3971 47.0789 87.2183
 49.365 -15.8377 47.2627 87.295
 49.4547 -15.221 47.4805 87.3676
 49.6432 -14.5053 47.9462 87.4425
 49.8321 -13.8779 48.4173 87.5184
 49.9549 -13.4185 48.739 87.5941
 50.0003 -13.0431 48.9052 87.6674
 50.0555 -12.6853 49.0919 87.7444
 50.1528 -12.2388 49.387 87.8322
 50.372 -11.4062 50.0275 87.9079
 50.4867 -10.466 50.509 87.9807
 50.5987 -9.40246 51.034 88.0555
 50.7423 -8.28041 51.6519 88.1308
 50.7258 -7.27625 51.9333 88.2046
 50.6432 -6.4425 52.0397 88.2784
 50.568 -5.75999 52.1163 88.3529
 50.5523 -5.19175 52.2745 88.4255
 50.5507 -4.62603 52.464 88.4995
 50.58 -3.9861 52.7451 88.575
 50.6048 -3.23558 53.0636 88.6475
 50.5732 -2.45408 53.2896 88.7216
 50.5023 -1.45468 53.531 88.797
 50.3937 -0.0673813 53.8682 88.8728
 50.2846 1.51224 54.3058 88.9456
 50.191 3.05854 54.7821 89.0205
 50.0896 4.61726 55.2733 89.0946
 50.0868 6.22648 56.015 89.1675
 50.2301 7.86047 57.1006 89.2425
 50.3977 9.23071 57.9727 89.3181
 50.5395 10.1524 58.4787 89.3933
 50.686 10.9084 58.864 89.4655
 50.789 11.5262 59.0602 89.5427
 51.0326 12.1933 59.0143 89.6189
 51.5621 13.1203 58.8264 89.6947
 52.4082 14.3676 58.5645 89.7689
 53.517 15.6922 57.9596 89.8447
 54.654 16.9223 57.0408 89.9238
 56.0227 18.5077 55.4067 89.9965
 57.5009 19.9901 53.4947 90.0716
 58.8477 21.1607 51.7824 90.1476
 59.9181 22.0904 50.5165 90.2227
 60.8584 23.0728 49.2003 90.2973
 61.9001 24.1695 47.3881 90.3729
 62.8143 24.9891 45.7977 90.4456
 63.4196 25.5052 44.7505 90.5216
 63.8017 25.823 44.0913 90.596
 64.0876 26.038 43.6027 90.6714
 64.3908 26.2237 43.0924 90.7435
 64.7226 26.4001 42.5374 90.8205
 65.3478 26.693 41.4867 90.8965
 66.1425 27.0561 40.1343 90.9715
 66.6374 27.2821 39.2915 91.0437
 66.9524 27.4259 38.7543 91.1186
 67.2136 27.5448 38.306 91.1926
 67.4422 27.6488 37.9109 91.2648
 67.6333 27.7356 37.5791 91.3395
 67.9444 27.8777 37.0324 91.4133
 68.3435 28.061 36.3239 91.4856
 68.6911 28.3008 35.6271 91.5617
 68.973 28.5983 34.9599 91.6374
 69.1829 29.0752 34.211 91.7125
 69.2122 29.7544 33.5053 91.7861
 68.995 30.769 32.796 91.8617
 68.7165 31.8099 32.195 91.9368
 68.513 32.6976 31.6129 92.0122
 68.3728 33.6468 30.9132 92.0846
 68.2045 34.8201 29.9679 92.1597
 68.0639 36.0713 28.8596 92.2347
 67.8933 37.3297 27.8163 92.3077
 67.6533 38.5311 27.075 92.3826
 67.2855 39.8702 26.2474 92.4583
 66.9584 40.986 25.5432 92.5335
 66.8937 41.8082 24.7462 92.6068
 67.3077 42.549 23.2896 92.6827
 68.0687 43.2824 21.2659 92.7592
 68.6972 43.8216 19.6555 92.8376
 69.0975 44.2009 18.5815 92.9124
 69.3838 44.5399 17.7212 92.9847
 69.6232 44.9106 16.8808 93.0598
 69.8016 45.4093 15.9595 93.1341
 69.9466 45.9454 15.0308 93.2066
 70.0616 46.3701 14.2897 93.2827
 70.245 46.7383 13.5026 93.3586
 70.5659 47.1779 12.3767 93.4331
 70.9486 47.7382 10.9606 93.5057
 71.2011 48.1771 9.9252 93.5817
 71.3905 48.4653 9.20274 93.6568
 71.6044 48.7042 8.49897 93.7328
 71.955 48.9963 7.46695 93.8058
 72.5014 49.4027 5.89489 93.8807
 73.0735 49.8199 4.23357 93.957
 73.5195 50.1446 2.92812 94.0327
 73.866 50.3971 1.90442 94.1058
 74.2516 50.6807 0.739424 94.1817
 74.7315 51.0405 -0.754242 94.2569
 75.1144 51.3306 -1.96234 94.3318
 75.3755 51.5294 -2.79127 94.4048
 75.6255 51.7229 -3.60123 94.4798
 75.8979 51.9378 -4.5048 94.5552
 76.1616 52.1492 -5.39564 94.6278
 76.3891 52.3337 -6.17462 94.7029
 76.6135 52.5185 -6.95678 94.7786
 76.806 52.6788 -7.63621 94.8538
 76.9407 52.7914 -8.11397 94.9287
 76.9785 52.9201 -8.41758 95.0047
 77.0013 52.9974 -8.59975 95.0801
 77.0149 53.0437 -8.70905 95.1559
 77.0111 53.1103 -8.81816 95.2314
 76.8987 53.35 -9.00458 95.3037
 76.7174 53.7402 -9.31595 95.3797
 76.5454 54.3162 -9.99184 95.4538
 76.4052 55.184 -11.3004 95.5269
 76.3605 56.1043 -12.9578 95.5997
 76.4305 57.0195 -14.9177 95.6753
 76.5195 57.89 -16.8843 95.7477
 76.5827 58.7006 -18.7141 95.8218
 76.7392 59.3248 -20.4219 95.8957
 76.9986 59.9017 -22.3466 95.97
 77.2668 60.3933 -24.1516 96.0431
 77.4294 60.8127 -25.5408 96.119
 77.4515 61.2081 -26.5162 96.1951
 77.4467 61.6074 -27.4526 96.2679
 77.4875 61.9733 -28.4586 96.343
 77.5819 62.2973 -29.5353 96.4183
 77.6902 62.572 -30.5459 96.4932
 77.7804 62.7768 -31.3347 96.5657
 77.8885 62.9791 -32.3094 96.6407
 77.9748 63.1051 -33.4753 96.7162
 77.8741 62.7823 -34.8661 96.792
 77.6811 62.2666 -36.0398 96.8647
 77.4511 61.6852 -37.0301 96.9399
 77.2354 60.9012 -37.9626 97.0173
 76.9245 59.8533 -39.0479 97.0925
 76.5945 58.7466 -40.1196 97.1658
 76.3475 57.9761 -40.8285 97.2408
 76.1956 57.5055 -41.2172 97.3173
 76.1008 57.215 -41.4137 97.3944
 76.0328 57.016 -41.4217 97.4718
 75.9693 56.8472 -41.2067 97.5468
 75.8975 56.5137 -40.9696 97.6234
 75.9924 55.738 -40.8564 97.6991
 76.4472 54.7067 -40.6638 97.7731
 77.1577 53.4585 -40.2705 97.8458
 78.0279 51.885 -39.2919 97.9199
 79.0241 50.1871 -38.2898 97.9945
 79.6876 48.7453 -36.8555 98.0678
 79.8777 47.5672 -34.6538 98.1428
 79.7223 46.4886 -31.8811 98.217
 79.3678 45.4873 -29.1118 98.2923
 79.0602 44.929 -27.3943 98.3648
 78.8187 44.558 -26.352 98.4399
 78.612 44.2513 -25.5024 98.5146
 78.3513 43.8738 -24.5703 98.5868
 78.0335 43.4437 -23.8169 98.662
 77.7386 43.1388 -23.3163 98.7373
 77.4691 43.0147 -22.8998 98.8124
 77.2038 42.9343 -22.3834 98.8849
 77.0367 42.8776 -22.0381 98.9589
 76.829 42.5941 -22.0849 99.0341
 76.4533 41.9322 -22.6531 99.1078
 75.805 40.7057 -23.7871 99.1829
 74.7053 38.7228 -24.2751 99.2584
 73.3873 36.5235 -24.09 99.3334
 72.3154 34.7548 -23.7747 99.4059
 71.5436 33.5479 -23.1217 99.4815
 70.9086 32.6512 -22.0342 99.5574
 70.3042 31.7796 -21.1519 99.6332
 69.6878 30.7573 -21.0779 99.7058
 68.8882 29.3132 -21.8613 99.7809
 67.9887 27.669 -23.1045 99.8563
 66.8272 25.896 -24.828 99.9331
 65.4928 23.9969 -26.846 100.006
 64.0791 22.392 -28.9558 100.085
 63.0948 21.674 -30.5098 100.17
 62.3141 21.4015 -31.8584 100.243
 61.7227 21.1421 -33.2299 100.317
 61.395 21.0066 -34.5974 100.392
 61.3095 21.133 -36.1226 100.464
 61.2526 21.4872 -37.5686 100.539
 61.1906 22.1899 -39.352 100.618
 61.1982 22.9959 -41.3774 100.692
 61.1676 23.7396 -43.0573 100.765
 61.1336 24.4901 -44.707 100.839
 61.0713 25.3259 -46.204 100.914
 60.9346 26.2853 -47.2107 100.986
 60.8688 27.3872 -47.9554 101.061
 61.2395 28.829 -48.2386 101.136
 62.2236 30.9076 -47.3375 101.211
 63.46 33.2309 -45.7235 101.284
 64.2718 34.745 -44.6351 101.359
 64.7868 35.7014 -43.934 101.434
 65.2208 36.4917 -43.2967 101.507
 65.5775 37.1343 -42.7456 101.584
 65.9145 37.7367 -42.1974 101.669
 66.0677 38.2131 -41.8692 101.742
 66.0381 38.9653 -42.4334 101.817
 66.0593 39.6413 -43.4687 101.892
 66.1082 40.1247 -44.4129 101.965
 66.161 40.4667 -45.1949 102.041
 66.2555 40.819 -46.2758 102.117
 66.3501 41.1256 -47.3208 102.192
 66.4298 41.3701 -48.2006 102.265
 66.524 41.4654 -48.7481 102.338
 66.6235 41.4625 -49.0602 102.413
 66.7978 41.2563 -49.2223 102.486
 66.9939 40.5615 -49.4699 102.562
 67.0773 39.5679 -49.8887 102.637
 66.9061 38.6137 -50.4991 102.712
 66.5455 37.6478 -51.4388 102.784
 66.06 36.5869 -52.4449 102.859
 65.4937 35.2849 -53.5578 102.934
 65.2067 33.6708 -54.4766 103.006
 65.1158 32.1013 -55.1618 103.08
 65.002 30.7179 -55.7793 103.161
 64.8177 29.1363 -56.5073 103.236
 64.2941 26.9862 -57.7045 103.311
 63.3905 24.7455 -59.2415 103.384
 62.4553 22.8933 -60.6612 103.459
 61.9159 21.5899 -61.547 103.536
 61.4885 20.2397 -62.3261 103.612
 60.6778 18.6352 -63.4914 103.684
 59.627 16.9986 -64.8902 103.764
 58.8247 15.8125 -65.9275 103.84
 58.3041 15.002 -66.6074 103.916
 57.7763 14.1066 -67.2968 103.991
 56.9844 12.815 -68.2864 104.064
 56.1767 11.3084 -69.3183 104.14
 55.644 9.79635 -70.1028 104.216
 55.3683 7.98811 -70.7128 104.292
 55.0535 5.85489 -71.3942 104.365
 54.4208 3.62316 -72.3308 104.441
 53.7492 1.83915 -73.2029 104.517
 53.2604 0.68112 -73.81 104.592
 52.9456 -0.0355948 -74.1951 104.665
 52.7301 -0.540634 -74.4595 104.74
 52.5419 -1.23735 -74.7251 104.816
 52.2911 -2.22059 -75.0775 104.893
 52.061 -3.17261 -75.4032 104.965
 52.0116 -3.98521 -75.5588 105.039
 52.07 -4.71446 -75.6122 105.114
 52.2323 -5.54171 -75.5897 105.188
 52.263 -6.70817 -75.7105 105.269
 52.0508 -8.22907 -76.0595 105.344
 51.9193 -9.83202 -76.3409 105.419
 52.0893 -11.3343 -76.3581 105.495
 52.3531 -12.8102 -76.2859 105.567
 52.4723 -14.048 -76.302 105.643
 52.5026 -14.9187 -76.3547 105.719
 52.3678 -15.7612 -76.5336 105.803
 52.1313 -16.8103 -76.8028 105.883
 51.9756 -17.9413 -77.0057 105.956
 51.8581 -19.2604 -77.1809 106.032
 51.7392 -20.8853 -77.3613 106.107
 51.5011 -22.7459 -77.6322 106.183
 51.0578 -24.5948 -78.051 106.258
 50.731 -25.8848 -78.3536 106.335
 50.6942 -27.091 -78.3772 106.412
 51.0342 -28.7923 -78.1054 106.485
 51.4497 -30.4022 -77.7687 106.562
 51.7105 -31.4009 -77.5571 106.637
 51.6169 -32.2074 -77.6288 106.713
 51.1286 -33.2147 -78.0089 106.787
 50.5201 -34.4101 -78.474 106.871
 50.0907 -35.8039 -78.7829 106.949
 49.7313 -37.2185 -79.0263 107.021
 49.4092 -38.4402 -79.2397 107.095
 49.2012 -39.4319 -79.3667 107.17
 49.1438 -40.3443 -79.3731 107.242
 49.2525 -41.3547 -79.2372 107.318
 49.458 -42.425 -79.015 107.394
 49.6316 -43.3636 -78.7852 107.466
 49.3442 -44.4795 -78.881 107.539
 48.722 -46.1207 -79.1046 107.614
 48.0849 -47.8492 -79.2687 107.686
 47.6935 -48.9729 -79.3658 107.762
 47.4676 -49.6805 -79.4137 107.837
 47.4177 -50.4495 -79.3044 107.915
 47.5145 -51.4233 -79.0483 107.99
 47.6707 -52.4206 -78.7344 108.062
 47.8706 -53.5213 -78.2941 108.137
 48.1024 -54.6531 -77.8821 108.214
 48.2853 -55.5452 -77.5362 108.286
 48.3878 -56.2227 -77.0625 108.362
 48.4545 -56.7289 -76.6522 108.438
 48.4129 -57.0918 -76.4634 108.515
 47.6218 -57.8597 -76.8836 108.588
 46.7314 -58.9543 -77.085 108.663
 46.0784 -60.1842 -77.1051 108.739
 45.5112 -61.5344 -76.8714 108.814
 45.0465 -62.7738 -76.2559 108.887
 44.6909 -63.8172 -75.1035 108.967
 44.3614 -64.7148 -73.5149 109.045
 44.067 -65.46 -71.8739 109.118
 43.8189 -66.0507 -70.4088 109.192
 43.5954 -66.5479 -69.0503 109.267
 43.395 -66.9678 -67.825 109.343
 43.2641 -67.3229 -66.4868 109.419
 43.3691 -67.4617 -65.1714 109.494
 43.7823 -67.2922 -64.1331 109.566
 44.5267 -66.839 -63.0761 109.641
 45.3811 -66.3427 -61.5623 109.716
 45.7855 -66.2711 -59.5228 109.791
 45.8971 -66.4034 -57.6897 109.864
 45.9118 -66.5506 -56.3533 109.938
 45.9641 -66.637 -55.203 110.014
 46.2985 -66.4973 -53.847 110.086
 46.7239 -66.2446 -52.3492 110.161
 46.9381 -66.0882 -50.9751 110.237
 46.9723 -66.0203 -49.836 110.312
 46.8549 -66.13 -48.6165 110.384
 46.6149 -66.1118 -47.2169 110.459
 46.6061 -65.553 -45.9827 110.535
 46.8192 -64.8114 -45.1042 110.607
 46.926 -64.3924 -44.3903 110.684
 46.916 -64.2146 -43.6955 110.76
 46.8633 -64.1537 -43.1123 110.835
 46.775 -64.1721 -42.563 110.91
 46.5589 -64.3378 -41.6693 110.983
 46.1674 -64.6738 -40.3599 111.058
 45.8313 -64.9648 -39.2445 111.134
 45.6194 -65.1483 -38.5424 111.206
 45.3791 -65.3563 -37.7592 111.281
 44.8853 -65.7718 -36.2078 111.356
 44.243 -66.2559 -34.2769 111.432
 43.7332 -66.6409 -32.7613 111.505
 43.3242 -66.9488 -31.5602 111.58
 42.618 -67.5109 -30.8524 111.656
 41.7824 -68.1683 -29.9768 111.732
 41.0966 -68.6201 -28.9896 111.804
 40.4115 -69.1054 -28.2502 111.879
 39.4376 -69.8167 -27.9958 111.956
 38.1118 -70.8273 -27.7939 112.035
 37.0762 -71.6163 -27.5382 112.107
 36.3228 -72.1954 -27.4529 112.184
 35.2749 -72.9493 -27.8677 112.26
 33.6032 -74.115 -28.9436 112.335
 32.2531 -75.0684 -29.2519 112.41
 31.181 -75.8157 -28.7436 112.482
 30.1709 -76.4997 -27.4979 112.558
 28.977 -76.9524 -25.4393 112.634
 27.9703 -77.0793 -23.6437 112.707
 27.3879 -77.1027 -22.5565 112.783
 27.0254 -77.1243 -21.8732 112.859
 27.0184 -76.9388 -20.9082 112.934
 27.3711 -76.4714 -19.6942 113.008
 27.9637 -75.6204 -18.2563 113.083
 28.8428 -73.8821 -16.8297 113.17
 29.5749 -71.8306 -15.0141 113.249
 29.437 -70.1209 -12.2117 113.322
 28.2127 -68.4512 -8.11616 113.398
 26.7384 -66.3017 -4.03012 113.473
 25.7206 -63.9144 -1.80488 113.549
 25.0494 -61.9877 -0.608271 113.624
 24.7621 -60.1907 0.167821 113.7
 24.9537 -58.0903 0.95708 113.776
 25.5363 -55.7149 1.89248 113.851
 26.5926 -53.269 3.24427 113.924
 27.8771 -51.0513 4.82252 113.997
 28.9327 -49.3847 6.11235 114.072
 29.6368 -48.3005 6.97215 114.144
 30.2023 -47.4532 7.76255 114.222
 30.6311 -46.8111 8.44704 114.298
 30.8891 -46.4117 8.909 114.373
 31.3912 -45.7331 9.66982 114.445
 32.3052 -44.5405 10.9607 114.519
 33.0044 -43.6309 11.9318 114.595
 33.4239 -43.0851 12.5145 114.667
 33.4281 -43.0077 12.4886 114.743
 33.1594 -43.3045 12.1248 114.819
 32.9811 -43.504 11.8848 114.895
 32.84 -43.6665 11.6973 114.967
 32.5496 -44.0201 11.3245 115.044
 32.1334 -44.5301 10.798 115.119
 31.8836 -44.8361 10.4821 115.194
 31.7164 -45.0409 10.271 115.266
 31.4602 -45.3404 10.0013 115.341
 30.8504 -46.0545 9.33166 115.417
 30.1119 -46.909 8.53147 115.492
 29.6166 -47.4705 8.0383 115.564
 29.2508 -47.8633 7.75899 115.641
 28.8728 -48.2589 7.50138 115.715
 28.4511 -48.6974 7.21442 115.792
 28.1491 -48.9815 7.131 115.864
 27.6923 -49.3737 7.14727 115.939
 26.9065 -50.0241 7.09056 116.016
 25.9851 -50.7707 7.16377 116.094
 25.1809 -51.4043 7.1554 116.168
 24.6883 -51.7191 7.13221 116.244
 24.3725 -51.7774 7.08197 116.32
 24.1727 -51.7472 7.03369 116.395
 24.0374 -51.6312 6.9775 116.468
 23.9562 -51.5616 6.94379 116.548
 23.9074 -51.5198 6.92357 116.624
 23.8782 -51.4948 6.91143 116.699
 23.8607 -51.4797 6.90415 116.775
 23.8501 -51.4707 6.89978 116.851
 23.8438 -51.4653 6.89716 116.924
 23.84 -51.4621 6.89559 116.999
 23.8169 -51.3298 6.85839 117.074
 23.7872 -51.1526 6.80889 117.146
 23.7694 -51.0464 6.7792 117.221
 23.716 -50.7223 6.68899 117.298
 23.5729 -49.8784 6.45439 117.373
 23.3341 -48.531 6.08005 117.446
 22.9956 -46.7246 5.57851 117.521
 22.6526 -44.9677 5.09096 117.596
 22.2072 -42.8291 4.49797 117.763
