 -100 -2.08058 1.39934 38.8454
 -100 -2.16531 1.40633 38.9215
 -100 -2.26511 1.40781 38.9964
 -100 -2.55702 1.47355 39.0716
 -100 -2.81722 1.52032 39.1464
 -100 -3.26062 1.62864 39.2214
 -100 -3.5987 1.71374 39.2965
 -100 -4.05933 1.78724 39.3715
 -100 -4.86495 1.84603 39.4465
 -100 -5.83111 1.9654 39.5215
 -100 -6.75078 2.01399 39.5955
 -99.9917 -8.00701 2.06911 39.6696
 -99.3874 -8.6688 2.12543 39.7444
 -98.0839 -8.6447 2.78521 39.8196
 -96.5646 -8.54621 3.72624 39.8975
 -95.4729 -8.95414 4.42357 39.9719
 -94.7955 -9.2575 4.85863 40.0555
 -94.2779 -9.73323 5.2031 40.1307
 -93.7262 -10.5769 5.51581 40.2055
 -93.3374 -11.1493 5.66958 40.2795
 -93.1041 -11.4927 5.76184 40.3545
 -92.8844 -11.917 5.87903 40.4295
 -92.6734 -12.3904 6.01136 40.5048
 -92.4583 -12.8898 6.13411 40.5818
 -92.2691 -13.2322 6.14933 40.6603
 -92.1076 -13.5092 6.14336 40.7365
 -91.9344 -13.8274 6.14732 40.8125
 -91.6907 -14.2308 6.22846 40.8907
 -91.1858 -14.3088 6.50628 40.9695
 -90.5862 -14.1383 6.79856 41.0445
 -90.1852 -14.0789 6.98666 41.1196
 -89.8079 -14.4301 7.2097 41.1946
 -89.4747 -14.9476 7.43087 41.2697
 -89.2253 -15.4017 7.60445 41.3447
 -88.7405 -15.6537 8.14777 41.4195
 -88.2147 -15.4939 8.83334 41.4946
 -87.7661 -15.2131 9.41799 41.5695
 -87.43 -14.9566 9.83863 41.6446
 -87.2095 -14.7747 10.1207 41.7195
 -87.0772 -14.6657 10.29 41.7946
 -86.9906 -14.6209 10.3976 41.8695
 -86.8485 -14.8174 10.5092 41.9435
 -86.6342 -15.1672 10.5716 42.0187
 -86.4199 -15.5558 10.6248 42.0975
 -86.2272 -15.9056 10.6545 42.1727
 -86.0044 -16.215 10.5926 42.2483
 -85.7601 -16.5466 10.5069 42.3336
 -85.5385 -16.787 10.3766 42.4076
 -85.2292 -17.015 10.3457 42.4806
 -84.7331 -17.1838 10.4202 42.5536
 -84.0915 -17.5865 10.5595 42.6286
 -83.5055 -18.0704 10.6979 42.7047
 -82.9991 -18.5842 10.8478 42.7826
 -82.6171 -19.056 10.9479 42.8576
 -82.3489 -19.421 11.013 42.9326
 -82.1405 -19.6702 11.0051 43.0066
 -81.9861 -19.8326 10.967 43.0816
 -81.8683 -19.969 10.9367 43.1568
 -81.7224 -20.1676 10.8963 43.2318
 -81.5072 -20.5297 10.8672 43.3077
 -81.2579 -20.8473 10.7478 43.3826
 -80.804 -21.0228 10.7939 43.4576
 -79.9785 -21.1366 11.0112 43.5327
 -79.1064 -21.5617 11.232 43.6076
 -78.481 -21.8814 11.3466 43.6845
 -78.0479 -22.1756 11.4066 43.7616
 -77.7097 -22.5213 11.453 43.8406
 -77.4424 -22.8538 11.4785 43.9176
 -77.1974 -23.2456 11.5107 43.995
 -76.9674 -23.4123 11.6102 44.0726
 -76.7356 -23.4293 11.766 44.1586
 -76.5191 -23.4647 11.8491 44.2317
 -76.3469 -23.4953 11.8443 44.3056
 -76.1326 -23.5056 11.842 44.381
 -75.7856 -23.2514 12.0481 44.456
 -75.4665 -22.9835 12.2213 44.5287
 -75.1762 -22.7114 12.3954 44.6026
 -74.9139 -22.4512 12.5542 44.6767
 -74.638 -22.1435 12.7884 44.7506
 -74.3667 -21.8692 13.0062 44.8258
 -73.8711 -21.3149 13.5946 44.9007
 -73.2716 -20.6153 14.2162 44.9766
 -72.7682 -20.0812 14.7233 45.0523
 -72.2492 -19.9206 15.1825 45.1277
 -71.7903 -19.8181 15.5436 45.2027
 -71.4436 -19.7474 15.7813 45.2779
 -71.0734 -19.9002 15.8459 45.3527
 -70.6437 -20.0892 15.8817 45.4277
 -70.0207 -20.2774 15.9212 45.5028
 -69.2745 -20.7271 15.9346 45.5777
 -68.6458 -21.1037 15.8993 45.6527
 -68.1036 -21.5805 15.8332 45.7277
 -67.6169 -22.0158 15.6788 45.8029
 -67.1693 -22.4548 15.4991 45.8777
 -66.8057 -22.8401 15.3472 45.9537
 -66.5143 -23.1231 15.1914 46.0288
 -66.3192 -23.3117 15.0835 46.1048
 -66.1893 -23.4202 14.9975 46.1867
 -66.0452 -23.5137 14.8743 46.2608
 -65.887 -23.57 14.7006 46.3357
 -65.4875 -23.4509 14.6262 46.4107
 -64.7282 -23.3274 14.6064 46.4849
 -64.0023 -23.4413 14.5733 46.5587
 -63.2138 -23.6002 14.6117 46.6337
 -62.3903 -23.7844 14.6089 46.7078
 -61.8006 -23.967 14.5259 46.7818
 -61.3981 -24.1391 14.4531 46.8558
 -60.9951 -24.5316 14.3902 46.9309
 -60.5816 -24.9463 14.2396 47.0057
 -60.2381 -25.2681 14.0672 47.0808
 -59.8766 -25.6242 13.9502 47.1564
 -59.3448 -25.8293 13.9707 47.2287
 -58.6765 -26.1172 14.0598 47.3057
 -58.2486 -26.2803 14.0689 47.3832
 -57.965 -26.3686 14.03 47.4588
 -57.7607 -26.4364 13.9694 47.5338
 -57.5255 -26.3673 13.9692 47.6088
 -57.1098 -26.0527 14.0713 47.6838
 -56.8213 -25.8382 14.1052 47.7589
 -56.4418 -25.4591 14.3397 47.834
 -56.0354 -25.0844 14.4453 47.9089
 -55.7236 -24.8349 14.3969 47.9828
 -55.5229 -24.6802 14.3455 48.0578
 -55.3482 -24.5676 14.2251 48.1328
 -55.1815 -24.5048 14.0703 48.208
 -55.044 -24.4298 13.9896 48.2828
 -54.5866 -24.1167 14.0499 48.3578
 -54.1227 -23.7519 14.1075 48.4339
 -53.5604 -23.3516 14.1223 48.5088
 -52.8216 -23.2462 14.1811 48.5838
 -52.1466 -23.2037 14.1422 48.6589
 -51.436 -23.327 14.082 48.7338
 -50.6263 -23.7463 14.0432 48.808
 -49.8024 -24.2058 13.933 48.8819
 -49.2724 -24.4965 13.8281 48.9551
 -48.9405 -24.6658 13.7421 49.0308
 -48.6434 -24.9846 13.7091 49.1048
 -48.3755 -25.3683 13.7008 49.1895
 -48.1191 -25.7608 13.6771 49.2631
 -47.8774 -26.1335 13.6367 49.3378
 -47.6675 -26.4181 13.5648 49.4128
 -47.3625 -26.4556 13.5551 49.487
 -47.0052 -26.3866 13.5723 49.5635
 -46.5073 -26.3105 13.4466 49.6384
 -45.9729 -26.3211 13.4143 49.7128
 -45.4769 -26.19 13.3385 49.7869
 -45.1293 -26.1214 13.2301 49.8615
 -44.881 -26.0413 13.1774 49.9366
 -44.4129 -25.6595 13.4185 50.0088
 -43.915 -25.3539 13.6373 50.0839
 -43.5194 -25.2781 13.711 50.1589
 -43.0675 -25.0871 13.8328 50.2339
 -42.49 -24.6845 13.9472 50.3099
 -42.0475 -24.4937 13.9195 50.3861
 -41.7289 -24.4461 13.8776 50.4648
 -41.4991 -24.4898 13.8509 50.5438
 -41.2301 -24.4917 13.8767 50.6233
 -40.8152 -24.248 13.9445 50.7039
 -40.5231 -24.0855 13.9138 50.7781
 -40.3478 -23.988 13.8953 50.8529
 -40.2427 -23.9295 13.8843 50.9279
 -40.0189 -23.7125 14.1042 51.0029
 -38.9637 -23.8067 15.4014 51.0779
 -37.6529 -24.3432 16.7065 51.1527
 -36.741 -24.914 17.4939 51.2344
 -36.1633 -25.2455 17.9185 51.3179
 -35.7556 -25.4226 18.0772 51.3929
 -35.4957 -25.5234 18.1484 51.4659
 -35.3245 -25.5784 18.1672 51.542
 -35.2218 -25.6114 18.1784 51.6163
 -35.1602 -25.6312 18.1851 51.6889
 -35.0927 -25.6322 18.1411 51.7631
 -34.9761 -25.6053 17.9944 51.837
 -34.7817 -25.4787 17.9037 51.9119
 -34.3399 -25.1533 17.7231 51.9869
 -33.9328 -24.8534 17.5446 52.065
 -33.5337 -24.5507 17.386 52.1399
 -33.1935 -24.4211 17.1924 52.215
 -32.9095 -24.4925 17.0734 52.2929
 -32.5963 -24.6421 17.1764 52.3679
 -32.2946 -24.7663 17.1583 52.4429
 -31.9486 -25.0489 17.0701 52.5179
 -31.5864 -25.2813 16.8524 52.5933
 -31.3306 -25.4364 16.6805 52.6687
 -31.1466 -25.5183 16.5284 52.7459
 -30.9907 -25.5506 16.3636 52.8209
 -30.6147 -25.3113 16.39 52.8969
 -30.114 -25.1873 16.4906 52.972
 -29.7074 -25.1205 16.4623 53.048
 -29.337 -24.9671 16.4417 53.124
 -28.8366 -24.7291 16.4453 53.1999
 -28.2917 -24.6268 16.4429 53.2801
 -27.6758 -24.5762 16.4061 53.3563
 -26.9604 -24.5562 16.4215 53.43
 -26.2648 -24.5334 16.4123 53.5055
 -25.7469 -24.4892 16.4494 53.5822
 -25.3526 -24.4483 16.3986 53.657
 -25.0427 -24.5493 16.3571 53.7301
 -24.8076 -24.7138 16.3383 53.818
 -24.5935 -24.9383 16.316 53.8921
 -24.4186 -25.0555 16.2274 53.966
 -24.1741 -24.9793 16.2339 54.041
 -23.9123 -24.8362 16.2145 54.116
 -23.6848 -24.7544 16.1101 54.1902
 -23.4285 -24.8138 15.9606 54.2652
 -23.0868 -24.9496 15.7353 54.358
 -22.6638 -24.831 15.7198 54.434
 -22.1505 -24.5876 15.7429 54.5091
 -21.5215 -24.3419 15.8598 54.585
 -20.8623 -24.0295 15.9902 54.659
 -20.1791 -24.0061 16.0492 54.736
 -19.5599 -24.4427 16.117 54.8114
 -19.1014 -24.7027 16.0378 54.8964
 -18.653 -24.8806 16.0255 54.97
 -18.1555 -24.8843 16.0452 55.0452
 -17.7477 -24.8937 15.9641 55.1201
 -17.4629 -24.9153 15.8721 55.1951
 -17.2521 -24.9443 15.7733 55.2711
 -17.1256 -24.9617 15.714 55.346
 -17.034 -24.9662 15.6528 55.421
 -16.9618 -25.025 15.6319 55.496
 -16.8785 -25.0764 15.5758 55.575
 -16.7815 -25.0891 15.4649 55.65
 -16.6521 -25.1007 15.3032 55.7286
 -16.512 -25.0835 15.1029 55.805
 -16.2608 -24.9442 15.025 55.8831
 -15.9703 -24.7694 14.9813 55.9581
 -15.6163 -24.589 14.9141 56.0322
 -15.2895 -24.4899 14.8792 56.1061
 -14.9545 -24.4617 14.8455 56.1812
 -14.6489 -24.5488 14.8071 56.2551
 -14.3748 -24.7242 14.7459 56.3301
 -14.0783 -24.8457 14.6425 56.406
 -13.626 -24.819 14.7081 56.4791
 -13.1976 -24.8414 14.6625 56.5541
 -12.8691 -24.8586 14.5385 56.6292
 -12.6093 -24.8442 14.3593 56.7053
 -12.4065 -24.817 14.1731 56.7811
 -12.2553 -24.7752 14.0551 56.8571
 -11.9277 -24.5965 14.0217 56.9512
 -11.642 -24.5499 13.9206 57.0261
 -11.373 -24.4739 13.8488 57.1005
 -10.9533 -24.2699 13.9174 57.1765
 -10.5224 -24.0065 13.8738 57.2502
 -10.081 -23.6962 13.91 57.3253
 -9.63468 -23.432 13.8893 57.4012
 -9.16668 -23.1273 13.8663 57.4751
 -8.65264 -23.0116 13.9516 57.5502
 -8.07454 -22.8227 14.0771 57.6251
 -7.54216 -22.619 14.2583 57.7002
 -7.09202 -22.41 14.4983 57.7763
 -6.79233 -22.2584 14.6358 57.853
 -6.56498 -22.1482 14.6383 57.937
 -6.41274 -22.0756 14.6131 58.0223
 -6.25816 -22.0064 14.4912 58.0951
 -6.05508 -21.9197 14.2309 58.1685
 -5.87038 -21.8419 13.9676 58.2431
 -5.72508 -21.8465 13.7991 58.3181
 -5.60982 -21.9359 13.7224 58.393
 -5.53131 -22.0184 13.6844 58.4692
 -5.48421 -22.0679 13.6617 58.5431
 -5.45595 -22.0976 13.648 58.6171
 -5.439 -22.1155 13.6398 58.6911
 -5.42882 -22.1261 13.6349 58.7652
 -5.42272 -22.1326 13.632 58.8392
 -5.41906 -22.1364 13.6302 58.9154
 -5.41686 -22.1387 13.6291 58.9911
 -5.41554 -22.1401 13.6285 59.0662
 -5.41475 -22.1409 13.6281 59.1412
 -5.36714 -22.1221 13.5475 59.2161
 -5.24454 -22.072 13.338 59.2913
 -4.77802 -22.1082 12.7035 59.3663
 -4.43276 -22.1684 12.258 59.4412
 -4.2256 -22.2045 11.9907 59.5163
 -4.1013 -22.2262 11.8303 59.5912
 -3.91367 -22.0804 11.8962 59.6663
 -3.74479 -21.9134 12.0169 59.7402
 -3.5778 -21.7626 12.1788 59.817
 -3.43965 -21.7882 12.3084 59.8972
 -3.31466 -21.7438 12.4472 59.9722
 -3.23966 -21.7172 12.5305 60.0517
 -3.19467 -21.7012 12.5805 60.1263
 -3.16767 -21.6916 12.6105 60.2022
 -3.67649 -21.9052 13.5992 61.404
 -3.77136 -21.9443 13.7611 61.4782
 -3.93922 -22.0131 14.0464 61.5533
 -3.94481 -22.4094 14.3426 61.6323
 -3.7847 -23.1714 14.6679 61.7098
 -3.61715 -23.8623 14.9288 61.7854
 -3.40203 -24.6574 15.1923 61.8631
 -3.13459 -25.6042 15.4825 61.9384
 -2.91452 -26.3782 15.7145 62.016
 -2.78248 -26.8427 15.8537 62.0933
 -2.67788 -27.2097 15.962 62.1743
 -2.58985 -27.5183 16.0518 62.2493
 -2.43702 -28.0578 16.2052 62.3256
 -2.19848 -28.9144 16.4469 62.4003
 -1.79613 -30.4105 16.8673 62.4756
 -1.3818 -31.9964 17.3124 62.5513
 -1.11847 -33.008 17.5962 62.6293
 -0.975276 -33.6346 17.746 62.7083
 -0.889356 -34.0106 17.8359 62.7833
 -0.801216 -34.3863 17.9318 62.8603
 -0.78207 -34.8076 17.8377 62.9366
 -0.854447 -35.3678 17.6594 63.0141
 -0.90361 -36.2761 17.4797 63.0903
 -0.970855 -37.4594 17.1638 63.1715
 -1.23619 -38.7741 16.6278 63.2533
 -1.55131 -39.8891 15.9107 63.3264
 -1.85357 -41.1917 15.197 63.4018
 -2.19356 -42.5693 14.1965 63.4763
 -2.24336 -43.8796 13.4257 63.5503
 -2.08244 -45.2147 12.988 63.6243
 -1.81843 -47.0035 12.8466 63.7015
 -1.79349 -49.1599 12.1481 63.7764
 -2.13004 -51.3433 11.0418 63.8533
 -2.69578 -53.4563 9.87402 63.9313
 -3.04788 -55.6007 9.1655 64.0074
 -3.28043 -57.463 8.64882 64.0824
 -3.47006 -59.0564 8.29614 64.1603
 -3.51176 -60.8709 8.29735 64.2343
 -3.44805 -62.8972 8.55788 64.3093
 -3.34541 -64.8976 8.93186 64.3845
 -3.2578 -66.2181 9.16396 64.4594
 -3.13423 -67.1146 8.6227 64.5353
 -3.03739 -67.8599 7.26725 64.6105
 -2.66162 -68.1941 5.90358 64.6884
 -2.13763 -68.2861 4.56005 64.7634
 -1.49703 -68.2198 3.17055 64.8405
 -0.897416 -68.0983 1.94632 64.9154
 -0.308991 -67.937 0.791933 64.9924
 0.270645 -67.7511 -0.32201 65.0706
 0.798186 -67.5676 -1.32848 65.1454
 1.21895 -67.4154 -2.13002 65.2257
 1.48626 -67.3181 -2.63921 65.3002
 1.65582 -67.3546 -2.91831 65.3758
 1.87899 -67.8538 -3.08591 65.4484
 2.19633 -68.6714 -3.28167 65.5224
 2.42728 -69.4746 -3.33847 65.5974
 2.60836 -70.5314 -3.2118 65.6759
 2.77915 -72.1589 -2.85736 65.7535
 2.92284 -73.972 -2.40959 65.8304
 3.03057 -75.6085 -1.98645 65.9044
 3.11496 -77.2374 -1.55005 65.9795
 3.25466 -78.6718 -1.29205 66.0544
 3.43268 -79.5296 -1.29781 66.1324
 3.61722 -80.0148 -1.44289 66.2105
 3.86725 -80.2526 -1.78529 66.2854
 4.23248 -80.3116 -2.38896 66.3635
 4.68015 -80.2567 -3.17926 66.4388
 5.11497 -80.1569 -3.9683 66.5138
 5.40596 -80.0848 -4.49905 66.5886
 5.64064 -80.0171 -4.93224 66.6631
 5.79644 -79.9704 -5.22086 66.7388
 5.91988 -79.9301 -5.45145 66.814
 6.02388 -79.8936 -5.64725 66.8894
 6.08627 -79.8717 -5.76473 66.9648
 6.13865 -79.8525 -5.86395 67.0404
 6.19995 -79.8286 -5.98096 67.116
 6.26656 -79.802 -6.10868 67.1894
 6.33631 -79.7737 -6.24285 67.2645
 6.4546 -79.791 -6.44878 67.3397
 6.5465 -79.9908 -6.54549 67.4165
 6.60717 -80.3065 -6.54779 67.4915
 6.64444 -80.5285 -6.53987 67.5655
 6.68663 -80.8515 -6.50808 67.6413
 6.7207 -81.4704 -6.36775 67.7156
 6.74171 -81.8744 -6.27421 67.7875
 6.75431 -82.1169 -6.21809 67.8625
 6.80609 -82.2267 -6.14551 67.9404
 6.87428 -82.2686 -6.11129 68.0145
 6.93021 -82.2875 -6.11956 68.0895
 6.96377 -82.2989 -6.12452 68.1665
 6.98391 -82.3058 -6.12749 68.2405
 6.99599 -82.3099 -6.12928 68.3159
 7.00324 -82.3123 -6.13035 68.396
 7.00759 -82.3138 -6.13099 68.4806
 7.01134 -82.3802 -6.11268 68.5536
 7.01616 -82.5838 -6.0549 68.6295
 7.01906 -82.7059 -6.02024 68.7045
 7.02127 -82.812 -5.99007 68.7797
 7.08992 -82.8877 -5.89483 68.8547
 7.46426 -82.7962 -5.50749 68.9327
 7.99778 -82.5553 -4.98218 69.0075
 8.6062 -82.4065 -4.34583 69.0865
 9.2362 -82.2976 -3.67109 69.1645
 10.0507 -81.967 -2.84238 69.2406
 11.1239 -81.372 -1.77981 69.3156
 12.4612 -80.6412 -0.386328 69.3925
 13.951 -80.1689 1.25629 69.4686
 15.3394 -79.9061 2.89087 69.5437
 16.5514 -79.6407 4.30531 69.6186
 17.6783 -79.2395 5.63059 69.6935
 18.7134 -79.0624 6.93903 69.7676
 19.6727 -79.0592 8.27732 69.8447
 20.7243 -78.888 9.7423 69.9186
 21.8542 -78.3571 11.5081 69.9916
 22.786 -77.701 13.3266 70.0676
 23.6428 -77.1991 14.8405 70.1416
 24.4923 -76.769 16.2743 70.2157
 25.2744 -76.1743 17.6314 70.2906
 25.7829 -75.7218 18.6881 70.3685
 26.0123 -75.4684 19.5962 70.4436
 26.2042 -75.1026 20.7543 70.5186
 26.6556 -74.4884 21.9343 70.5926
 27.4445 -73.5449 23.244 70.6667
 28.2649 -72.5856 24.44 70.7454
 28.866 -71.8853 25.2875 70.8218
 29.4791 -71.1733 26.0994 70.8966
 30.2397 -70.2848 27.0651 70.9747
 30.9434 -69.4564 27.9499 71.0498
 31.5234 -68.7688 28.6776 71.1258
 32.1153 -68.0588 29.421 71.2008
 32.7981 -67.227 30.2845 71.2756
 33.6665 -66.147 31.3984 71.3506
 34.6217 -64.9349 32.6429 71.4277
 35.3104 -64.0551 33.5452 71.5056
 35.7237 -63.5272 34.0866 71.5826
 36.0374 -63.123 34.5004 71.6576
 36.3404 -62.7274 34.9046 71.7336
 36.6527 -62.3146 35.3255 71.8116
 37.227 -61.538 36.1145 71.8876
 37.8417 -60.6951 36.9693 71.9646
 38.3679 -59.9667 37.7069 72.0399
 39.0563 -58.9925 38.6905 72.1147
 39.8202 -57.8896 39.8011 72.1887
 40.3088 -57.1827 40.5128 72.2646
 40.6321 -56.7133 40.9851 72.3397
 41.0358 -56.114 41.5865 72.4167
 41.6247 -55.2458 42.4196 72.4917
 42.0511 -54.6105 43.0336 72.5658
 42.3215 -54.2063 43.4248 72.6436
 42.6864 -53.6423 43.9795 72.7178
 43.1907 -52.8423 44.7705 72.7947
 43.8428 -51.7815 45.8199 72.8688
 44.6026 -50.5133 47.0725 72.9497
 45.3123 -49.3049 48.264 73.0237
 45.7645 -48.5326 49.0253 73.0986
 46.0359 -48.0692 49.482 73.1738
 46.2251 -47.7439 49.8024 73.2487
 46.4421 -47.4973 49.9038 73.3238
 46.8423 -47.2657 49.6215 73.3998
 47.3728 -46.9382 49.2816 73.4747
 48.0931 -46.1407 49.0936 73.5498
 49.2103 -44.8679 48.8249 73.631
 50.5996 -43.5134 48.4467 73.7097
 52.0691 -42.0115 48.3464 73.7853
 53.5882 -40.2916 48.6431 73.8598
 54.994 -38.4788 49.356 73.9347
 55.8964 -37.2678 49.9025 74.011
 56.4379 -36.5411 50.2303 74.0867
 56.7382 -35.4578 50.4104 74.1652
 57.0605 -34.073 50.8422 74.2417
 57.3701 -32.8392 51.3607 74.3167
 57.6241 -31.7005 51.842 74.3927
 58.0756 -30.2641 52.7306 74.4677
 58.7417 -28.3229 54.2086 74.5467
 59.339 -26.5894 55.5939 74.6238
 59.7729 -25.2936 56.5475 74.7007
 60.1421 -24.1669 57.2527 74.7748
 60.6482 -22.7481 58.2642 74.8508
 61.4663 -20.7836 59.6663 74.9257
 62.3538 -18.8667 60.9102 75.0017
 62.9489 -17.5174 61.7657 75.0788
 63.3748 -16.4314 62.3415 75.1538
 63.7519 -15.3597 63.0803 75.2289
 64.1765 -14.0764 64.0857 75.3081
 64.5494 -12.8563 65.1087 75.3858
 65.21 -11.5926 65.7087 75.4608
 66.6527 -9.92536 65.3698 75.5358
 68.8467 -7.82263 63.4413 75.6108
 71.2784 -5.91532 60.8054 75.6877
 73.1464 -4.40989 58.7176 75.7638
 74.5878 -2.70803 57.0336 75.8397
 76.1425 -0.758063 55.4989 75.9147
 77.5066 1.02005 54.413 75.9899
 78.3512 2.29115 53.5933 76.0648
 79.1082 3.69562 52.3547 76.1397
 80.2425 5.67148 49.9395 76.2148
 81.4797 7.2455 47.4706 76.2908
 82.5875 8.3448 45.3825 76.3669
 83.5812 9.1857 43.5434 76.4418
 84.6688 9.94584 41.5605 76.5181
 85.7662 10.6419 39.5513 76.5938
 86.9493 11.3416 37.3581 76.6688
 87.8451 12.0164 35.6735 76.7469
 88.5892 13.1964 35.4102 76.8418
 89.0901 14.1188 35.459 76.9158
 89.4123 14.7228 35.4138 76.99
 89.6411 15.1017 35.3211 77.0639
 89.7739 15.6075 35.3265 77.1388
 89.8728 16.5446 35.6913 77.2184
 90.0249 17.5106 36.2996 77.2928
 90.1758 18.3599 36.9247 77.3669
 90.3912 19.4641 37.873 77.4418
 90.6717 20.9134 39.1999 77.5169
 90.8975 22.225 40.3804 77.5918
 90.993 23.1407 41.0889 77.667
 90.9773 24.1174 41.6371 77.7418
 91.082 25.5839 42.7732 77.8179
 91.2326 27.1217 44.0883 77.8948
 91.2967 28.3102 45.0104 77.9698
 91.2417 29.225 45.5123 78.0448
 91.1047 30.0921 45.6715 78.1199
 90.8423 31.1799 45.4998 78.1952
 90.6101 32.4463 44.9334 78.268
 90.4687 33.5695 44.2548 78.3429
 90.361 34.5982 43.5412 78.4182
 90.2934 35.783 42.566 78.4939
 90.2424 37.0189 41.4742 78.5719
 90.2476 38.1448 40.3786 78.6469
 90.3704 38.9988 39.3644 78.7239
 90.6114 39.7952 38.2148 78.8169
 90.9054 40.4265 37.1416 78.892
 91.3473 40.9329 35.9632 78.967
 91.939 41.3964 34.5855 79.0419
 92.5032 41.7783 33.3215 79.1169
 92.9851 42.0793 32.2597 79.192
 93.4949 42.3717 31.1493 79.2669
 94.2335 42.7707 29.5327 79.342
 95.0827 43.2258 27.6412 79.4169
 95.8316 43.5859 26.0009 79.4909
 96.3139 43.7771 24.9909 79.567
 96.6509 43.8751 24.3249 79.6419
 97.0126 44.0218 23.5472 79.7159
 97.4014 44.2056 22.6671 79.7899
 97.6916 44.3479 22.0011 79.8659
 97.9644 44.4891 21.3597 79.9459
 98.2123 44.6218 20.7673 80.0199
 98.361 44.7014 20.4119 80.0952
 98.5476 44.8051 19.9563 80.1702
 98.7149 44.8992 19.5443 80.2456
 98.8566 44.9797 19.193 80.3211
 99.0238 45.0758 18.774 80.3963
 99.2547 45.2541 18.1315 80.469
 99.5528 45.4568 17.3279 80.5441
 99.7317 45.6822 16.3918 80.6219
 99.839 45.9371 15.305 80.6979
 99.9034 46.1778 14.2669 80.7739
 99.942 46.4099 13.2573 80.8499
 99.9652 46.6369 12.264 80.937
 99.9791 46.805 11.5269 81.012
 99.9875 46.9696 10.8022 81.0869
 99.9925 47.0843 10.2967 81.1641
 99.9955 47.1691 9.92269 81.239
 99.9973 47.2518 9.5568 81.3153
 99.9984 47.3413 9.16026 81.389
 99.999 47.4746 8.56789 81.465
 99.9994 47.6342 7.85742 81.5438
 99.9996 47.8653 6.82616 81.6182
 99.9998 48.0835 5.85075 81.6973
 99.9999 48.2383 5.15838 81.7724
 99.9999 48.4107 4.38553 81.8485
 100 48.5937 3.56379 81.9232
 100 48.7591 2.81979 81.9984
 100 48.8663 2.33751 82.0729
 100 48.9385 2.01227 82.1477
 100 49.0375 1.56579 82.2223
 100 49.1103 1.09084 82.2973
 100 49.151 0.535471 82.3727
 100 49.1389 0.075513 82.4479
 100 49.143 -0.543443 82.523
 100 49.1749 -1.19471 82.599
 100 49.1692 -2.0562 82.6756
 100 49.2773 -3.07983 82.7502
 100 49.4375 -4.12924 82.8264
 100 49.6688 -5.37681 82.903
 100 49.8871 -6.48958 82.9864
 100 50.0577 -7.33955 83.0627
 100 50.1839 -7.95899 83.1373
 100 50.2835 -8.44016 83.2124
 100 50.4146 -9.05765 83.2875
 100 50.6519 -10.1604 83.3624
 100 50.9922 -11.7402 83.438
 100 51.2755 -13.0563 83.5142
 100 51.541 -14.1498 83.5896
 100 51.9 -15.174 83.6663
 100 52.2919 -15.9071 83.7414
 100 52.9592 -16.6762 83.8151
 100 53.735 -17.3468 83.8881
 100 54.3836 -17.9048 83.963
 100 54.9317 -18.4235 84.0381
 100 55.3795 -18.8726 84.1131
 100 55.6638 -19.2163 84.187
 100 55.8385 -19.5979 84.2611
 100 56.1222 -20.1211 84.335
 100 56.2711 -20.6381 84.4092
 100 56.2134 -21.29 84.484
 100 55.9345 -22.4483 84.5592
 100 55.5685 -23.6788 84.6342
 100 55.3315 -24.4818 84.7091
 100 55.1876 -25.103 84.7851
 100 55.0141 -25.7995 84.8602
 100 54.7551 -26.6606 84.9351
 100 54.5968 -27.4564 85.0312
 100 54.5969 -28.1016 85.1051
 100 54.8504 -28.7016 85.1804
 100 54.9542 -29.4312 85.2559
 100 54.9977 -30.0737 85.3291
 100 54.7526 -31.0769 85.4043
 100 54.3749 -32.3426 85.4791
 100 54.1012 -33.4715 85.5552
 100 54.0292 -34.3147 85.6306
 100 53.9773 -35.2354 85.7061
 100 53.7367 -36.2474 85.7821
 100 53.4421 -37.1573 85.8572
 100 53.1401 -37.9785 85.9341
 100 52.842 -38.7843 86.0103
 100 52.5632 -39.5158 86.0853
 100 52.2714 -40.2298 86.161
 100 52.0129 -40.9816 86.2381
 100 51.5767 -41.971 86.3161
 100 50.9196 -43.2736 86.3933
 100 50.2955 -44.6784 86.4715
 100 49.913 -45.6237 86.5478
 100 49.65 -46.5986 86.6234
 100 49.1821 -47.8478 86.702
 100 48.6087 -49.196 86.7775
 100 48.1592 -50.2131 86.8537
 100 47.7521 -51.1601 86.9305
 100 47.1525 -52.442 87.0094
 99.9146 46.4292 -53.7449 87.0846
 99.7947 45.8738 -54.6574 87.1597
 99.8712 45.3033 -55.0635 87.2358
 99.9227 44.1261 -54.74 87.3106
 99.9536 42.6841 -54.044 87.3863
 99.9722 41.5845 -53.38 87.4618
 99.9833 40.5215 -53.1949 87.537
 99.99 38.2178 -53.4144 87.6124
 99.994 34.842 -54.1683 87.6911
 99.9964 31.891 -54.6632 87.7666
 99.9978 29.8076 -54.7912 87.842
 99.9987 28.3345 -54.6956 87.9178
 99.9992 27.1639 -54.58 87.9943
 99.9995 26.0663 -54.8824 88.0696
 99.9997 24.9252 -55.5705 88.1447
 99.9998 24.1426 -55.9535 88.2211
 99.9999 23.3789 -56.0937 88.2964
 99.9999 22.6588 -56.0978 88.3712
 100 22.0735 -56.2165 88.4466
 100 21.4576 -56.5649 88.5213
 100 20.5599 -57.3262 88.5959
 100 19.8245 -57.7227 88.6682
 100 19.1295 -57.915 88.7412
 100 18.1979 -58.0341 88.8152
 100 17.1179 -58.2036 88.8902
 100 16.1647 -58.5339 88.9652
 100 15.3063 -59.0301 89.0393
 100 14.3484 -59.8353 89.1154
 100 13.4897 -60.3907 89.1902
 100 12.6107 -60.6111 89.2642
 100 11.4203 -60.537 89.3383
 100 10.2024 -60.4315 89.4145
 100 9.14388 -60.6176 89.4895
 100 8.09106 -60.9814 89.5653
 100 6.92675 -61.2555 89.6404
 100 5.508 -61.3525 89.7184
 100 4.10243 -61.3924 89.7934
 100 2.94925 -61.5064 89.8683
 100 2.02482 -61.3987 89.9443
 100 1.23773 -61.4825 90.0223
 100 0.469249 -61.5656 90.0973
 100 -0.615741 -61.5707 90.1724
 100 -1.95957 -61.5014 90.2483
 100 -3.12051 -61.5021 90.3233
 100 -4.09893 -61.3737 90.3993
 100 -5.32093 -61.1156 90.4733
 100 -7.01236 -60.8304 90.5485
 100 -8.87036 -60.4054 90.6235
 100 -10.2334 -59.9358 90.6984
 100 -11.1089 -59.6667 90.7743
 100 -11.7749 -59.6481 90.8514
 100 -12.4086 -59.8745 90.9253
 100 -12.9758 -60.2 91.0013
 100 -13.5714 -60.5624 91.0773
 100 -14.5314 -61.207 91.1614
 100 -15.6409 -62.1356 91.2353
 99.1495 -17.3456 -64.0312 91.3099
 97.8982 -19.1789 -65.9394 91.3843
 97.2209 -20.4846 -67.0168 91.4583
 96.8995 -21.5083 -67.5843 91.5325
 96.7549 -22.2599 -67.8796 91.6073
 96.6232 -22.7563 -68.1025 91.6824
 96.2508 -23.3494 -68.5331 91.7575
 95.5029 -24.2256 -69.3142 91.8324
 94.801 -24.9993 -70.0318 91.9074
 94.2412 -25.5985 -70.5978 91.9823
 93.5331 -26.3173 -71.2975 92.0573
 92.473 -27.352 -72.3215 92.1324
 91.5041 -28.2844 -73.2474 92.2074
 90.6835 -29.0657 -74.0248 92.2843
 89.954 -29.7214 -74.8232 92.3614
 89.2027 -30.3903 -75.6259 92.4403
 88.5339 -30.9784 -76.3422 92.5214
 88.1325 -31.3312 -76.7719 92.5954
 87.9369 -31.68 -76.984 92.6704
 88.0418 -32.5766 -76.8813 92.7454
 88.4366 -34.1837 -76.4595 92.8203
 88.8184 -35.6323 -76.0424 92.8956
 89.0679 -36.5708 -75.7686 92.9705
 89.3087 -37.4459 -75.4983 93.0455
 89.6511 -38.6657 -75.0992 93.1214
 90.0927 -40.2806 -74.5242 93.2014
 90.4316 -41.5289 -74.083 93.2774
 90.6398 -42.3367 -73.7328 93.3534
 90.8709 -43.2531 -73.341 93.4274
 91.1541 -44.4228 -72.8263 93.5014
 91.4823 -45.8756 -72.1265 93.5774
 91.8307 -47.2597 -71.1155 93.6524
 92.1884 -48.16 -70.0485 93.7271
 92.5657 -48.6531 -69.0237 93.8024
 92.972 -48.96 -68.0361 93.8774
 93.4437 -49.1697 -66.9416 93.9516
 93.8742 -49.3398 -65.8974 94.0264
 94.2877 -49.3928 -64.8857 94.1014
 94.7673 -49.4614 -63.645 94.1765
 95.2474 -49.5482 -62.4201 94.2518
 95.7347 -49.5516 -61.2069 94.3264
 96.1566 -49.5602 -60.1034 94.4025
 96.4553 -49.9799 -59.138 94.4777
 96.6292 -50.3971 -58.3409 94.5533
 96.735 -50.6948 -57.8141 94.6285
 96.7811 -51.3106 -56.9297 94.7035
 96.7991 -52.5684 -55.4206 94.7795
 96.8455 -53.6334 -54.3452 94.8546
 96.6385 -54.4861 -53.9572 94.9296
 95.9611 -55.5021 -54.2672 95.0045
 95.3093 -56.3352 -54.6726 95.0814
 94.9183 -56.835 -54.9159 95.1585
 94.4618 -57.3356 -55.2589 95.2335
 93.2166 -58.4381 -56.6809 95.3095
 91.1577 -60.1257 -59.1629 95.3845
 89.3803 -61.5806 -61.1349 95.4594
 88.2614 -62.4967 -62.3605 95.5356
 87.5901 -63.0464 -63.0959 95.6124
 87.1873 -63.3762 -63.5371 95.6876
 86.9456 -63.5741 -63.8018 95.7614
 86.8006 -63.6928 -63.9607 95.8357
 86.6874 -63.7856 -64.0772 95.9115
 86.2777 -64.1211 -64.4221 95.9866
 85.6617 -64.6225 -64.9242 96.0619
 85.2655 -64.9448 -65.2465 96.1375
 85.0382 -65.2097 -65.4147 96.2126
 84.9122 -65.4401 -65.4903 96.2886
 84.8468 -65.6498 -65.5103 96.3635
 84.9012 -66.4559 -65.2812 96.4385
 84.976 -67.2623 -65.0288 96.5135
 85.0301 -67.8179 -64.8519 96.5885
 85.0625 -68.1512 -64.7457 96.6636
 85.126 -68.5215 -64.5611 96.7386
 85.2237 -69.2948 -64.2218 96.8138
 85.2989 -69.9027 -63.9667 96.8885
 85.3523 -70.3394 -63.7878 96.9635
 85.4242 -70.9616 -63.5513 97.0396
 85.4712 -71.3709 -63.3964 97.1166
 85.5105 -71.9984 -63.1947 97.1916
 85.4691 -72.8934 -63.0009 97.2665
 85.4876 -73.9002 -62.7144 97.3415
 85.53 -74.8662 -62.4112 97.4165
 85.5704 -75.6268 -62.1633 97.4928
 85.6519 -76.0768 -61.9598 97.5676
 85.9986 -76.1122 -61.6083 97.6446
 86.4731 -75.9865 -60.8246 97.7345
 86.9764 -75.8298 -59.8457 97.8095
 87.2699 -75.9174 -59.099 97.8847
 87.4314 -76.0789 -58.5177 97.9589
 87.7012 -76.0493 -57.9505 98.0367
 88.048 -75.9071 -57.299 98.1111
 88.3006 -75.8172 -56.6668 98.1861
 88.6444 -75.6666 -55.7201 98.2618
 88.9259 -75.5997 -54.7487 98.3369
 89.0775 -75.6682 -54.0333 98.4122
 89.1965 -75.7639 -53.279 98.4875
 89.6325 -75.5687 -52.1104 98.562
 90.3949 -75.0493 -50.7835 98.6387
 90.8375 -74.7746 -49.7887 98.7218
 91.3349 -74.4633 -48.4883 98.8055
 92.0089 -74.0072 -46.747 98.8801
 92.7823 -73.4358 -44.9951 98.9545
 93.2711 -73.0705 -43.9222 99.0276
 93.6791 -72.7509 -43.1346 99.1036
 94.217 -72.3015 -42.2735 99.1788
 94.5733 -72.0222 -41.4229 99.2538
 94.8737 -71.7997 -40.4429 99.3406
 95.2394 -71.5084 -39.4251 99.4167
 95.6035 -71.2089 -38.4633 99.4917
 95.9595 -70.9152 -37.4076 99.5666
 96.4028 -70.5428 -35.8958 99.6416
 96.8765 -70.1319 -34.1671 99.7166
 97.2965 -69.7561 -32.6857 99.7948
 97.8589 -69.1439 -31.3831 99.8717
 98.6319 -67.9816 -30.264 99.9476
 99.1791 -67.022 -29.437 100.023
 99.5075 -66.2435 -28.6111 100.098
 99.7045 -65.2361 -27.6525 100.173
 99.8227 -64.2782 -26.333 100.247
 99.8936 -63.4749 -24.6902 100.321
 99.9362 -62.9018 -22.8057 100.395
 99.9617 -62.5854 -21.3865 100.469
 99.977 -62.4383 -20.3962 100.544
 99.9862 -62.4886 -19.3515 100.618
 99.9917 -62.6672 -18.2407 100.694
 99.995 -62.8351 -17.5853 100.77
 99.997 -63.1049 -17.2599 100.845
 99.9982 -63.4513 -17.0067 100.919
 99.9989 -64.121 -16.7376 100.995
 99.9994 -64.9669 -16.0011 101.07
 99.9996 -65.9474 -15.6815 101.144
 99.6967 -67.3961 -15.6985 101.219
 99.1389 -69.0105 -15.9504 101.294
 98.4988 -70.5303 -16.3437 101.369
 97.556 -72.2117 -17.0769 101.445
 96.0509 -74.2069 -18.4117 101.52
 95.1019 -75.5241 -19.2325 101.595
 94.5093 -76.3375 -19.747 101.668
 94.1073 -76.8715 -20.0997 101.745
 93.8661 -77.1919 -20.3113 101.822
 93.7213 -77.3842 -20.4383 101.897
 93.6345 -77.4995 -20.5145 101.972
 93.5569 -77.5902 -20.4917 102.047
 93.4591 -77.6875 -20.3412 102.122
 93.3494 -78.0112 -20.0419 102.198
 93.2447 -78.3117 -19.7357 102.275
 93.1165 -78.5825 -19.3694 102.352
 92.8457 -79.1131 -18.4205 102.426
 92.2828 -80.1689 -16.5791 102.5
 91.94 -80.8002 -15.3847 102.574
 91.8033 -81.1099 -14.6022 102.648
 91.9506 -81.0647 -13.9126 102.724
 92.9213 -80.1309 -12.6369 102.797
 93.7569 -79.3 -11.5711 102.873
 94.2295 -78.8224 -10.864 102.949
 94.3392 -78.6604 -10.0348 103.024
 94.2953 -78.6328 -9.2119 103.099
 94.2962 -78.515 -8.05831 103.173
 94.4296 -78.2402 -6.74041 103.248
 94.7107 -77.8489 -5.69252 103.323
 95.0085 -77.4718 -4.92942 103.399
 95.6354 -76.7458 -4.00016 103.474
 96.1772 -76.0645 -3.1283 103.549
 96.4868 -75.6658 -2.57167 103.624
 96.8633 -75.024 -2.0914 103.699
 97.4175 -74.0121 -1.36314 103.775
 97.7289 -73.3971 -0.746731 103.851
 97.9496 -72.9298 0.016404 103.926
 98.124 -72.4753 1.23784 104.001
 98.3095 -72.0583 2.31975 104.076
 98.5011 -71.5611 3.01582 104.152
 98.8536 -70.6333 3.60833 104.227
 99.3122 -69.2363 4.19902 104.302
 99.5873 -67.6567 4.88056 104.377
 99.7524 -66.1886 5.50155 104.454
 99.8514 -64.5007 6.03495 104.529
 99.9109 -62.1836 6.43582 104.605
 99.9465 -60.0279 6.27149 104.68
 99.9679 -58.6875 6.12854 104.756
 99.9807 -57.8138 6.02222 104.836
 99.9884 -56.5788 6.48947 104.911
 99.9931 -54.9087 7.55009 104.987
 99.9958 -53.5932 8.3442 105.072
 99.9975 -52.8038 8.82066 105.146
 99.9985 -52.1472 9.36339 105.221
 99.9991 -51.599 10.047 105.298
 99.9995 -51.2169 10.7203 105.373
 99.9997 -50.9501 11.33 105.448
 99.9998 -50.638 12.1782 105.522
 99.9999 -50.2884 13.4751 105.597
 99.9999 -49.9985 14.5396 105.672
 100 -49.8245 15.1782 105.748
 100 -49.7201 15.5614 105.822
 100 -49.7138 15.8684 105.897
 100 -49.8607 16.3401 105.972
 100 -50.0439 16.9564 106.047
 100 -50.2108 17.5258 106.122
 100 -50.3109 17.8675 106.197
 100 -50.3709 18.0725 106.272
 100 -50.407 18.1955 106.347
 100 -50.4286 18.2693 106.422
 100 -50.4416 18.3135 106.497
 100 -50.4494 18.3401 106.573
 100 -50.454 18.3561 106.649
 100 -50.4568 18.3656 106.724
 100 -50.4585 18.3714 106.8
 100 -50.4595 18.3748 106.875
 100 -50.4601 18.3769 106.95
 100 -50.4605 18.3781 107.026
 100 -50.4607 18.3788 107.101
 100 -50.4609 18.3793 107.176
 100 -50.4609 18.3796 107.316
