 -100 1.74995 1.49415 38.3525
 -100 1.74904 1.49443 38.4266
 -100 1.69574 1.50952 38.5034
 -100 1.65085 1.50588 38.5774
 -100 1.60632 1.50868 38.6528
 -100 1.58427 1.49267 38.7274
 -100 1.43003 1.52295 38.8024
 -100 1.31538 1.56411 38.8776
 -100 1.04708 1.72913 38.9505
 -100 1.12449 2.06364 39.0254
 -100 1.4774 2.56711 39.1005
 -100 1.62353 3.49077 39.1755
 -99.4054 0.791496 4.84619 39.2505
 -98.3675 -0.173035 6.14791 39.3268
 -97.2259 -0.608224 7.5272 39.4017
 -96.0234 -0.441139 9.16787 39.4767
 -94.9735 -0.500799 10.5223 39.5644
 -94.2054 -0.607363 11.2051 39.6375
 -93.6692 -0.81963 11.6435 39.7115
 -93.2435 -0.965648 11.7767 39.7867
 -92.8039 -1.28871 11.8097 39.8615
 -92.5139 -1.5163 11.8227 39.9375
 -92.1477 -1.32128 12.1477 40.0126
 -91.7511 -0.908515 12.5992 40.0869
 -91.3174 -0.773035 12.971 40.1615
 -90.7739 -1.02752 13.1822 40.2345
 -90.0934 -1.69551 13.278 40.3085
 -89.2948 -2.43409 13.0912 40.3837
 -88.4715 -2.89907 12.9907 40.4605
 -87.8831 -3.08086 12.91 40.5355
 -87.5217 -3.20993 12.8678 40.6106
 -87.2837 -3.27752 12.8042 40.6855
 -87.0988 -3.29833 12.6897 40.7605
 -86.9353 -3.28612 12.5254 40.8347
 -86.7888 -3.2348 12.3994 40.9095
 -86.2946 -2.72348 12.404 40.9845
 -85.2835 -2.25724 12.3172 41.0605
 -83.987 -2.2199 12.0545 41.1355
 -82.9666 -2.28599 11.8028 41.2115
 -82.3238 -2.33592 11.6184 41.2866
 -81.8101 -2.60277 11.5422 41.3628
 -81.0042 -2.78908 11.8196 41.4376
 -80.0917 -2.70708 12.1323 41.5145
 -79.4148 -2.61132 12.1414 41.5955
 -78.8578 -2.81039 12.1683 41.6707
 -78.3711 -3.03521 12.0673 41.7456
 -78.0386 -3.20177 11.979 41.8205
 -77.81 -3.3386 11.9183 41.8955
 -77.6099 -3.56825 11.9261 41.9707
 -77.2834 -3.93941 11.8508 42.0457
 -76.7425 -4.18572 11.8112 42.1206
 -76.3155 -4.30386 11.7456 42.1945
 -75.9172 -4.61523 11.7211 42.2696
 -75.3674 -5.22213 11.6415 42.3436
 -74.9586 -5.67846 11.564 42.4187
 -74.7134 -5.95226 11.5175 42.4916
 -74.5662 -6.11654 11.4896 42.5658
 -74.4779 -6.21511 11.4728 42.6406
 -74.3562 -6.24323 11.3393 42.7146
 -73.9646 -6.11463 10.6804 42.7886
 -73.5829 -5.96951 10.0146 42.8626
 -73.3425 -5.8772 9.59435 42.9374
 -73.1688 -5.85987 9.33395 43.0097
 -73.0281 -5.93614 9.20293 43.0846
 -72.7929 -6.06843 9.29263 43.1588
 -72.1964 -6.12882 9.77779 43.2336
 -71.4375 -6.20548 10.1974 43.3087
 -70.8868 -6.18926 10.4362 43.3846
 -70.5005 -6.18033 10.5017 43.4597
 -70.2178 -6.23041 10.5182 43.5346
 -70.0481 -6.26045 10.5281 43.6098
 -69.8887 -6.38337 10.5453 43.6846
 -69.6897 -6.67267 10.5991 43.7596
 -69.4686 -6.95795 10.5857 43.8346
 -69.2525 -7.19672 10.5189 43.9099
 -69.0292 -7.53461 10.5159 43.9846
 -68.7513 -7.9889 10.5284 44.0596
 -68.4084 -8.52593 10.5142 44.1356
 -67.8291 -8.66116 10.529 44.2107
 -66.7586 -8.33399 10.5551 44.2868
 -66.0578 -8.10015 10.501 44.3618
 -65.6373 -7.95984 10.4685 44.438
 -65.3757 -7.89826 10.4556 44.5106
 -65.132 -7.94876 10.5369 44.5882
 -64.5571 -7.92965 10.7541 44.6706
 -63.9972 -7.95332 10.8404 44.7436
 -63.5505 -8.02634 10.7882 44.8176
 -63.23 -8.12787 10.7332 44.8917
 -62.9177 -8.27073 10.6025 44.9658
 -62.644 -8.42645 10.4632 45.0407
 -62.2607 -8.77532 10.2908 45.1148
 -61.8985 -9.06203 10.0668 45.1897
 -61.4707 -9.11862 9.94903 45.2637
 -60.8841 -9.00763 9.9329 45.3376
 -60.3889 -9.0499 9.99998 45.4117
 -59.9115 -9.16003 9.85865 45.4867
 -59.5568 -9.25077 9.69834 45.5617
 -59.3194 -9.29427 9.55766 45.6373
 -59.1536 -9.29842 9.46788 45.7097
 -58.8015 -9.03677 9.43321 45.7847
 -58.2774 -8.57528 9.35912 45.8597
 -57.7416 -8.09237 9.2433 45.9347
 -57.3721 -7.76906 9.12337 46.0097
 -57.1011 -7.55258 8.9614 46.0849
 -56.9262 -7.41707 8.84169 46.1607
 -56.8089 -7.33013 8.74734 46.2367
 -56.7262 -7.27233 8.6682 46.3117
 -56.6766 -7.23765 8.62071 46.3867
 -56.6346 -7.21121 8.56968 46.4618
 -56.6093 -7.19535 8.53906 46.5368
 -56.4908 -7.22223 8.40546 46.611
 -56.0166 -7.36099 7.85512 46.6938
 -55.3603 -7.80775 7.31018 46.7689
 -54.8514 -8.10726 6.84311 46.8438
 -54.4122 -8.22462 6.31048 46.9189
 -54.1365 -8.28936 5.96791 46.993
 -53.8622 -8.27701 5.55526 47.067
 -53.6253 -8.23541 5.16931 47.1407
 -53.4711 -8.20474 4.91466 47.2167
 -53.3785 -8.18634 4.76188 47.2907
 -53.323 -8.1753 4.6702 47.365
 -53.2897 -8.16868 4.6152 47.4397
 -53.2697 -8.1647 4.5822 47.5137
 -53.2577 -8.16232 4.5624 47.5879
 -53.2104 -8.25591 4.57718 47.6651
 -53.032 -8.09222 4.80824 47.7439
 -52.6397 -7.56902 5.3762 47.8178
 -52.393 -7.23805 5.73421 47.8927
 -52.0619 -7.46872 6.07077 47.968
 -51.5729 -8.30278 6.46992 48.0428
 -51.1753 -8.98461 6.71767 48.1191
 -50.9117 -9.38232 6.81992 48.1941
 -50.6659 -9.58104 6.71866 48.2669
 -50.334 -9.64434 6.33857 48.3419
 -49.9145 -9.60885 5.71963 48.4167
 -49.5465 -9.61988 5.20431 48.4898
 -49.12 -9.73289 4.6837 48.5658
 -48.44 -10.154 4.0509 48.6408
 -47.825 -10.4841 3.42683 48.7158
 -47.456 -10.6821 3.05238 48.791
 -47.2123 -10.8197 2.81069 48.8658
 -46.7351 -10.7159 2.92459 48.9409
 -46.3649 -10.5974 3.02191 49.0159
 -46.1181 -10.5146 3.03256 49.0919
 -45.8541 -10.6748 3.05262 49.1681
 -45.6228 -10.9129 3.08177 49.243
 -45.4391 -11.0935 3.0651 49.3176
 -45.2964 -11.2455 3.04485 49.3908
 -45.1883 -11.3555 3.0156 49.465
 -45.0508 -11.5641 3.0152 49.5409
 -44.8635 -11.8758 3.02188 49.615
 -44.7064 -12.1009 2.99164 49.6911
 -44.5897 -12.2549 2.95636 49.7729
 -44.4749 -12.3854 2.9009 49.8468
 -44.0956 -12.3236 3.05241 49.9209
 -43.344 -11.9526 3.25355 49.9952
 -42.6131 -11.785 3.36728 50.0699
 -41.9899 -11.7717 3.39198 50.1457
 -41.5577 -11.7962 3.34782 50.2199
 -41.2001 -11.7128 3.45297 50.2949
 -40.5315 -11.3164 3.78542 50.3711
 -39.6585 -10.9131 4.07873 50.4459
 -38.6953 -10.792 4.12998 50.5219
 -37.6991 -10.6147 3.97213 50.5969
 -36.8878 -10.293 4.00347 50.6739
 -36.1464 -10.0536 4.08017 50.7499
 -35.5094 -9.95392 4.09299 50.8249
 -35.0778 -9.90128 4.03322 50.9
 -34.8058 -9.86355 3.97248 50.9762
 -34.6047 -9.78645 3.99083 51.0509
 -34.2289 -9.47243 4.02214 51.1269
 -33.8144 -9.11427 4.08838 51.2039
 -33.4175 -8.79176 4.23955 51.279
 -33.0167 -8.5204 4.28657 51.3551
 -32.5728 -8.21656 4.20695 51.4309
 -32.1281 -7.84902 4.15617 51.5061
 -31.6612 -7.56279 4.03838 51.5802
 -31.1189 -7.38205 3.731 51.6551
 -30.5811 -7.28209 3.28985 51.7301
 -30.1331 -7.22288 2.8363 51.8129
 -29.707 -7.29812 2.42908 51.8869
 -29.1111 -7.10424 2.33213 51.9619
 -28.4987 -6.74436 2.32589 52.0361
 -28 -6.64788 2.40322 52.1089
 -27.5709 -6.77923 2.43072 52.1829
 -27.2534 -6.92348 2.41768 52.2579
 -27.0402 -7.06229 2.42438 52.3323
 -26.7622 -7.0797 2.52997 52.405
 -26.3291 -6.90397 2.68629 52.4799
 -25.9667 -6.76695 2.65171 52.5551
 -25.7232 -6.67174 2.57941 52.63
 -25.5657 -6.64084 2.54331 52.7049
 -25.4238 -6.69449 2.51775 52.7903
 -25.3256 -6.72019 2.47661 52.8651
 -25.2552 -6.76185 2.45922 52.9399
 -25.1902 -6.83936 2.46338 53.0149
 -25.1006 -6.89265 2.39573 53.09
 -25.0339 -6.91813 2.32932 53.165
 -24.9092 -6.99429 2.33048 53.2421
 -24.5322 -6.93177 2.44628 53.329
 -24.2439 -6.91498 2.49751 53.402
 -24.0333 -6.91823 2.48375 53.4779
 -23.884 -6.97295 2.49016 53.553
 -23.6363 -7.08927 2.61411 53.6267
 -23.1209 -7.01309 2.84299 53.702
 -22.4557 -6.80643 3.08321 53.7769
 -21.6508 -6.63157 3.19108 53.849
 -20.769 -6.31063 3.24711 53.924
 -19.9567 -5.91936 3.35014 53.9973
 -19.3063 -5.6886 3.51246 54.0722
 -18.8374 -5.47178 3.58879 54.1461
 -18.4149 -5.19942 3.74413 54.22
 -18.0042 -4.87865 3.79526 54.294
 -17.566 -4.58334 3.89803 54.3682
 -17.0072 -4.36254 3.87612 54.443
 -16.5586 -4.32464 3.84049 54.517
 -16.2251 -4.33543 3.75449 54.591
 -15.9727 -4.3485 3.63069 54.6672
 -15.7556 -4.35615 3.45752 54.742
 -15.5358 -4.4145 3.26967 54.817
 -15.2332 -4.42868 2.87847 54.889
 -14.9768 -4.53169 2.62037 54.964
 -14.7469 -4.65423 2.40783 55.0382
 -14.4938 -4.71668 2.32737 55.1131
 -14.1048 -4.51523 2.2136 55.188
 -13.7303 -4.41619 2.12677 55.2631
 -13.4038 -4.43797 1.99728 55.3381
 -13.1693 -4.46449 1.87331 55.4151
 -12.9656 -4.54826 1.76772 55.4901
 -12.7264 -4.60489 1.53072 55.565
 -12.4166 -4.7201 1.21013 55.64
 -12.0865 -4.71344 0.719884 55.7152
 -11.6548 -4.58498 -0.0634505 55.7903
 -11.3057 -4.45933 -0.724265 55.8664
 -11.0963 -4.38394 -1.12075 55.9422
 -10.9707 -4.33871 -1.35865 56.0171
 -10.8953 -4.31157 -1.50138 56.0922
 -10.7882 -4.43192 -1.54946 56.1673
 -10.6624 -4.64094 -1.5407 56.2413
 -10.5623 -4.82111 -1.52039 56.3171
 -10.4777 -4.98401 -1.49313 56.3924
 -10.427 -5.08174 -1.47678 56.4714
 -10.3965 -5.14039 -1.46697 56.5461
 -10.3783 -5.17557 -1.46108 56.6205
 -10.3673 -5.19668 -1.45755 56.6951
 -10.3607 -5.20935 -1.45543 56.7691
 -10.3201 -5.29919 -1.43155 56.8451
 -10.2225 -5.51773 -1.37195 56.9271
 -9.94232 -5.64265 -1.08689 57.0013
 -9.47262 -5.61763 -0.641505 57.0761
 -8.91214 -5.38226 -0.360623 57.1512
 -8.22074 -5.08167 -0.237857 57.2264
 -7.58027 -4.71191 -0.217787 57.3021
 -7.0892 -4.36815 -0.188947 57.3794
 -6.59435 -3.91145 -0.0627354 57.4545
 -6.29744 -3.63743 0.0129914 57.5293
 -6.11929 -3.47302 0.0584276 57.6041
 -6.01241 -3.37438 0.0856892 57.6796
 -5.94827 -3.31519 0.102046 57.7543
 -5.90774 -3.47667 0.00421424 61.5762
 -5.9005 -3.49261 0.0086253 61.6483
 -5.84602 -3.61301 0.0419258 61.7232
 -5.75088 -3.82394 0.100265 61.7973
 -5.69379 -3.95049 0.135268 61.8722
 -5.65954 -4.02642 0.15627 61.9474
 -5.66395 -4.01649 0.153522 62.0235
 -5.66659 -4.01053 0.151874 62.0985
 -5.6814 -4.014 0.178492 62.1734
 -5.60316 -4.21042 0.248224 62.2483
 -5.40907 -4.69705 0.417763 62.3233
 -5.18252 -5.2401 0.588963 62.3983
 -4.94941 -5.78955 0.753562 62.4734
 -4.77327 -6.20319 0.875557 62.5483
 -4.65551 -6.47937 0.956503 62.6234
 -4.58486 -6.64508 1.00507 62.6993
 -4.54246 -6.74451 1.03421 62.7744
 -4.49291 -6.86018 1.0672 62.8493
 -4.10633 -7.77302 1.3204 62.9244
 -3.4811 -9.28359 1.73882 63.0021
 -3.00387 -10.446 2.06076 63.0783
 -2.70625 -11.172 2.26182 63.1534
 -2.46015 -11.7787 2.4298 63.2283
 -2.29287 -12.2352 2.582 63.3046
 -2.20651 -12.516 2.70102 63.3795
 -2.14707 -12.9188 2.96625 63.455
 -1.93559 -13.6187 3.25234 63.5304
 -1.7002 -14.3258 3.50357 63.6046
 -1.58023 -14.8281 3.75329 63.6793
 -1.47794 -15.6228 4.27177 63.7534
 -1.215 -16.8496 4.89401 63.8283
 -0.889428 -18.1152 5.44014 63.9024
 -0.559656 -19.3185 5.91685 63.977
 -0.273487 -20.3035 6.27591 64.0494
 -0.05935 -21.178 6.64737 64.1245
 0.0347322 -22.0198 7.16423 64.2004
 0.0509485 -22.7768 7.72425 64.2754
 -0.0368427 -23.3067 8.26085 64.3504
 -0.218341 -23.7132 8.8379 64.4264
 -0.333696 -24.1597 9.34283 64.5031
 -0.366357 -24.5452 9.67859 64.5794
 -0.385953 -24.7765 9.88004 64.6546
 -0.404096 -24.9513 10.0365 64.7274
 -0.483528 -25.1183 10.2754 64.8104
 -0.546743 -25.225 10.446 64.8854
 -0.615808 -25.3021 10.6031 64.9614
 -0.64787 -25.61 10.8722 65.0364
 -0.702863 -26.5707 11.6321 65.1124
 -0.703782 -27.7614 12.4627 65.1875
 -0.704334 -28.4759 12.9611 65.2625
 -0.704664 -28.9045 13.2601 65.337
 -0.638861 -29.3993 13.506 65.4104
 -0.550377 -29.8747 13.7033 65.4846
 -0.489161 -30.1897 13.8301 65.5596
 -0.452431 -30.3787 13.9061 65.6344
 -0.389946 -30.641 13.9933 65.7084
 -0.32833 -30.8878 14.0706 65.7825
 -0.276006 -31.2275 14.2213 65.8565
 -0.18999 -31.7066 14.414 65.9285
 -0.0530277 -32.3232 14.6216 66.0024
 0.0586285 -32.8794 14.8235 66.0766
 0.0975041 -33.3883 15.095 66.1495
 0.15311 -34.043 15.4316 66.2286
 0.302943 -34.9178 15.7681 66.3035
 0.506143 -35.9261 16.1049 66.3784
 0.778628 -37.1983 16.4932 66.4537
 1.11218 -38.7535 16.9469 66.5285
 1.37456 -40.3769 17.3074 66.6026
 1.35507 -41.9503 17.3012 66.6774
 0.820038 -43.5643 16.6321 66.7538
 0.168509 -45.2195 15.8317 66.8265
 -0.166728 -46.9953 15.4665 66.9015
 -0.363869 -48.5814 15.2387 66.9766
 -0.700224 -49.7798 14.8393 67.0495
 -0.892358 -50.5605 14.6167 67.1244
 -0.955347 -51.3683 14.5773 67.1996
 -0.946997 -52.1621 14.6393 67.2748
 -0.958994 -52.6704 14.6091 67.3519
 -0.957135 -53.0373 14.6081 67.4306
 -1.08725 -53.7507 14.3886 67.5055
 -1.45515 -54.7585 13.3279 67.5806
 -1.58006 -55.6371 11.2937 67.6555
 -1.38131 -56.2875 8.62497 67.7307
 -1.27262 -56.7848 6.5698 67.8045
 -1.39194 -57.3108 5.10101 67.8785
 -1.7211 -58.1436 3.53471 67.9545
 -1.94276 -59.0074 1.55324 68.0295
 -2.14156 -59.7392 -0.336207 68.1037
 -2.35715 -60.4289 -1.67413 68.1766
 -2.61259 -61.183 -3.08658 68.2505
 -2.97352 -62.0292 -4.31916 68.3237
 -3.18261 -63.354 -4.92963 68.3989
 -3.1902 -64.9795 -5.11904 68.4735
 -3.00802 -65.8781 -5.59722 68.5476
 -2.61451 -66.298 -6.44704 68.6225
 -2.32628 -66.5901 -7.48617 68.6986
 -2.22897 -66.8593 -8.38458 68.7738
 -2.1273 -67.2968 -8.87385 68.8466
 -2.01971 -68.03 -9.03686 68.9215
 -1.8979 -69.0993 -8.95978 69.0009
 -1.78806 -70.1826 -8.79055 69.0758
 -1.72216 -70.8325 -8.68902 69.1489
 -1.66528 -71.4436 -8.56644 69.2236
 -1.59413 -72.3167 -8.35154 69.2987
 -1.53639 -73.0624 -8.16057 69.3735
 -1.48539 -73.7637 -7.97496 69.4485
 -1.41966 -74.7885 -7.69432 69.5246
 -1.35766 -75.8496 -7.40068 69.5996
 -1.3076 -76.6391 -7.64229 69.6746
 -1.20171 -77.1567 -8.49746 69.7506
 -1.12096 -77.5251 -9.02101 69.8256
 -0.943949 -77.7243 -9.58221 69.9005
 -0.351051 -77.6319 -10.9196 69.9757
 0.412411 -77.391 -12.5857 70.0536
 0.883926 -77.2402 -13.6143 70.1286
 1.16684 -77.1498 -14.2315 70.2045
 1.33658 -77.0955 -14.6018 70.2796
 1.43843 -77.063 -14.824 70.3536
 1.49954 -77.0434 -14.9573 70.4276
 1.5362 -77.0317 -15.0373 70.5016
 1.5582 -77.0247 -15.0852 70.576
 1.5714 -77.0204 -15.114 70.6488
 1.57932 -77.0179 -15.1313 70.7238
 1.58407 -77.0164 -15.1417 70.7986
 1.58692 -77.0155 -15.1479 70.8726
 1.58863 -77.0149 -15.1516 70.9486
 1.58966 -77.0146 -15.1539 71.0244
 1.59028 -77.0144 -15.1552 71.1066
 1.59256 -77.0463 -15.147 71.1806
 1.62259 -77.5784 -14.9969 71.2567
 1.66407 -78.3796 -14.7703 71.3307
 1.6904 -78.8925 -14.6252 71.4056
 1.70904 -79.2646 -14.5199 71.4827
 1.72709 -79.6488 -14.411 71.5577
 1.73925 -79.9115 -14.3365 71.6328
 1.74654 -80.0691 -14.2918 71.7076
 1.75092 -80.1637 -14.265 71.7826
 1.75355 -80.2204 -14.2489 71.8587
 1.75643 -80.2867 -14.2301 71.9358
 1.75817 -80.3264 -14.2188 72.0116
 1.75921 -80.3503 -14.212 72.088
 1.75983 -80.3646 -14.208 72.1676
 1.7602 -80.3732 -14.2055 72.2406
 1.76043 -80.3783 -14.2041 72.3158
 1.76056 -80.3814 -14.2032 72.3916
 1.76065 -80.3833 -14.2027 72.4667
 1.76069 -80.3844 -14.2023 72.5417
 1.76072 -80.385 -14.2021 72.6168
 1.76074 -80.3854 -14.202 72.6907
 1.76075 -80.3857 -14.202 72.7668
 1.76076 -80.3858 -14.2019 72.8406
 1.76076 -80.3859 -14.2019 72.9147
 1.76076 -80.386 -14.2019 72.9888
 1.76076 -80.386 -14.2019 73.0647
 1.76954 -80.6115 -14.1377 73.1534
 1.79212 -81.2632 -13.9522 73.2287
 1.81768 -82.1068 -13.7116 73.3027
 1.82525 -82.9105 -13.4552 73.3767
 1.8216 -83.7554 -13.1703 73.4517
 1.7968 -84.4207 -12.7711 73.5267
 1.72072 -84.8988 -11.9877 73.6027
 1.65695 -85.2451 -10.8033 73.6789
 1.67565 -85.4701 -9.47412 73.7551
 1.95517 -85.5907 -8.13351 73.8287
 2.61133 -85.344 -6.8863 73.9047
 3.70876 -84.5659 -5.53548 73.9797
 5.42355 -82.8606 -3.86696 74.0558
 7.19773 -81.167 -2.18229 74.1329
 8.73402 -80.0091 -0.65858 74.2097
 9.97348 -79.1356 0.583832 74.2847
 11.3773 -77.8492 1.92662 74.3597
 12.4668 -76.8516 2.97498 74.4347
 13.1629 -76.2484 3.65382 74.5097
 14.1726 -75.3366 4.65059 74.5849
 15.8633 -73.7839 6.36575 74.66
 17.5466 -72.1885 8.09905 74.7344
 18.6151 -71.1724 9.2014 74.8087
 19.2562 -70.5626 9.86282 74.8839
 19.8547 -69.9802 10.4887 74.9577
 20.5228 -69.3142 11.1985 75.0338
 20.9622 -68.875 11.6661 75.1087
 21.2258 -68.6114 11.9467 75.1853
 21.4799 -68.354 12.2198 75.2607
 21.9761 -67.8406 12.7615 75.3358
 22.933 -66.8285 13.8252 75.4099
 23.8786 -65.8154 14.8879 75.4848
 24.451 -65.2745 15.5441 75.5588
 24.8018 -65.0504 15.9658 75.6328
 25.1401 -65.0283 16.4116 75.7078
 25.5271 -65.3753 17.0487 75.7828
 26.0623 -66.0384 17.9354 75.858
 26.8715 -66.4412 19.3633 75.9328
 27.8422 -66.466 21.1945 76.0078
 28.3807 -66.9443 22.8809 76.0828
 28.4149 -68.084 24.5552 76.1569
 28.2327 -68.8906 26.0222 76.2328
 28.2232 -69.2065 27.1826 76.3078
 28.3406 -69.304 28.0994 76.3828
 28.6744 -69.0279 29.3761 76.4578
 28.9794 -69.0354 31.1665 76.5329
 29.1521 -69.6642 32.436 76.6078
 29.3938 -69.9069 33.382 76.6828
 29.8008 -69.7376 34.4693 76.7581
 30.3579 -69.4164 36.1866 76.8329
 31.03 -68.8451 37.8093 76.9079
 31.6345 -68.2582 38.9988 76.9828
 32.4347 -67.1946 40.0344 77.0589
 33.3684 -66.2171 40.5864 77.133
 34.5098 -65.1816 40.8525 77.2081
 35.8468 -63.8585 41.0219 77.284
 37.5554 -62.1699 40.2633 77.3599
 39.3257 -60.6229 39.4479 77.4338
 40.4505 -59.6047 39.0491 77.5079
 41.2069 -58.8621 38.8621 77.5818
 41.9939 -58.0628 38.8105 77.6563
 43.2159 -56.8785 38.7945 77.729
 44.6105 -55.3945 39.2308 77.803
 45.7283 -54.1207 39.8007 77.8779
 47.021 -53.0403 39.5514 77.9529
 48.8317 -51.8017 38.5249 78.0278
 50.4425 -50.5663 37.9161 78.1029
 51.6336 -49.5091 37.3917 78.1789
 52.9968 -48.3856 36.0276 78.2539
 54.6599 -47.248 33.8769 78.329
 55.935 -46.3304 32.1569 78.404
 56.7399 -45.3413 30.9229 78.4789
 57.3924 -44.09 29.6357 78.5538
 57.8487 -43.1514 28.9605 78.6301
 58.1225 -42.5883 28.5554 78.7051
 58.332 -42.1795 28.382 78.7819
 58.6817 -41.5788 28.6265 78.8579
 59.3018 -40.5511 29.4261 78.9339
 59.9321 -39.503 30.3272 79.0089
 60.3953 -38.7299 31.0086 79.0839
 60.7075 -37.9179 31.4155 79.1599
 61.0524 -36.8471 31.8061 79.2349
 61.5879 -35.5288 32.6116 79.3099
 62.2548 -34.1033 33.7105 79.3843
 62.8241 -32.9293 34.6787 79.4641
 63.1915 -32.1758 35.3071 79.5381
 63.4634 -31.6254 35.7793 79.6123
 63.7288 -31.0982 36.2531 79.687
 64.0396 -30.4857 36.8235 79.7609
 64.4251 -29.7221 37.5481 79.8357
 64.6608 -28.8613 38.0289 79.9079
 64.7146 -27.9278 38.2072 79.9832
 64.6886 -26.9364 38.2612 80.0579
 64.7068 -25.8654 38.4122 80.1319
 64.6451 -24.4513 38.4821 80.207
 64.6325 -22.9739 38.6643 80.2821
 64.7686 -21.6086 39.1082 80.3571
 64.9169 -20.6389 39.5196 80.4299
 65.1155 -19.8056 40.0083 80.505
 65.4072 -18.9021 40.6894 80.5809
 65.7612 -17.9297 41.5111 80.6559
 66.1176 -16.9908 42.3449 80.731
 66.4826 -16.0453 43.2112 80.8065
 66.8685 -15.0433 44.1465 80.8809
 67.2813 -13.9546 45.1733 80.9574
 67.7409 -12.7084 46.3545 81.0299
 68.2632 -11.2351 47.7534 81.1061
 68.4999 -9.74863 48.625 81.181
 68.6341 -8.66954 49.0424 81.2588
 68.8965 -7.45856 48.7196 81.3345
 69.5612 -5.77089 47.2731 81.408
 70.3833 -4.24353 45.5205 81.494
 70.9052 -3.27701 44.3979 81.569
 71.4304 -2.45641 43.2843 81.644
 71.9786 -1.597 42.054 81.7202
 72.3077 -0.693502 41.0382 81.794
 72.4955 0.193925 40.1911 81.868
 72.9318 1.29336 38.8291 81.942
 73.4374 2.41183 37.3303 82.0169
 73.7404 3.20038 36.3406 82.0891
 73.9466 3.72358 35.6743 82.1631
 74.0995 4.2468 35.0709 82.2384
 74.1192 4.92154 34.5235 82.3172
 74.0627 5.5537 34.1661 82.3932
 74.0585 6.09614 34.0679 82.4682
 74.0748 6.8487 34.2149 82.5431
 73.9357 7.95778 34.3193 82.6181
 73.8358 9.03148 34.5295 82.6941
 73.7475 9.97247 34.7368 82.769
 73.6299 10.8742 34.8994 82.8432
 73.4078 11.7806 34.8987 82.9181
 73.1296 12.8003 34.8669 82.993
 72.8577 13.7877 34.8434 83.0686
 72.5518 14.7101 34.7402 83.1432
 72.1805 15.6915 34.5625 83.218
 71.6939 16.8707 34.2959 83.293
 71.0758 18.3376 33.8999 83.3701
 70.3094 20.103 33.3912 83.4451
 69.3642 22.2031 32.7713 83.5201
 68.2313 24.5841 32.0907 83.5952
 67.121 27.0392 31.2507 83.6701
 66.1302 29.3114 30.3769 83.7453
 65.2717 31.3443 29.5183 83.82
 64.6186 33.2178 28.4947 83.8954
 64.1937 35.0118 27.1879 83.9704
 64.0242 36.7437 25.5334 84.0451
 64.1958 38.4663 23.3273 84.1201
 64.7111 40.1089 20.6204 84.1951
 65.4887 41.5412 17.678 84.2691
 66.505 42.7411 14.5515 84.3471
 67.4764 43.6937 11.7394 84.4211
 68.1226 44.3068 9.88433 84.4948
 68.523 44.683 8.73773 84.5671
 68.7632 44.9087 8.04978 84.6421
 68.8854 45.1613 7.51056 84.7162
 69.0129 45.6134 6.66475 84.7892
 68.9835 46.2528 5.96339 84.8643
 69.1103 47.3872 6.22221 84.9391
 69.4038 49.0938 7.25345 85.0152
 69.5106 50.5778 7.69023 85.0912
 70.0388 51.7807 6.66643 85.1651
 70.9112 52.8968 4.41391 85.2402
 71.6883 53.7552 2.27196 85.3151
 72.241 54.3359 0.711023 85.3924
 72.7214 54.7991 -0.709125 85.4671
 73.2473 55.2654 -2.35846 85.5441
 73.8314 55.7662 -4.28832 85.6192
 74.2976 56.1648 -5.86563 85.6952
 74.6436 56.4612 -7.05709 85.7713
 75.0275 56.7943 -8.43872 85.8463
 75.4195 57.141 -9.90146 85.9216
 75.7596 57.4469 -11.2027 85.9974
 76.0151 57.6793 -12.1956 86.0728
 76.2278 57.8758 -13.0392 86.1464
 76.5369 58.1727 -14.326 86.2214
 76.8562 58.4346 -15.5881 86.2963
 77.0781 58.5697 -16.3726 86.3692
 77.3249 58.5543 -16.9168 86.4442
 77.7382 58.3928 -17.569 86.5193
 78.3464 58.1943 -18.6364 86.6071
 78.8875 58.1063 -19.7903 86.6812
 79.4282 58.0787 -21.097 86.7574
 80.1387 57.9541 -22.6638 86.8326
 80.9607 57.6145 -24.074 86.9063
 81.6246 57.3949 -25.3584 86.9812
 82.1457 57.3081 -26.5853 87.0579
 82.4989 57.3129 -27.5766 87.1337
 82.7353 57.3396 -28.4167 87.2064
 82.9564 57.2806 -28.9683 87.2814
 83.2639 57.1195 -29.5041 87.3576
 83.7106 56.9013 -30.3065 87.4347
 84.2926 56.6038 -31.3262 87.5072
 84.7337 56.2054 -32.1475 87.5822
 85.0255 55.9896 -33.1605 87.6572
 85.235 55.9083 -34.2629 87.7332
 85.3509 55.8258 -35.1876 87.8084
 85.3821 55.6851 -35.8842 87.8832
 85.5621 55.0658 -36.4173 87.9583
 85.888 54.0497 -36.8885 88.0332
 86.1603 53.0512 -37.2933 88.1082
 86.2662 52.2478 -37.7098 88.1842
 86.265 51.1599 -38.3489 88.2607
 86.4791 49.283 -39.109 88.3365
 86.8457 46.8677 -39.9193 88.4113
 87.0896 43.9744 -41.0362 88.4882
 87.0159 41.3569 -42.3283 88.5642
 86.903 39.664 -43.2298 88.6512
 86.6613 38.2748 -44.1145 88.7262
 86.1798 36.1453 -45.5229 88.8002
 85.6779 33.3782 -47.1477 88.8753
 85.3469 30.9271 -48.4322 88.9492
 85.0751 28.9768 -49.4426 89.0242
 84.7117 27.3824 -50.3973 89.0983
 84.0562 25.779 -51.6268 89.1723
 83.3823 24.411 -52.7756 89.2473
 82.9967 23.5583 -53.4557 89.3213
 82.7487 23.0229 -53.8879 89.397
 82.4354 22.4727 -54.4249 89.4695
 82.0636 21.8254 -55.0262 89.5462
 81.6727 21.209 -55.6633 89.6213
 81.3129 20.6963 -56.4206 89.6968
 81.059 20.3739 -57.1671 89.7693
 80.9198 20.2366 -57.8359 89.8445
 80.8546 20.2387 -58.5687 89.9193
 80.8477 20.409 -59.6726 89.9943
 80.8558 20.5864 -60.6305 90.0703
 80.877 20.8057 -61.6492 90.148
 80.9061 21.0787 -62.8161 90.2263
 80.9344 21.3651 -63.9987 90.3013
 80.9534 21.5653 -64.8197 90.3791
 80.966 21.7043 -65.3866 90.4557
 80.9987 21.8695 -66.1637 90.5293
 81.0797 22.0064 -67.1237 90.6053
 81.2632 22.0193 -68.2319 90.6873
 81.4486 21.9863 -69.1959 90.7625
 81.5551 22.0809 -70.2228 90.8383
 81.6099 22.2712 -71.3629 90.9123
 81.6504 22.4781 -72.5249 90.9954
 81.5976 22.4833 -73.4437 91.0694
 81.2594 21.7361 -74.7113 91.1455
 80.7384 20.2477 -76.1788 91.2193
 80.2957 18.5716 -77.4025 91.2945
 80.045 17.4349 -78.1923 91.3683
 79.7777 16.6729 -79.1327 91.4433
 79.2077 15.5834 -80.806 91.5177
 78.822 14.293 -82.2468 91.5924
 78.6362 13.2704 -83.1603 91.6663
 78.4046 12.3465 -83.9502 91.7413
 78.2788 10.9998 -84.6037 91.8154
 78.3317 9.10996 -85.081 91.8904
 78.3545 6.61601 -85.5988 91.9664
 78.533 3.9035 -85.9464 92.0414
 78.7843 1.1982 -86.1728 92.1168
 78.9655 -1.50697 -86.4094 92.1893
 79.2219 -3.99364 -86.5144 92.2644
 79.6851 -6.14169 -86.3716 92.3394
 80.2752 -8.03382 -86.0667 92.4144
 81.063 -9.98409 -85.5671 92.4895
 82.0737 -12.0066 -84.849 92.5663
 83.0696 -13.7765 -83.992 92.6414
 83.9901 -15.4194 -82.7697 92.717
 84.8971 -16.6184 -80.9724 92.7904
 85.6135 -17.3484 -79.2816 92.8664
 86.192 -17.9083 -77.6778 92.9424
 86.8322 -18.2756 -75.944 93.0198
 87.3859 -18.7636 -74.331 93.0954
 87.8017 -19.3483 -73.1025 93.1704
 88.1172 -19.8764 -71.8816 93.2444
 88.3736 -20.238 -71.0085 93.3184
 88.5275 -20.4549 -70.4846 93.3924
 88.6198 -20.5851 -70.1703 93.4674
 88.6653 -20.7197 -69.9934 93.5416
 88.6926 -20.8005 -69.8872 93.6165
 88.6086 -20.9957 -69.9252 93.6885
 86.51 -22.9322 -72.4787 93.7674
 83.7515 -25.4535 -75.3585 93.8414
 82.1568 -27.0461 -77.0319 93.9159
 81.3662 -28.4764 -77.8819 93.9885
 80.9153 -29.4025 -78.3698 94.0637
 80.6447 -29.9582 -78.6625 94.1384
 80.4824 -30.2916 -78.8382 94.2134
 80.3604 -30.5134 -78.9651 94.2885
 80.2872 -30.6465 -79.0413 94.3644
 80.2432 -30.7263 -79.087 94.4404
 80.2636 -30.9101 -79.0701 94.5154
 80.4033 -31.3945 -78.9381 94.5906
 80.5899 -31.9917 -78.7586 94.6655
 80.4039 -32.6106 -78.9087 94.7414
 79.9426 -33.285 -79.2984 94.8154
 79.7412 -34.0181 -79.4529 94.8906
 79.7631 -34.9019 -79.3995 94.9655
 79.8406 -35.9418 -79.2844 95.0416
 79.8049 -37.0249 -79.2623 95.1198
 79.5394 -37.9241 -79.4499 95.1975
 78.9191 -38.8492 -79.9432 95.2725
 78.315 -39.5965 -80.4288 95.3479
 77.8492 -40.1302 -80.8042 95.4235
 77.6356 -40.7803 -80.9476 95.5047
 77.5634 -41.805 -80.9338 95.5805
 77.37 -42.7962 -81.0238 95.6555
 77.159 -43.5102 -81.1498 95.7311
 76.8369 -44.3912 -81.3528 95.8115
 76.1708 -45.548 -81.82 95.8858
 75.4781 -46.4731 -82.3275 95.9615
 75.0358 -47.0491 -82.6526 96.0368
 74.6902 -47.4575 -82.9095 96.1115
 74.4385 -47.7789 -83.0932 96.1916
 74.2524 -48.0824 -83.2212 96.2666
 74.1231 -48.3199 -83.3069 96.3415
 73.9918 -48.5042 -83.3994 96.4162
 73.8685 -48.6911 -83.4843 96.4886
 73.7143 -48.9901 -83.5823 96.5635
 73.532 -49.3218 -83.6997 96.6385
 73.3956 -49.5417 -83.7906 96.7146
 73.3498 -49.8115 -83.7982 96.7899
 73.4546 -50.4914 -83.6263 96.8655
 73.6464 -51.4185 -83.3454 96.9405
 73.8461 -52.2086 -83.0367 97.0155
 74.048 -52.715 -82.596 97.0905
 74.3664 -53.3114 -81.8669 97.1666
 74.6617 -54.1215 -81.2737 97.2415
 74.9015 -54.8863 -80.8215 97.3166
 75.1664 -55.6822 -80.0287 97.3896
 75.5131 -56.2383 -79.01 97.4646
 75.7234 -56.6309 -78.3141 97.5408
 75.8857 -57.1124 -77.7153 97.6166
 76.0763 -57.8567 -77.1982 97.6926
 76.2537 -58.6192 -76.7782 97.7677
 76.4351 -59.4632 -76.3916 97.8437
 76.6689 -60.6384 -75.9257 97.9186
 76.9401 -62.0848 -75.3854 97.9926
 77.1801 -63.4124 -74.8988 98.0666
 77.3176 -64.3405 -74.4013 98.1406
 77.3867 -65.2078 -73.6433 98.2174
 77.424 -66.2044 -72.6076 98.2955
 77.4631 -67.2543 -71.5728 98.3677
 77.4888 -68.1699 -70.6609 98.4427
 77.4901 -69.0411 -69.7154 98.5171
 77.4882 -69.8974 -68.8089 98.5896
 77.5307 -70.575 -67.8079 98.6646
 77.7151 -70.9064 -66.8489 98.7407
 77.8898 -71.1256 -66.0564 98.8221
 78.0754 -71.2324 -65.3199 98.8986
 78.2417 -71.3565 -64.2755 98.9737
 78.3121 -71.6206 -63.362 99.0486
 78.677 -71.5259 -62.5654 99.1236
 81.0066 -69.7599 -60.4105 99.1996
 83.1307 -68.1289 -58.5099 99.276
 84.4368 -67.402 -57.2826 99.3546
 85.2204 -66.9658 -56.5463 99.4296
 85.6906 -66.7042 -56.1045 99.5047
 85.9904 -66.691 -55.7897 99.5796
 86.209 -67.0072 -55.4887 99.6567
 86.3895 -67.6294 -55.1581 99.7336
 86.5175 -68.1831 -54.8971 99.8097
 86.5208 -68.6166 -54.7918 99.8936
 86.3643 -69.2452 -54.8018 99.9687
 85.9939 -70.2432 -54.9357 100.044
 85.6216 -71.0437 -55.1173 100.119
 85.4015 -71.5602 -55.2137 100.193
 85.3059 -72.2679 -55.1318 100.269
 85.2886 -73.1632 -54.9169 100.344
 85.3013 -73.9904 -54.6857 100.419
 85.3201 -74.6318 -54.4956 100.494
 85.3579 -75.5004 -54.1791 100.569
 85.3332 -76.4549 -53.5547 100.643
 85.2766 -77.1482 -52.8281 100.718
 85.1504 -77.7775 -51.9429 100.792
 84.8181 -78.5878 -50.2956 100.868
 84.469 -79.2695 -48.7111 100.942
 84.2431 -79.7378 -47.6777 101.017
 84.0234 -80.3157 -46.6441 101.093
 83.7541 -80.9062 -45.4749 101.165
 83.6172 -81.2878 -44.614 101.24
 83.4108 -81.7001 -43.6321 101.317
 83.1963 -82.3656 -42.3785 101.393
 83.1151 -82.7336 -41.4591 101.468
 83.1087 -82.9347 -40.6152 101.543
 83.3621 -82.8503 -39.6821 101.619
 83.647 -82.6911 -38.926 101.694
 83.7574 -82.6741 -37.959 101.769
 83.8217 -82.6868 -36.8583 101.843
 83.8602 -82.6945 -36.1979 101.918
 83.8288 -82.7539 -35.6292 101.992
 83.8458 -82.7782 -34.6013 102.067
 84.4632 -82.2633 -33.2014 102.143
 85.2049 -81.6219 -32.0396 102.218
 85.8959 -81.0148 -31.1273 102.294
 87.2103 -79.8221 -29.7795 102.367
 88.669 -78.4739 -28.3607 102.444
 89.5442 -77.665 -27.5094 102.519
 90.0693 -77.1796 -26.9987 102.595
 90.3607 -76.91 -26.6234 102.671
 90.4036 -76.8665 -26.02 102.745
 90.4155 -76.8473 -25.3519 102.826
 90.8803 -76.391 -24.4784 102.9
 91.855 -75.4292 -23.2932 102.974
 92.5087 -74.7831 -22.5158 103.048
 92.9009 -74.3954 -22.0493 103.122
 93.1362 -74.1627 -21.7694 103.197
 93.3088 -73.986 -21.4322 103.271
 93.5038 -73.7876 -21.1412 103.344
 93.5934 -73.688 -20.8073 103.418
 93.6346 -73.6388 -20.5726 103.493
 93.6593 -73.6094 -20.4318 103.568
 93.6741 -73.5917 -20.3473 103.643
 93.7058 -73.558 -20.2745 103.718
 93.8842 -73.3758 -20.0756 103.793
 94.1047 -73.1507 -19.8452 103.869
 94.3049 -72.9461 -19.6403 103.944
 94.6154 -72.6249 -19.2829 104.019
 94.9008 -72.3072 -18.5937 104.095
 95.0591 -72.1272 -18.1459 104.171
 95.1523 -71.9996 -17.5483 104.246
 95.338 -71.7627 -16.7269 104.322
 95.4704 -71.5612 -15.7359 104.398
 95.6442 -71.3148 -14.7572 104.475
 95.7541 -71.1353 -13.8757 104.548
 95.714 -71.0782 -12.7807 104.624
 95.7358 -70.9642 -11.7849 104.699
 95.8147 -70.792 -10.8261 104.773
 96.0399 -70.4856 -10.014 104.847
 96.2598 -70.1901 -9.28949 104.923
 96.784 -69.5567 -8.33425 105.003
 97.2573 -68.9818 -7.48906 105.078
 97.5413 -68.6369 -6.98194 105.153
 97.9189 -68.1902 -6.45031 105.227
 98.5556 -67.4408 -5.67542 105.301
 98.9567 -66.9299 -5.19888 105.376
 99.1974 -66.6234 -4.91295 105.448
 99.3621 -66.4153 -4.71855 105.522
 99.461 -66.2905 -4.60192 105.596
 99.6016 -66.119 -4.44051 105.669
 99.6859 -66.0161 -4.34367 105.744
 99.7365 -65.9543 -4.28556 105.819
 99.8074 -65.8689 -4.20497 105.894
 99.8845 -65.703 -3.91768 105.97
 99.9307 -65.6199 -3.58697 106.045
 99.799 -65.6812 -3.01654 106.12
 99.6796 -65.6691 -2.10886 106.195
 99.6053 -65.5963 -1.15705 106.27
 99.4533 -65.6226 -0.350374 106.345
 99.1138 -65.7977 0.671057 106.42
 98.8193 -65.8998 1.80082 106.495
 98.79 -65.7465 2.80894 106.57
 98.7765 -65.5766 3.78597 106.646
 98.6071 -65.5729 4.70606 106.721
 98.5054 -65.5706 5.25812 106.797
 98.4444 -65.5693 5.58935 106.87
 98.4078 -65.5685 5.78809 106.945
 98.3858 -65.568 5.90733 107.021
 98.3727 -65.5677 5.97888 107.096
 98.3647 -65.5675 6.0218 107.181
 98.36 -65.5674 6.04756 107.258
 98.3572 -65.5673 6.06301 107.332
 98.3555 -65.5673 6.07229 107.408
 98.3544 -65.5673 6.07785 107.483
 98.3538 -65.5672 6.08119 107.558
 98.3534 -65.5672 6.08319 107.632
 98.3532 -65.5672 6.08439 107.706
 98.3531 -65.5672 6.08511 107.781
 98.353 -65.5672 6.08555 107.856
 98.353 -65.5672 6.08581 107.929
 98.3529 -65.5672 6.08596 108.005
 98.3529 -65.5672 6.08606 108.08
 98.3529 -65.5672 6.08611 108.155
 98.3529 -65.5672 6.08615 108.231
 98.3529 -65.5672 6.08617 108.306
 98.3529 -65.5672 6.08618 108.381
 98.3529 -65.5672 6.08618 108.457
 98.3529 -65.5672 6.08619 108.53
 98.3529 -65.5672 6.08619 108.605
 98.3529 -65.5672 6.08619 108.681
 98.3529 -65.5672 6.08619 108.756
 98.3529 -65.5672 6.0862 108.831
 98.3529 -65.5672 6.0862 108.906
 98.3529 -65.5672 6.0862 109.09
