 -100 -1.77208 -0.745959 40.9376
 -100 -1.76782 -0.761895 41.0136
 -100 -1.76526 -0.771457 41.0906
 -100 -1.76373 -0.777194 41.1656
 -100 -1.75832 -0.798405 41.2418
 -100 -1.75057 -0.828906 41.3188
 -100 -1.73693 -0.882772 41.3939
 -100 -1.71525 -0.96848 41.4666
 -100 -1.68873 -1.07334 41.5416
 -100 -1.74391 -1.11689 41.6246
 -100 -2.1607 -1.0718 41.6986
 -100 -3.20394 -0.828809 41.7726
 -100 -4.2015 -0.834422 41.8476
 -100 -4.78853 -1.027 41.9226
 -100 -5.18344 -1.24989 41.9977
 -99.9143 -5.44774 -1.30338 42.0726
 -99.0328 -5.87539 -1.69032 42.1466
 -97.6575 -6.29053 -1.93643 42.2211
 -96.5637 -6.59844 -2.11017 42.2958
 -95.9075 -6.78319 -2.21441 42.3706
 -95.459 -7.0286 -2.24109 42.4436
 -94.8724 -7.96936 -2.04556 42.5212
 -94.232 -9.27735 -1.72989 42.5959
 -93.7939 -10.1759 -1.52811 42.6687
 -93.5311 -10.715 -1.40705 42.7437
 -93.3496 -11.0735 -1.34305 42.819
 -93.1057 -11.4796 -1.36191 42.8934
 -92.8563 -11.7191 -1.55513 42.9658
 -92.6891 -11.8541 -1.70961 43.0408
 -92.5337 -12.0255 -1.81463 43.1157
 -92.2595 -12.1818 -1.79748 43.1916
 -91.5054 -12.1607 -1.78393 43.2677
 -90.6917 -11.9363 -1.71903 43.3427
 -90.1759 -11.7942 -1.64672 43.4194
 -89.7583 -11.5666 -1.48271 43.5031
 -89.1757 -10.9954 -1.0398 43.5788
 -88.2535 -10.091 -0.59165 43.6541
 -87.1758 -9.31179 -0.265941 43.7267
 -86.0698 -8.71104 -0.0196702 43.8017
 -85.1673 -8.20942 0.0490811 43.8767
 -84.4596 -7.71613 0.260008 43.9528
 -83.7995 -7.09907 0.634056 44.0269
 -83.0616 -6.31149 1.02507 44.1011
 -82.4821 -5.69041 1.25649 44.1768
 -82.0685 -5.34963 1.3664 44.2525
 -81.6661 -5.41941 1.4516 44.3284
 -81.3389 -5.49322 1.3976 44.4037
 -81.115 -5.57396 1.35626 44.4784
 -80.7905 -5.95596 1.34747 44.5522
 -80.2916 -6.56448 1.21709 44.627
 -79.7697 -7.17422 1.01365 44.7027
 -79.312 -7.56955 0.687147 44.7778
 -78.9579 -7.7667 0.325288 44.853
 -78.6562 -8.07051 0.13929 44.9257
 -78.264 -8.53154 -0.0522115 45.0019
 -77.8813 -8.99155 -0.234528 45.0768
 -77.6217 -9.25261 -0.406661 45.1517
 -77.4061 -9.37932 -0.63558 45.2277
 -77.1345 -9.53881 -0.927174 45.3027
 -76.7856 -9.82565 -1.22809 45.3794
 -76.3192 -10.336 -1.51584 45.4551
 -75.8724 -10.819 -1.8002 45.5279
 -75.4648 -11.2477 -2.07326 45.6067
 -75.079 -11.8001 -2.19843 45.6817
 -74.6739 -12.3593 -2.35312 45.7568
 -74.2544 -12.8698 -2.58036 45.8327
 -73.9739 -13.1882 -2.75377 45.9078
 -73.7885 -13.4233 -2.84617 45.9829
 -73.5616 -13.7698 -2.90768 46.0586
 -73.3541 -14.1004 -2.95252 46.1344
 -73.2041 -14.365 -2.96187 46.2077
 -73.0026 -14.7847 -2.91867 46.2848
 -72.755 -15.2119 -2.94767 46.3602
 -72.5154 -15.5823 -3.01618 46.4366
 -72.2942 -15.854 -3.0464 46.5088
 -71.9033 -15.8767 -2.99327 46.5838
 -71.335 -15.8361 -2.88804 46.6582
 -70.7126 -15.5414 -2.70859 46.7334
 -70.2128 -15.2173 -2.50493 46.8058
 -69.8117 -14.9334 -2.28973 46.8838
 -69.4133 -14.5998 -2.12969 46.9578
 -69.0427 -14.3046 -2.04348 47.0328
 -68.696 -14.0062 -1.86685 47.1078
 -68.2949 -13.623 -1.57898 47.1843
 -67.8476 -13.1342 -1.19808 47.2589
 -67.4417 -12.6641 -0.817575 47.3344
 -67.0034 -12.1158 -0.319433 47.41
 -66.5833 -11.6049 0.19282 47.487
 -66.2515 -11.3748 0.541102 47.562
 -65.9919 -11.2889 0.70257 47.6398
 -65.6273 -11.4626 0.675188 47.7153
 -65.1984 -11.9284 0.653802 47.7878
 -64.5951 -12.2847 0.699109 47.8655
 -63.7164 -12.461 0.70944 47.9419
 -62.7223 -12.5197 0.675848 48.0168
 -61.8982 -12.5462 0.734159 48.0919
 -61.2275 -12.5121 0.941978 48.1672
 -60.6507 -12.2888 1.30287 48.2418
 -60.1991 -12.0089 1.66758 48.3172
 -59.9281 -11.841 1.88641 48.3928
 -59.7655 -11.7402 2.01771 48.4672
 -59.5163 -11.4684 2.31114 48.5431
 -59.1006 -10.9295 2.86875 48.6233
 -58.8512 -10.6061 3.20332 48.6979
 -58.7016 -10.4121 3.40406 48.7724
 -58.6022 -10.3191 3.53101 48.8475
 -58.4947 -10.38 3.63973 48.9237
 -58.2404 -10.8852 3.83557 48.9985
 -57.8081 -11.8957 4.15018 49.0731
 -57.4732 -12.5515 4.26791 49.1459
 -57.2483 -12.9341 4.2931 49.22
 -57.0536 -13.1367 4.19449 49.2951
 -56.8309 -13.3498 4.05435 49.3729
 -56.5914 -13.5695 3.88912 49.4489
 -56.2389 -13.9146 3.65664 49.526
 -55.5246 -14.101 3.57442 49.6018
 -54.5083 -14.3514 3.34611 49.6773
 -53.5011 -14.653 3.03239 49.7525
 -52.6322 -14.7857 2.85076 49.8272
 -51.9574 -14.7973 2.70012 49.9027
 -51.429 -14.6704 2.65906 49.9792
 -50.8894 -14.5073 2.67461 50.0553
 -50.2813 -14.2827 2.64732 50.1279
 -49.634 -14.0392 2.66534 50.2029
 -48.9457 -13.8743 2.71377 50.2788
 -48.3699 -13.7489 2.77903 50.355
 -47.8337 -13.5713 2.89979 50.428
 -47.2787 -13.2496 3.04517 50.5029
 -46.7398 -12.894 3.24272 50.5794
 -46.2329 -12.5098 3.44765 50.6631
 -45.8176 -12.1352 3.687 50.7419
 -45.4046 -11.8706 3.90946 50.818
 -45.059 -11.843 4.01257 50.8949
 -44.729 -11.9461 3.99612 50.967
 -44.4434 -12.1148 3.94885 51.044
 -44.1218 -12.2939 3.76288 51.1179
 -43.8013 -12.4604 3.51042 51.193
 -43.5641 -12.5985 3.32455 51.2681
 -43.2921 -12.8579 3.17179 51.3429
 -42.9567 -13.1114 2.90402 51.4179
 -42.1716 -13.0058 2.78237 51.4941
 -40.8029 -12.7221 2.41641 51.5711
 -38.9941 -12.3242 1.87419 51.646
 -37.2669 -11.6359 1.5116 51.7211
 -35.9813 -11.0998 1.23476 51.7962
 -35.1401 -10.8365 1.01454 51.8691
 -34.5655 -10.7371 0.828234 51.944
 -34.1529 -10.7678 0.694408 52.0218
 -33.85 -10.883 0.617212 52.0965
 -33.6257 -11.0551 0.599166 52.169
 -33.2953 -11.1357 0.650357 52.246
 -32.9197 -11.0656 0.740242 52.3217
 -32.5878 -11.0839 0.739872 52.3967
 -32.242 -11.3031 0.702549 52.47
 -31.8714 -11.5729 0.55275 52.5463
 -31.451 -11.7003 0.568839 52.6211
 -31.0286 -11.8028 0.560577 52.7043
 -30.7151 -11.8857 0.537425 52.78
 -30.5036 -11.9553 0.505252 52.8562
 -30.2896 -12.1736 0.510619 52.932
 -30.0168 -12.3555 0.502938 53.0071
 -29.6414 -12.2319 0.573311 53.0823
 -29.1993 -12.0395 0.675499 53.168
 -28.8544 -11.8256 0.803687 53.241
 -28.5299 -11.5758 1.03598 53.3151
 -28.2235 -11.4059 1.26423 53.389
 -27.8962 -11.1449 1.59434 53.464
 -27.4587 -10.8146 2.1013 53.5392
 -27.0652 -10.4422 2.54825 53.6147
 -26.6399 -10.0733 3.06351 53.6879
 -26.2808 -9.71434 3.47868 53.7752
 -25.9878 -9.38628 3.8408 53.85
 -25.7467 -9.12022 4.06333 53.9241
 -25.5235 -8.88486 4.17644 53.9997
 -25.3496 -8.72436 4.16722 54.0747
 -25.2319 -8.62163 4.13599 54.1489
 -25.0837 -8.55419 3.99598 54.2352
 -24.9236 -8.6064 3.88988 54.308
 -24.6758 -8.6093 3.79497 54.3832
 -24.3495 -8.53226 3.78928 54.4582
 -24.0063 -8.51083 3.86586 54.5335
 -23.6859 -8.45574 3.9249 54.6061
 -23.4449 -8.45028 3.96823 54.6821
 -23.24 -8.51367 3.96465 54.7573
 -23.0454 -8.64501 3.9403 54.8322
 -22.855 -8.78417 3.87013 54.9071
 -22.714 -8.85469 3.77613 54.9827
 -22.6183 -8.92362 3.72714 55.0581
 -22.5474 -8.9585 3.67179 55.1333
 -22.4112 -9.12627 3.63111 55.2104
 -22.1914 -9.28826 3.45431 55.2961
 -21.9574 -9.39991 3.20674 55.3701
 -21.7659 -9.47414 2.98736 55.4463
 -21.6245 -9.50567 2.80353 55.5211
 -21.4867 -9.49856 2.58874 55.5971
 -21.3125 -9.67507 2.4856 55.6731
 -21.0858 -9.86993 2.37519 55.7471
 -20.7987 -10.0045 2.26479 55.8251
 -20.3299 -9.95148 2.30734 55.8991
 -19.5105 -9.81104 2.32663 55.9731
 -18.6606 -9.68464 2.32617 56.0481
 -17.8299 -9.56518 2.31346 56.1222
 -17.0483 -9.46118 2.24711 56.1961
 -16.3248 -9.42629 2.18979 56.2731
 -15.7085 -9.36267 2.06878 56.3541
 -15.1183 -9.2956 1.8633 56.4291
 -14.6221 -9.24534 1.68697 56.5043
 -14.2748 -9.25646 1.54264 56.5795
 -14.0664 -9.26313 1.45604 56.6542
 -13.9028 -9.26828 1.40425 56.7271
 -13.7115 -9.18157 1.4975 56.8032
 -13.4807 -9.09437 1.69315 56.8783
 -13.1994 -8.98043 1.94315 56.9542
 -12.8724 -8.82221 2.11821 57.0301
 -12.4738 -8.50964 2.23809 57.1052
 -12.0596 -8.13036 2.33229 57.1815
 -11.6229 -7.70372 2.38416 57.257
 -11.1597 -7.21527 2.47716 57.3312
 -10.6023 -6.643 2.60789 57.4051
 -10.0423 -6.08615 2.72932 57.4815
 -9.38853 -5.48437 2.83108 57.5571
 -8.67891 -4.92842 2.81449 57.6322
 -8.21292 -4.56075 2.76987 57.7074
 -7.86579 -4.30519 2.60642 57.7832
 -7.58112 -4.24839 2.48439 57.8618
 -7.33172 -4.24162 2.31702 57.9374
 -7.1316 -4.31359 2.21228 58.0115
 -6.93534 -4.45356 2.12539 58.0857
 -6.69123 -4.71072 2.04488 58.1612
 -6.41743 -5.00375 1.93298 58.2359
 -6.1517 -5.2977 1.82194 58.3095
 -5.90447 -5.59938 1.73892 58.3842
 -5.60378 -5.94075 1.6055 58.4585
 -5.25643 -6.26431 1.37872 58.5351
 -4.93381 -6.57042 1.17083 58.6072
 -4.70128 -6.76811 0.998528 58.6813
 -4.48528 -6.94981 0.835356 58.7553
 -4.24321 -7.20621 0.700868 58.8379
 -4.01075 -7.47337 0.65129 58.9163
 -3.67213 -7.56349 0.729841 58.9902
 -3.19316 -7.61065 0.825615 59.0653
 -2.56712 -7.72928 0.803575 59.1422
 -2.02963 -8.02718 0.749179 59.2188
 -1.42255 -8.32552 0.748431 59.2935
 -0.708803 -8.66482 0.530859 59.3662
 0.224723 -8.80452 0.405218 59.4422
 1.4077 -8.57412 0.474266 59.5173
 2.49978 -8.50637 0.349407 59.5924
 3.21994 -8.50177 0.205209 59.6672
 3.66621 -8.47836 0.139154 59.7431
 3.95962 -8.48593 0.0790619 59.8262
 4.22461 -8.58419 -0.0104549 59.9015
 4.46923 -8.80908 -0.044854 59.9764
 4.86727 -8.97479 0.125927 60.0526
 5.53332 -9.03867 0.454041 60.1273
 6.36177 -9.01838 0.791929 60.2014
 7.17744 -9.03704 1.08196 60.2753
 7.8014 -9.01667 1.32668 60.3503
 8.24214 -9.00004 1.55202 60.4256
 8.53481 -8.94815 1.7288 60.5028
 8.7245 -8.89606 1.85566 60.5776
 8.90864 -8.75992 2.03584 60.6526
 9.0752 -8.59424 2.22727 60.7253
 9.25893 -8.36868 2.46726 60.7993
 9.43872 -8.12807 2.71567 60.8769
 9.65731 -7.81501 3.03203 60.9584
 9.91274 -7.45083 3.36078 61.0303
 10.176 -7.07681 3.67625 61.1053
 10.43 -6.71786 3.96295 61.1814
 10.6781 -6.36772 4.23254 61.2587
 10.8393 -6.18689 4.40245 61.3341
 11.0903 -6.02025 4.27495 61.4073
 11.4621 -5.82 4.01098 61.4826
 11.8876 -5.65223 3.86751 61.564
 12.436 -5.71454 3.66627 61.6382
 12.9507 -5.89209 3.4501 61.7136
 13.4863 -6.07496 3.28827 61.7864
 13.9957 -6.20955 3.17162 61.8613
 14.3414 -6.27701 3.15224 61.9365
 14.6295 -6.31887 3.14128 62.0114
 15.02 -6.28892 3.12027 62.0863
 15.4442 -6.25874 3.05062 62.1615
 15.7412 -6.21824 2.92122 62.2365
 15.9757 -6.16405 2.72669 62.3113
 16.1445 -6.11658 2.55148 62.3873
 16.2599 -6.08062 2.4171 62.4623
 16.3556 -6.08121 2.31544 62.5399
 16.4926 -6.14811 2.1913 62.6224
 16.7352 -6.28428 1.9528 62.6973
 16.9506 -6.31446 1.71356 62.7717
 17.1874 -6.31403 1.70119 62.8469
 17.5413 -6.39339 1.87973 62.9315
 18.0077 -6.54059 1.9326 63.0055
 18.3546 -6.65198 1.94337 63.0797
 18.6281 -6.79341 1.91577 63.1553
 18.8575 -6.95293 1.86513 63.2276
 19.0867 -7.14577 1.77944 63.3044
 19.3017 -7.36625 1.7022 63.3809
 19.51 -7.55179 1.64312 63.4567
 19.702 -7.67231 1.63755 63.5305
 19.8595 -7.7079 1.5965 63.6054
 20.0599 -7.77684 1.63985 63.6811
 20.2898 -7.76236 1.76014 63.7561
 20.5373 -7.68356 1.97781 63.8284
 20.795 -7.58021 2.20299 63.9047
 21.0587 -7.44781 2.48397 63.9815
 21.2729 -7.28121 2.73876 64.0588
 21.4989 -7.02853 3.04267 64.135
 21.7039 -6.76768 3.33305 64.2087
 21.8408 -6.58931 3.5289 64.2834
 21.9649 -6.43096 3.66006 64.3615
 22.0951 -6.2627 3.77406 64.4381
 22.2008 -6.11795 3.88576 64.5161
 22.2642 -6.0311 3.95279 64.5895
 22.3022 -5.97898 3.993 64.6644
 22.3376 -5.97783 4.02551 64.7402
 22.4231 -6.09009 4.04892 64.8158
 22.5797 -6.28549 4.01601 64.8878
 22.7953 -6.48556 3.88152 64.9625
 22.9781 -6.65085 3.75823 65.0366
 23.1022 -6.74242 3.65456 65.1121
 23.2014 -6.85784 3.60916 65.1866
 23.3 -6.97998 3.56902 65.261
 23.3735 -7.04567 3.51521 65.3357
 23.4463 -7.06988 3.42347 65.4084
 23.5414 -7.1676 3.36391 65.4834
 23.6927 -7.28668 3.23437 65.5579
 23.8491 -7.43384 3.12233 65.6332
 24.0329 -7.65861 3.03762 65.7058
 24.2596 -7.95291 2.94793 65.7805
 24.4607 -8.20549 2.85976 65.8555
 24.6179 -8.44833 2.83218 65.9297
 24.7773 -8.67016 2.78127 66.0056
 24.9379 -8.87944 2.71635 66.0807
 25.1157 -9.03552 2.57475 66.1588
 25.2992 -9.23597 2.4638 66.2339
 25.462 -9.40206 2.35431 66.3065
 25.7323 -9.58878 2.28476 66.3825
 26.2276 -9.84483 2.22682 66.4579
 27.0081 -10.1596 2.01237 66.5333
 27.6579 -10.2825 1.72484 66.6067
 28.1055 -10.2968 1.53553 66.683
 28.4311 -10.2602 1.35311 66.7575
 28.6527 -10.2613 1.22196 66.8375
 28.9184 -10.3201 1.243 66.9116
 29.3114 -10.302 1.35218 66.9866
 29.716 -10.1747 1.49721 67.0635
 30.2542 -9.89273 1.63899 67.1396
 30.9643 -9.55961 1.93194 67.2159
 31.8628 -9.14808 2.13381 67.2916
 32.8107 -8.86566 2.41549 67.3655
 33.7207 -8.66562 2.66176 67.4415
 34.5669 -8.49931 2.93967 67.5173
 35.1417 -8.39425 3.19063 67.5921
 35.5129 -8.33986 3.37218 67.6701
 35.8572 -8.26535 3.64107 67.7449
 36.1873 -8.13951 3.92324 67.8213
 36.4954 -8.0202 4.13812 67.8955
 36.7887 -7.87507 4.41885 67.9676
 37.0721 -7.78323 4.67242 68.0427
 37.3477 -7.77744 4.89607 68.1177
 37.6029 -7.90025 5.06563 68.1931
 37.8795 -7.99114 5.11569 68.2656
 38.0994 -8.09276 5.10176 68.3406
 38.3094 -8.26376 5.06687 68.4157
 38.4649 -8.35058 4.98446 68.4906
 38.5729 -8.39478 4.90425 68.5657
 38.6524 -8.4134 4.82537 68.6409
 38.7295 -8.40879 4.7165 68.7157
 38.805 -8.39022 4.5896 68.7887
 38.8918 -8.39474 4.46061 68.8639
 39.0899 -8.54687 4.28154 68.9398
 39.3181 -8.69315 4.04606 69.0152
 39.4938 -8.83608 3.89139 69.0887
 39.6768 -9.03225 3.77184 69.1646
 39.9455 -9.24743 3.72744 69.2411
 40.2297 -9.39412 3.64837 69.3168
 40.5423 -9.65717 3.59205 69.3918
 40.9442 -9.92089 3.50144 69.467
 41.2884 -10.1992 3.4516 69.5429
 41.5768 -10.3681 3.42232 69.6183
 41.837 -10.392 3.32563 69.6944
 42.179 -10.2828 3.11788 69.7677
 42.748 -10.0594 2.92047 69.8418
 43.7338 -9.94252 2.48677 69.9197
 44.9411 -9.86057 2.13455 69.9936
 45.8702 -9.80078 1.97822 70.0689
 46.5797 -9.70626 1.98478 70.1438
 47.2076 -9.69409 2.03008 70.2187
 47.8106 -9.7958 2.11655 70.2949
 48.4682 -9.90548 2.32832 70.3678
 49.1992 -10.0361 2.56141 70.4433
 49.7987 -10.1586 2.74292 70.518
 50.3003 -10.0849 2.95823 70.5929
 50.8239 -9.86443 3.30408 70.6657
 51.3912 -9.48314 3.6795 70.7416
 51.8163 -9.11351 4.04338 70.8178
 52.1342 -9.01325 4.26596 70.8926
 52.6811 -9.53772 4.32578 70.9676
 53.2849 -10.3252 4.31563 71.0427
 53.7542 -11.0358 4.40519 71.1178
 54.1991 -11.8799 4.5452 71.1932
 54.5883 -12.3897 4.63041 71.2668
 55.0056 -12.5638 4.73441 71.3428
 55.3661 -12.608 4.89903 71.4177
 55.783 -12.4221 5.08828 71.4947
 56.1588 -12.2726 5.16214 71.5697
 56.6541 -12.088 4.94328 71.6479
 57.347 -11.9696 4.75126 71.7227
 58.4226 -11.79 4.51782 71.7977
 59.5146 -11.6926 4.38145 71.8727
 60.2852 -11.4743 4.37569 71.9487
 60.876 -11.1283 4.58347 72.0309
 61.2679 -10.963 4.74999 72.1058
 61.5611 -11.0296 4.89583 72.1807
 61.7369 -11.0696 4.98333 72.2549
 61.8309 -11.0604 5.02664 72.3298
 61.8873 -11.0549 5.05263 72.4037
 61.9506 -11.0349 5.00365 72.478
 62.0328 -10.9978 4.87736 72.5537
 62.0967 -10.9672 4.76926 72.6257
 62.173 -11.0068 4.69047 72.7007
 62.3268 -11.0883 4.50908 72.7758
 62.6189 -11.4608 4.3397 72.8507
 62.9324 -11.8838 4.17307 72.9268
 63.2244 -12.2372 3.98036 73.0017
 63.7877 -12.7307 3.8524 73.0878
 64.7419 -12.8856 3.76661 73.1627
 65.652 -12.9626 3.741 73.2378
 66.4221 -13.0654 3.802 73.3127
 67.0566 -13.1803 3.79276 73.3879
 67.6978 -13.3649 3.84968 73.4629
 68.3605 -13.4938 4.04093 73.5379
 68.8456 -13.473 4.12859 73.6129
 69.2094 -13.3708 4.18685 73.6858
 69.5292 -13.187 4.21846 73.7632
 69.8226 -12.9541 4.23409 73.8378
 70.013 -12.7901 4.26725 73.9137
 70.1272 -12.6917 4.28715 73.9889
 70.1957 -12.6327 4.29908 74.0629
 70.3248 -12.6594 4.41501 74.1504
 70.5308 -12.4567 4.69889 74.2261
 70.6544 -12.335 4.86922 74.3017
 70.7428 -12.2377 4.99525 74.376
 70.8071 -12.2131 5.08021 74.448
 71.0202 -12.7976 5.26653 74.5239
 71.5533 -13.7584 5.18174 74.5998
 71.9497 -14.4112 5.06052 74.6741
 72.3226 -14.845 4.78578 74.747
 72.875 -15.2631 4.93992 74.8219
 73.6754 -15.0102 5.32277 74.8978
 74.6928 -14.2372 5.41363 74.9729
 75.7693 -13.3103 4.87914 75.0493
 76.5014 -12.702 4.35886 75.1248
 77.0488 -12.3532 3.8658 75.1998
 77.4908 -12.0742 3.30318 75.2756
 77.8405 -11.8545 2.76526 75.3478
 78.1343 -11.6702 2.24192 75.4229
 78.4217 -11.4897 1.6601 75.5042
 78.8073 -11.3697 0.903445 75.579
 79.5125 -11.3269 0.175095 75.6563
 80.2512 -11.0305 -0.589449 75.729
 80.8267 -10.8186 -1.18357 75.8029
 81.3755 -10.7922 -1.7631 75.8784
 81.8925 -10.9565 -2.15533 75.9547
 82.4458 -11.1684 -2.4547 76.0288
 82.9346 -11.1884 -3.04181 76.1058
 83.3183 -11.1379 -3.63219 76.1819
 83.5601 -11.1418 -3.97681 76.2585
 83.7627 -11.3157 -4.13548 76.3342
 83.8958 -11.4543 -4.22106 76.4068
 83.9756 -11.5375 -4.27241 76.4828
 84.0463 -11.6561 -4.28397 76.5629
 84.1457 -11.899 -4.24273 76.6381
 84.2166 -12.0791 -4.20834 76.713
 84.2818 -12.2559 -4.16843 76.787
 84.3209 -12.362 -4.14448 76.8618
 84.367 -12.4944 -4.11082 76.9359
 84.4395 -12.7115 -4.05201 77.0099
 84.4942 -12.8762 -4.00707 77.083
 84.527 -12.975 -3.9801 77.1581
 84.6669 -12.837 -3.77071 77.2363
 84.9748 -12.5402 -3.51997 77.31
 85.1726 -12.3531 -3.40356 77.3849
 85.3531 -12.3105 -3.3146 77.4611
 85.5487 -12.1522 -3.17413 77.5362
 85.7953 -11.8935 -2.88616 77.6089
 86.0576 -11.5716 -2.63576 77.6839
 86.2573 -11.3198 -2.47098 77.7602
 86.3771 -11.1687 -2.3721 77.8364
 86.449 -11.078 -2.31278 77.9089
 86.4921 -11.0236 -2.27719 77.9839
 86.518 -10.991 -2.25583 78.0594
 86.5335 -10.9714 -2.24302 78.1343
 86.5429 -10.9597 -2.23533 78.2079
 86.6053 -11.125 -2.18252 78.283
 86.6992 -11.3966 -2.1026 78.3586
 86.7555 -11.5596 -2.05465 78.4348
 86.7893 -11.6574 -2.02588 78.5079
 86.8096 -11.7161 -2.00861 78.5854
 86.8442 -11.8203 -1.97895 78.6617
 86.865 -11.8828 -1.96115 78.7383
 87.0109 -12.3351 -1.83447 78.8148
 87.3931 -13.4987 -1.54025 78.8879
 87.7291 -14.3347 -1.45117 78.9644
 87.9787 -14.8878 -1.44633 79.04
 88.5371 -15.3388 -1.16178 79.1149
 89.63 -15.6847 -1.1328 79.187
 91.2745 -16.0711 -1.48313 79.262
 92.386 -16.3283 -1.84537 79.3402
 93.0733 -16.5527 -2.04298 79.415
 93.4857 -16.6874 -2.16154 79.487
 93.7434 -16.8033 -2.2228 79.562
 93.9081 -16.9079 -2.24968 79.6382
 94.007 -16.9707 -2.26581 79.7133
 94.0663 -17.0083 -2.27549 79.7859
 94.1019 -17.0309 -2.2813 79.8628
 94.1232 -17.0445 -2.28478 79.9371
 94.1361 -17.0526 -2.28687 80.0122
 94.1742 -17.1628 -2.25849 80.087
 94.197 -17.2289 -2.24146 80.1656
 94.224 -17.2594 -2.26559 80.2426
 94.2401 -17.2777 -2.28006 80.3182
 94.2498 -17.2887 -2.28875 80.3937
 94.2556 -17.2953 -2.29396 80.467
 94.2995 -17.4397 -2.25754 80.542
 94.3758 -17.7021 -2.18621 80.6176
 94.4217 -17.8596 -2.14342 80.6925
 94.4492 -17.954 -2.11774 80.765
 94.4657 -18.0107 -2.10233 80.84
 94.4756 -18.0447 -2.09309 80.9161
 94.4815 -18.0651 -2.08754 80.991
 94.4851 -18.0774 -2.08421 81.0661
 94.4872 -18.0847 -2.08222 81.1413
 94.4885 -18.0891 -2.08102 81.217
 94.4893 -18.0918 -2.0803 81.292
 94.4897 -18.0934 -2.07987 81.366
 94.49 -18.0943 -2.07961 81.4415
 94.4902 -18.0949 -2.07946 81.5161
 94.4903 -18.0952 -2.07936 81.59
 94.4903 -18.0954 -2.07931 81.6662
 94.4904 -18.0956 -2.07927 81.7416
 94.4904 -18.0956 -2.07925 81.8187
 94.4904 -18.0957 -2.07924 81.8934
 94.4904 -18.0957 -2.07923 81.9663
 94.4904 -18.0957 -2.07923 82.041
 94.4904 -18.0957 -2.07923 82.119
 94.4904 -18.0957 -2.07923 82.1932
 94.4904 -18.0957 -2.07922 82.2701
 94.4904 -18.0957 -2.07922 82.3451
 94.4904 -18.0957 -2.07922 82.4273
 94.4904 -18.0957 -2.07922 82.5005
 94.4904 -18.0957 -2.07922 82.5768
 94.4904 -18.0957 -2.07922 82.6509
 94.4904 -18.0957 -2.07922 82.7259
 94.4904 -18.0957 -2.07922 82.8019
 94.4904 -18.0957 -2.07922 82.879
 94.4904 -18.0957 -2.07922 82.9554
 94.4904 -18.0957 -2.07922 83.0282
 94.4904 -18.0957 -2.07922 83.1043
 94.4904 -18.0957 -2.07922 83.1803
 94.4904 -18.0957 -2.07922 83.2559
 94.4904 -18.0957 -2.07922 83.3301
 94.5004 -18.1309 -2.06932 83.4062
 94.5064 -18.152 -2.06338 83.4801
 94.51 -18.1647 -2.05982 83.5551
 94.5121 -18.1723 -2.05768 83.6311
 94.5233 -18.212 -2.04649 83.7051
 94.54 -18.271 -2.02988 83.7796
 94.55 -18.3064 -2.01991 83.855
 94.556 -18.3276 -2.01393 83.9273
 94.5596 -18.3404 -2.01034 84.0031
 94.5915 -18.4536 -1.97847 84.0777
 94.7279 -18.9442 -1.84029 84.1532
 95.0091 -19.9802 -1.54845 84.2263
 95.3429 -21.2393 -1.19364 84.3033
 95.579 -22.1367 -0.940739 84.3807
 95.7207 -22.6751 -0.789 84.455
 95.8147 -23.0337 -0.687949 84.5271
 95.8711 -23.2488 -0.627319 84.6031
 95.9049 -23.3779 -0.590941 84.6783
 95.635 -22.681 -0.786301 89.0293
 95.6349 -22.6813 -0.786323 89.1048
 95.6349 -22.6815 -0.786336 89.18
 95.6349 -22.6817 -0.786344 89.255
 95.6349 -22.6817 -0.786349 89.3275
 95.6801 -22.859 -0.736385 89.4033
 95.7073 -22.9654 -0.706406 89.4787
 95.7236 -23.0292 -0.688419 89.5554
 95.7334 -23.0675 -0.677627 89.6284
 95.7393 -23.0905 -0.671152 89.7034
 95.7481 -23.125 -0.661439 91.3544
 95.7481 -23.125 -0.661439 91.4274
 95.7481 -23.125 -0.661439 91.5034
 95.7481 -23.125 -0.661439 91.5793
 95.784 -23.2668 -0.621434 91.6536
 95.8056 -23.352 -0.597431 91.7264
 95.8185 -23.4031 -0.58303 91.8014
 95.8263 -23.4337 -0.574389 91.8774
 95.8309 -23.4521 -0.569204 91.9526
 95.8516 -23.5341 -0.546081 92.0274
 95.9073 -23.8859 -0.383649 92.1025
 96.0617 -24.5951 -0.145763 92.1777
 96.1883 -25.163 0.0371511 92.2522
 96.2727 -25.5394 0.15695 92.3246
 96.3986 -26.0862 0.319355 92.3996
 96.6064 -27.0666 0.632391 92.4756
 96.9021 -28.4432 1.04269 92.5524
 97.242 -30.0597 1.51214 92.6334
 97.5794 -31.7144 1.98726 92.7084
 97.9414 -33.5746 2.51752 92.7834
 98.3315 -35.7061 3.12287 92.8584
 98.7245 -38.004 3.77449 92.933
 99.065 -40.1128 4.37219 93.0054
 99.3713 -42.1464 4.94852 93.0798
 99.6228 -44.1003 5.50227 93.1555
 99.7737 -46.0542 6.08716 93.2295
 99.8642 -47.7424 6.58438 93.3035
 99.9185 -49.0504 6.96644 93.3779
 99.9511 -50.2414 7.31094 93.4537
 99.9707 -51.5847 7.69611 93.5265
 99.9824 -52.9093 8.07449 93.6014
 99.9894 -54.075 8.40687 93.6767
 99.9937 -55.2943 8.75402 93.7524
 99.9962 -56.8824 8.74954 93.8284
 99.7862 -58.3184 8.3384 93.9035
 99.1172 -59.8943 7.41906 93.9825
 97.6538 -62.1805 5.60051 94.0591
 95.8155 -64.7071 3.41331 94.1335
 94.5494 -66.414 1.9192 94.2065
 93.8208 -67.4186 0.95591 94.2835
 93.456 -68.0186 -0.0473069 94.3596
 93.3247 -68.415 -1.45673 94.4345
 93.0014 -69.171 -4.43993 94.5096
 91.9939 -70.5355 -7.40704 94.5845
 90.499 -72.2785 -10.0759 94.6598
 88.8065 -74.1249 -12.449 94.7346
 87.4686 -75.5507 -14.18 94.8105
 86.5502 -76.5194 -15.3281 94.8845
 85.7902 -77.341 -16.202 94.9615
 85.054 -78.1044 -16.9881 95.0378
 84.4009 -78.8015 -17.6439 95.1129
 83.7967 -79.4215 -18.2329 95.1855
 83.1494 -80.0984 -18.8345 95.2615
 82.664 -80.9253 -19.1754 95.3366
 82.3658 -82.0116 -19.1898 95.4127
 82.1721 -83.3653 -18.9717 95.4869
 82.0339 -84.8806 -18.6131 95.5616
 81.9319 -86.2715 -18.2415 95.6402
 81.8535 -87.1904 -17.9609 95.7191
 81.8065 -87.7418 -17.7926 95.7963
 81.761 -88.157 -17.634 95.8687
 81.718 -88.4535 -17.4932 95.9438
 81.6922 -88.6314 -17.4088 96.0291
 81.6767 -88.7381 -17.3581 96.1044
 81.716 -88.7578 -17.2848 96.1792
 81.8124 -88.7029 -17.1765 96.2537
 81.8944 -88.6478 -17.09 96.3267
 82.0888 -88.4813 -16.9093 96.4018
 82.3775 -88.1512 -16.6743 96.4778
 82.7234 -87.6854 -16.4184 96.5576
 83.1305 -87.0042 -16.1638 96.6333
 83.4224 -86.5506 -15.9679 96.7067
 83.5975 -86.2784 -15.8503 96.7816
 83.8619 -85.896 -15.7073 96.8577
 84.2347 -85.4268 -15.4383 96.9332
 84.4821 -85.1228 -15.2552 97.0066
 84.6305 -84.9404 -15.1453 97.0816
 84.7196 -84.8309 -15.0794 97.1579
 84.773 -84.7653 -15.0398 97.2327
 84.8298 -84.6662 -15.0063 97.3056
 84.9427 -84.2423 -15.0159 97.3807
 85.0339 -83.9654 -15 97.4559
 85.0896 -83.7622 -15.0022 97.5307
 85.1733 -83.4468 -15.0075 97.6057
 85.2288 -82.9981 -15.0934 97.688
 85.3102 -82.6096 -15.125 97.7667
 85.4064 -82.2941 -15.1121 97.8406
 85.4874 -82.0822 -15.0826 97.9147
 85.536 -81.9551 -15.0649 97.9896
 85.5652 -81.8788 -15.0543 98.0648
 85.5827 -81.833 -15.0479 98.141
 85.5932 -81.8056 -15.0441 98.2164
 85.5995 -81.7891 -15.0418 98.2886
 85.6499 -81.7339 -14.9967 98.3646
 85.7748 -81.4989 -14.9177 98.4401
 85.8967 -81.2755 -14.8384 98.5157
 85.9698 -81.1415 -14.7908 98.5894
 86.0137 -81.0611 -14.7622 98.6646
 86.04 -81.0128 -14.745 98.7403
 86.1948 -80.8475 -14.6035 98.8152
 86.4032 -80.6345 -14.4091 98.8876
 86.5513 -80.484 -14.2705 98.962
 86.6402 -80.3936 -14.1874 99.039
 86.6935 -80.3394 -14.1375 99.115
 86.7255 -80.3069 -14.1075 99.1878
 86.7447 -80.2874 -14.0896 99.2626
 86.7562 -80.2757 -14.0788 99.3389
 86.7631 -80.2687 -14.0723 99.4141
 86.7673 -80.2644 -14.0685 99.4867
 86.7698 -80.2619 -14.0661 99.5629
 86.7713 -80.2604 -14.0647 99.6386
 86.7722 -80.2595 -14.0639 99.7154
 86.8878 -80.1449 -13.9537 99.7917
 87.278 -79.7562 -13.5801 99.866
 87.9294 -79.0967 -12.9034 99.9407
 88.4331 -78.5858 -12.387 100.016
 88.7349 -78.3535 -12.0538 100.09
 88.9158 -78.2512 -11.8423 100.165
 89.2124 -77.9922 -11.4827 100.245
 89.5997 -77.6154 -11.0116 100.32
 89.8988 -77.3198 -10.6625 100.395
 90.0638 -77.1897 -10.4077 100.468
 90.141 -77.2675 -10.0855 100.543
 90.1718 -77.5313 -9.64392 100.618
 90.1891 -77.801 -9.34426 100.693
 90.107 -78.3213 -8.87054 100.766
 90.0977 -79.0468 -7.89029 100.841
 90.5295 -79.4502 -6.66448 100.919
 91.0202 -79.4688 -5.58395 100.994
 91.2756 -79.6702 -4.66698 101.068
 91.4434 -80.2101 -3.68999 101.144
 91.5841 -80.7427 -2.71253 101.219
 91.6528 -81.3077 -1.90187 101.294
 91.6816 -81.9091 -1.33529 101.367
 91.6913 -82.42 -0.94948 101.442
 91.7079 -82.8978 -0.427988 101.517
 91.7109 -83.3656 0.207713 101.594
 91.6312 -83.7887 1.10889 101.667
 91.6493 -83.8882 2.43313 101.744
 91.6432 -84.0193 3.3383 101.825
 91.6246 -84.3238 3.94925 101.901
 91.5473 -84.9784 4.51731 101.976
 91.4123 -85.6747 5.06853 102.052
 91.3252 -86.1679 5.42192 102.127
 91.2466 -86.5869 5.70067 102.203
 91.1329 -87.2356 6.04668 102.28
 90.9118 -88.0339 6.58484 102.354
 90.7055 -88.5902 7.04947 102.426
 90.5428 -88.9815 7.40471 102.5
 90.4276 -89.2261 7.65043 102.574
 90.3409 -89.3827 7.83042 102.649
 90.2888 -89.4767 7.93842 102.726
 90.3226 -89.4621 8.06951 102.81
 90.7334 -88.7853 8.44581 102.885
 91.4485 -87.3728 8.95989 102.959
 92.0304 -86.2819 9.40232 103.034
 92.3319 -85.4767 10.6 103.106
 92.7977 -84.2018 12.478 103.182
 93.4125 -82.5422 13.7917 103.258
 93.7631 -81.556 14.6124 103.336
 93.9567 -80.9592 15.1924 103.416
 93.9136 -80.6132 16.1075 103.491
 93.5924 -80.4982 17.3937 103.567
 93.6178 -79.978 19.0738 103.642
 93.6911 -79.1717 21.2166 103.717
 93.6281 -78.5794 23.2109 103.794
 93.5706 -78.2332 24.4395 103.867
 93.4175 -78.0812 25.3683 103.942
 93.0872 -78.1006 26.3083 104.017
 92.7289 -78.1858 27.127 104.093
 92.3731 -78.3011 27.8406 104.166
 92.0992 -78.3977 28.3641 104.241
 91.8337 -78.5012 28.8368 104.317
 91.5443 -78.5548 29.5285 104.394
 91.2569 -78.5531 30.3739 104.473
 90.8341 -78.6442 31.3139 104.546
 90.4294 -78.7297 32.2068 104.621
 90.007 -78.7884 33.2107 104.695
 89.4405 -78.8671 34.522 104.771
 88.8679 -78.9213 35.8909 104.847
 88.5094 -78.7984 37.1672 104.922
 88.5281 -78.3397 38.3623 104.996
 89.0909 -77.2331 39.7521 105.072
 89.9299 -75.4694 41.0198 105.147
 90.9769 -74.1915 41.0007 105.221
 91.908 -73.2628 40.5413 105.297
 93.6313 -71.4611 38.3664 105.371
 96.1788 -67.9509 33.9592 105.446
 97.7073 -65.5056 31.2247 105.521
 98.6244 -64.0384 29.5839 105.596
 99.1746 -63.0827 28.5795 105.671
 99.5048 -62.0697 27.8901 105.746
 99.7029 -61.349 27.4465 105.821
 99.8217 -60.9166 27.1803 105.896
 99.893 -60.6196 27.0106 105.971
 99.9358 -60.4037 26.8987 106.045
 99.9615 -60.1238 26.7916 106.12
 99.9769 -59.5426 26.6173 106.195
 99.9861 -59.0438 26.4727 106.271
 99.9504 -58.5136 26.6562 106.346
 99.5063 -58.1428 28.0773 106.423
 98.8252 -58.0938 29.663 106.502
 98.4155 -58.0269 30.6047 106.579
 98.161 -57.6863 31.0915 106.653
 98.0071 -57.4444 31.3738 106.725
 97.9148 -57.2993 31.5432 106.801
 97.8594 -57.2122 31.6448 106.877
 97.8261 -57.16 31.7058 106.951
 97.8062 -57.1286 31.7424 107.027
 97.7942 -57.1098 31.7644 107.101
 97.7881 -56.5645 31.6085 107.176
 97.7684 -55.5002 31.3533 107.25
 97.7702 -54.7984 31.2142 107.324
 97.7712 -54.3774 31.1307 107.398
 97.9093 -53.8927 31.2946 107.476
 98.2636 -53.1362 31.8217 107.552
 98.5952 -52.4747 32.3287 107.626
 98.7941 -52.0779 32.6329 107.701
 98.9135 -51.8397 32.8155 107.777
 98.9851 -51.6969 32.925 107.852
 99.0281 -51.6111 32.9907 107.928
 99.0539 -51.5597 33.0302 108.005
 99.0694 -51.5288 33.0538 108.081
 99.0786 -51.5103 33.068 108.155
 99.0842 -51.4992 33.0765 108.228
 99.0875 -51.4925 33.0816 108.306
 99.0896 -51.4885 33.0847 108.384
 99.0908 -51.4861 33.0865 108.459
 99.0915 -51.4847 33.0876 108.535
 99.0919 -51.4838 33.0883 108.612
 99.0922 -51.4833 33.0887 108.687
 99.0727 -51.492 33.1212 108.762
 99.1938 -51.2632 33.3557 108.838
 99.5163 -50.421 34.1425 108.914
 99.7098 -48.7314 35.6963 108.986
 99.8259 -47.1392 37.0683 109.06
 99.8955 -45.922 37.8261 109.135
 99.9373 -44.8554 38.1966 109.213
 99.9624 -43.7695 38.3082 109.288
 99.9774 -42.086 38.0258 109.366
 99.9865 -39.8058 37.5063 109.441
 99.9919 -37.5417 36.9379 109.515
 99.9951 -35.8882 36.5222 109.589
 99.9971 -34.7854 36.2448 109.663
 99.9982 -33.4909 35.766 109.738
 99.9989 -31.9078 35.2746 109.813
 99.9994 -30.422 35.0005 109.885
 99.9996 -29.0529 34.9358 109.96
 99.9998 -27.5195 35.1259 110.036
 99.9999 -25.9624 35.1416 110.111
 99.9999 -24.6664 35.1857 110.186
 100 -23.8087 35.2867 110.261
 100 -23.0266 35.5962 110.336
 100 -22.1553 36.1557 110.413
 100 -21.2562 36.8409 110.488
 100 -20.4919 37.4178 110.563
 100 -19.4103 38.085 110.642
 100 -18.1115 39.0876 110.72
 100 -17.0333 39.9657 110.795
 100 -16.395 40.5253 110.867
 100 -15.8827 41.1426 110.942
 100 -14.9925 42.6567 111.017
 100 -13.8599 44.7984 111.092
 100 -12.5624 46.73 111.165
 100 -11.266 48.4029 111.24
 100 -10.1076 49.7943 111.316
 100 -8.74386 51.2394 111.392
 100 -6.97366 52.9733 111.47
 100 -5.20825 54.6525 111.543
 100 -3.77506 55.67 111.618
 100 -2.6781 56.2901 111.7
 100 -1.31747 56.7252 111.778
 100 0.210598 56.8538 111.854
 100 1.46658 56.7914 111.925
 100 2.7317 56.0564 112
 100 3.80232 55.1758 112.076
 100 4.51278 54.5091 112.152
 100 5.02808 53.751 112.227
 100 5.42273 52.8133 112.303
 100 5.81039 51.504 112.38
 100 6.14895 50.2909 112.455
 100 6.41739 49.2995 112.528
 100 6.85482 48.2659 112.603
 100 7.54518 46.8529 112.679
 100 8.14706 45.6443 112.771
 100 8.75592 44.4492 112.846
 100 9.26419 42.9993 112.921
 100 9.69037 40.7925 112.996
 100 10.0145 38.4903 113.068
 100 10.3021 36.8622 113.143
 100 10.8106 35.3217 113.218
 100 11.141 33.8747 113.293
 100 11.2632 32.7654 113.367
 100 11.3426 31.9373 113.443
 100 11.5397 30.8229 113.52
 100 12.0793 29.3698 113.596
 100 12.6391 28.3414 113.673
 100 13.2458 27.559 113.746
 100 14.0106 26.7939 113.82
 100 14.6962 26.2125 113.895
 100 15.3341 25.7413 113.971
 100 16.0561 25.2749 114.046
 100 17.0801 24.7144 114.122
 100 18.423 24.0626 114.196
 100 19.7204 23.3826 114.27
 100 20.6537 22.8698 114.345
 100 21.8787 22.6593 114.419
 100 23.3735 22.6401 114.494
 100 24.6263 22.6381 114.569
 100 25.7407 22.6111 114.644
 100 27.0976 22.7215 114.719
 100 28.8637 23.0505 114.796
 100 30.7652 23.4048 114.872
 100 32.1841 23.6819 114.944
 100 33.0626 23.8752 115.019
 100 33.724 24.1252 115.097
 100 34.4574 24.5262 115.172
 100 35.2018 24.6891 115.248
 100 35.716 24.7695 115.326
 100 36.3283 24.7402 115.403
 100 36.8642 24.6795 115.479
 100 37.1937 24.6083 115.554
 100 37.433 24.5223 115.627
 100 37.6004 24.3665 115.703
 100 37.7504 24.1949 115.778
 100 37.7942 24.003 115.853
 100 37.8029 23.5282 115.926
 100 37.7367 22.829 116.002
 100 37.7676 21.6646 116.078
 100 37.7532 20.6745 116.153
 100 37.7147 19.921 116.226
 100 37.6372 18.9825 116.3
 100 37.5258 17.8349 116.374
 100 37.4615 16.8456 116.45
 100 37.4363 16.0486 116.525
 100 37.4079 15.3397 116.599
 100 37.3965 14.3111 116.674
 100 37.3183 13.1416 116.749
 100 37.2455 11.9766 116.825
 100 37.181 11.0812 116.9
 100 37.1457 10.2408 116.974
 100 37.1119 9.50429 117.049
 100 37.0828 8.52613 117.124
 100 36.9834 7.15058 117.199
 100 36.8934 6.02914 117.275
 100 36.8393 5.35627 117.349
 100 36.8069 4.95255 117.424
 100 37.3425 4.63006 117.499
 100 38.184 4.36567 117.575
 100 39.0013 4.22613 117.647
 100 40.1495 4.00047 117.724
 100 41.6718 3.95103 117.799
 100 43.3898 3.98137 117.875
 100 45.2365 4.16083 117.948
 100 46.975 4.41113 118.036
 100 48.3712 4.50165 118.112
 100 49.4962 4.51388 118.187
 100 50.6732 4.49107 118.262
 100 51.8276 4.39232 118.339
 100 52.7546 4.23655 118.414
 100 53.5989 3.79481 118.487
 100 54.7582 2.74225 118.562
 100 55.7723 1.75256 118.637
 100 56.3699 1.05865 118.713
 100 56.8099 0.10758 118.788
 100 57.0385 -0.900685 118.863
 100 57.1327 -1.90738 118.937
 100 57.0993 -3.14243 119.014
 100 56.9611 -4.68026 119.086
 100 56.8125 -6.3455 119.161
 100 56.655 -7.46452 119.235
 100 56.4265 -8.23809 119.31
 100 55.9833 -8.8611 119.385
 100 55.3842 -9.55895 119.46
 100 54.7872 -10.4661 119.534
 100 54.2962 -11.5624 119.611
 100 53.9392 -12.5148 119.686
 100 53.7228 -13.2243 119.763
 100 53.5572 -13.7787 119.839
 100 53.3601 -14.5352 119.915
 100 52.984 -15.5416 119.993
 100 52.5715 -16.8912 120.08
 100 52.3064 -17.7654 120.163
 100 52.1297 -18.3544 120.238
 100 51.8717 -18.8729 120.314
 100 51.3932 -19.4047 120.388
 100 50.765 -20.0085 120.463
 100 50.3261 -20.6653 120.539
 100 50.044 -21.2624 120.614
 100 49.7795 -21.9055 120.687
 100 49.4589 -22.5565 120.762
 100 49.114 -23.1104 120.837
 100 48.5912 -23.6981 120.913
 100 48.0113 -24.2505 120.988
 100 47.5034 -24.8469 121.063
 100 47.0034 -25.5972 121.138
 100 46.4914 -26.5038 121.214
 100 45.9564 -27.4293 121.286
 100 45.551 -28.1669 121.36
 100 45.1813 -28.8828 121.433
 100 44.7507 -29.63 121.508
 100 44.3005 -30.3316 121.586
 100 43.7409 -30.9764 121.66
 100 42.9747 -31.7857 121.733
 100 41.9722 -32.5912 121.809
 100 40.8713 -33.1669 121.884
 100 39.7907 -33.6947 121.96
 100 38.8723 -34.0343 122.035
 100 37.9758 -34.3402 122.108
 100 37.1652 -34.6804 122.183
 100 36.5464 -34.9806 122.259
 100 36.1261 -35.215 122.334
 100 35.8837 -35.5312 122.407
 100 35.8076 -36.0197 122.482
 100 35.8064 -36.6382 122.568
 100 35.6563 -37.1675 122.655
 100 35.4518 -37.7928 122.728
 100 35.2223 -38.3744 122.804
 100 34.8203 -39.0498 122.881
 100 34.2178 -40.0241 122.959
 100 33.5159 -41.3897 123.036
 100 32.9646 -42.4404 123.111
 100 32.5038 -43.3019 123.186
 100 31.8853 -44.3207 123.277
 100 31.2305 -45.2841 123.352
 100 30.4974 -46.2297 123.425
 100 29.6637 -47.4502 123.5
 100 28.5926 -48.9779 123.575
 100 27.527 -50.5341 123.65
 100 26.7942 -51.7078 123.725
 100 26.3673 -52.588 123.8
 100 25.951 -53.3315 123.876
 100 25.5719 -53.8693 123.951
 100 25.1984 -54.2131 124.028
 100 24.5188 -54.4121 124.103
 100 23.3481 -54.7562 124.178
 100 21.888 -55.4512 124.253
 100 20.7251 -56.1739 124.326
 100 19.7016 -56.6374 124.401
 100 18.5937 -57.1198 124.476
 100 17.4622 -57.7173 124.551
 100 15.8002 -58.6082 124.628
 100 13.575 -59.8805 124.705
 99.6134 11.5493 -61.2229 124.78
 99.2332 10.1552 -62.2602 124.856
 98.9311 9.23449 -63.0171 124.934
 98.6157 8.46066 -63.6546 125.007
 98.2069 7.5115 -64.3582 125.082
 97.774 6.13225 -65.1234 125.157
 97.484 4.53592 -65.7482 125.233
 97.2898 3.03538 -66.2333 125.315
 96.9808 1.75568 -66.7785 125.39
 96.5741 0.73222 -67.3665 125.464
 96.1738 -0.213822 -67.9243 125.539
 95.8676 -1.31329 -68.4001 125.614
 95.7365 -2.56937 -68.7128 125.687
 95.7749 -3.79426 -68.8434 125.763
 95.7639 -5.01578 -69.0132 125.837
 95.7757 -6.07607 -69.1338 125.911
 95.7842 -6.85919 -69.2207 125.987
 95.8059 -7.65671 -69.2911 126.062
 95.6711 -8.44319 -69.5108 126.137
 95.2551 -9.37238 -70.0162 126.215
 94.573 -10.387 -70.7819 126.288
 94.0766 -11.087 -71.3336 126.364
 93.757 -11.5298 -71.6876 126.441
 93.5417 -11.9649 -71.9367 126.516
 93.2764 -12.6559 -72.2508 126.591
 92.9049 -13.8614 -72.6976 126.666
 92.4484 -15.3412 -73.2325 126.741
 92.025 -16.8949 -73.7272 126.816
 91.5645 -18.3567 -74.2403 126.89
 91.0419 -20.2595 -74.8088 126.966
 90.1741 -23.0205 -75.6833 127.044
 89.3991 -25.5879 -76.4362 127.121
 89.0273 -27.4021 -76.7968 127.198
 88.9192 -28.8333 -76.8988 127.273
 88.9679 -30.0353 -76.8453 127.347
 89.0195 -30.8252 -76.7902 127.423
 89.073 -31.3678 -76.7341 127.498
 89.1163 -31.7278 -76.6889 127.575
 89.1422 -31.9438 -76.6618 127.648
 89.2312 -32.4959 -76.5626 127.722
 89.4418 -33.5262 -76.3264 127.796
 89.7058 -34.5937 -76.0327 127.874
 90.0095 -35.7188 -75.692 127.946
 90.3538 -36.9489 -75.2984 128.02
 90.4962 -38.0055 -75.1008 128.095
 90.5916 -38.6742 -74.9703 128.169
 90.7949 -39.5974 -74.7131 128.243
 91.1707 -41.0936 -74.2343 128.333
 91.4418 -42.1661 -73.8865 128.409
 91.6317 -42.9147 -73.6415 128.483
 91.7198 -43.9858 -73.4554 128.56
 91.7678 -45.484 -73.2515 128.635
 91.9037 -46.9677 -72.9537 128.708
 91.7486 -48.4492 -72.8871 128.784
 91.4356 -49.8598 -72.9853 128.86
 91.1054 -51.0347 -73.1327 128.935
 90.771 -52.1033 -73.2966 129.008
 90.4252 -53.0727 -73.4823 129.083
 90.1251 -54.1746 -73.4865 129.159
 89.9749 -55.3766 -73.2577 129.236
 89.8745 -56.5344 -72.8298 129.31
 89.847 -57.5876 -72.2524 129.386
 89.8251 -58.5163 -71.6687 129.461
 89.6673 -59.4861 -71.3416 129.537
 89.397 -60.454 -71.2385 129.612
 89.0308 -61.4418 -71.2901 129.687
 88.5359 -62.5768 -71.4712 129.761
 88.0838 -63.7304 -71.5146 129.836
 87.7973 -64.6726 -71.3515 129.911
 87.6122 -65.3842 -71.01 129.984
 87.5885 -65.7881 -70.5397 130.06
 87.6928 -66.0214 -69.9581 130.136
 88.1199 -66.2882 -68.6228 130.21
 88.685 -66.7362 -66.803 130.286
 89.0224 -67.1497 -65.5642 130.36
 89.2248 -67.3977 -64.8209 130.439
 89.3368 -67.8 -64.094 130.513
 89.393 -68.2948 -63.3771 130.587
 89.4195 -68.833 -62.7024 130.661
 89.4327 -69.3852 -62.089 130.735
 89.433 -69.9097 -61.5255 130.808
 89.4229 -70.3332 -61.0537 130.882
 89.4017 -70.7927 -60.5394 130.959
 89.3677 -71.4552 -59.8402 131.033
 89.3418 -72.0339 -59.2614 131.106
 89.3263 -72.3811 -58.914 131.184
 89.301 -72.7467 -58.5236 131.26
 89.2549 -73.3168 -57.9123 131.337
 89.2121 -73.7943 -57.2486 131.412
 89.5667 -73.7791 -56.4612 131.485
 90.2088 -73.423 -55.5557 131.56
 90.7614 -73.0801 -54.7916 131.635
 91.2265 -72.7787 -54.098 131.71
 91.7668 -72.3917 -53.3392 131.785
 92.2768 -72.0325 -52.4769 131.86
 92.8175 -71.6449 -51.509 131.936
 93.4353 -71.2092 -50.213 132.012
 94.102 -70.7561 -48.4984 132.089
 94.5506 -70.4897 -46.9137 132.164
 94.7601 -70.4112 -45.7149 132.239
 94.794 -70.5767 -44.4537 132.314
 95.0368 -70.5951 -42.8723 132.386
 95.443 -70.3809 -41.4276 132.464
 95.6547 -70.2982 -40.3275 132.538
 95.6553 -70.4445 -39.0703 132.613
 95.663 -70.7013 -37.8276 132.689
 95.6214 -71.1538 -36.4865 132.763
 95.7891 -71.3367 -34.86 132.837
 95.9984 -71.3513 -33.245 132.913
 96.067 -71.8428 -31.8973 132.986
 95.9935 -72.4062 -30.5658 133.062
 95.9419 -72.8282 -29.6162 133.138
 95.8857 -73.2952 -28.5158 133.214
 95.7995 -73.812 -27.3478 133.286
 95.7719 -74.2042 -26.1327 133.364
 95.9709 -74.2143 -24.7839 133.442
 96.1409 -74.1353 -22.998 133.517
 96.0585 -74.6197 -21.2919 133.592
 95.9551 -75.0256 -20.0167 133.665
 95.8898 -75.2673 -19.161 133.746
 95.9308 -75.3134 -18.287 133.821
 96.0081 -75.2459 -17.0963 133.896
 96.0186 -75.222 -16.1327 133.971
 95.9844 -75.2395 -15.4524 134.044
 95.8695 -75.584 -14.7232 134.12
 95.6901 -76.061 -13.9548 134.195
 95.5404 -76.3455 -13.0094 134.27
 95.3533 -76.6109 -12.0472 134.346
 95.0541 -76.9798 -11.0071 134.422
 94.827 -77.5307 -10.1883 134.497
 94.5996 -78.1099 -9.43645 134.573
 94.388 -78.5838 -8.79371 134.646
 94.2312 -78.8728 -8.19549 134.721
 94.049 -79.067 -6.98714 134.796
 93.8113 -79.1753 -5.00264 134.868
 93.604 -79.2019 -3.1337 134.943
 93.6133 -79.0619 -1.82249 135.018
 93.8458 -78.7342 -0.154884 135.095
 94.4695 -77.9174 1.94193 135.17
 95.0601 -77.1435 3.5931 135.248
 95.3977 -76.689 4.6169 135.328
 95.5307 -76.3465 5.93061 135.403
 95.554 -75.9677 7.80642 135.481
 95.6 -75.6429 9.23254 135.558
 95.746 -75.3016 10.2247 135.632
 95.8926 -75.0236 10.8883 135.705
 96.0199 -74.8079 11.332 135.78
 96.4288 -74.2242 11.9751 135.855
 96.9924 -73.1719 12.8192 135.93
 97.4565 -72.1209 13.867 136.005
 97.7923 -71.3407 14.5435 136.08
 98.1836 -70.3832 15.172 136.155
 98.6042 -69.3717 15.7272 136.231
 98.875 -68.7021 16.0729 136.306
 99.0577 -68.214 16.5273 136.383
 99.1144 -67.6954 17.6707 136.458
 99.2497 -66.9703 19.146 136.534
 99.3308 -66.4223 20.0002 136.607
 99.3791 -65.9053 20.4612 136.682
 99.4081 -65.5951 20.7378 136.759
 99.4255 -65.409 20.9038 136.838
 99.4358 -65.2597 20.9931 136.914
 99.442 -65.1701 21.0467 136.987
 99.4457 -65.1164 21.0788 137.061
 99.4479 -65.0842 21.0981 137.136
 99.4492 -65.0648 21.1097 137.211
 99.4499 -65.0156 21.1063 137.284
 99.4501 -64.9484 21.094 137.358
 99.45 -64.8705 21.0763 137.432
 99.4498 -64.7862 21.0554 137.507
 99.4496 -64.7356 21.0428 137.583
 99.4495 -64.7052 21.0353 137.658
 99.4495 -64.687 21.0308 137.733
 99.4494 -64.6761 21.0281 137.805
 99.4494 -64.6695 21.0265 137.952
