 -100 -5.27167 -1.85849 42.8044
 -100 -5.64966 -1.66844 42.8801
 -100 -5.87646 -1.55442 42.9564
 -100 -6.01253 -1.486 43.0318
 -100 -6.06819 -1.41893 43.1072
 -100 -5.99842 -1.15804 43.1836
 -99.9921 -6.38256 -0.886143 43.2582
 -99.865 -6.79606 -0.758968 43.3339
 -99.4877 -7.05179 -0.583882 43.4088
 -98.6223 -6.84012 -0.487338 43.4852
 -97.2509 -6.55892 -0.362233 43.5603
 -95.5831 -6.45691 -0.29659 43.6366
 -94.0783 -6.37472 -0.483265 43.7111
 -93.1009 -6.45289 -0.596735 43.7872
 -92.5064 -6.51937 -0.659511 43.8623
 -92.0924 -6.67214 -0.684622 43.9379
 -91.7714 -6.9405 -0.651802 44.0143
 -91.5708 -7.12118 -0.626781 44.0893
 -91.4504 -7.22958 -0.611768 44.1655
 -91.3141 -7.4521 -0.560077 44.2449
 -91.2082 -7.64475 -0.513031 44.3234
 -91.1189 -7.77083 -0.518168 44.3984
 -91.0233 -7.89647 -0.543953 44.475
 -90.8743 -8.0918 -0.599564 44.5501
 -90.7171 -8.2698 -0.68923 44.6253
 -90.5978 -8.41165 -0.751772 44.7011
 -90.4784 -8.61589 -0.757162 44.7761
 -90.2722 -9.07701 -0.669046 44.8513
 -90.0165 -9.55083 -0.654412 44.9274
 -89.7849 -9.8679 -0.746746 45.0032
 -89.6369 -10.0536 -0.821717 45.0801
 -89.513 -10.1714 -0.920061 45.1552
 -89.3902 -10.3379 -0.971721 45.2328
 -89.2524 -10.5741 -0.984556 45.3067
 -89.0159 -10.8317 -1.14562 45.3876
 -88.8466 -10.9726 -1.30136 45.4625
 -88.736 -11.0526 -1.41451 45.5372
 -88.6696 -11.1006 -1.4824 45.6098
 -88.6297 -11.1294 -1.52313 45.684
 -88.5353 -11.3287 -1.49899 45.7599
 -88.4538 -11.4843 -1.49342 45.8347
 -88.295 -11.425 -1.33477 45.9097
 -87.9137 -11.0127 -0.929837 45.9843
 -87.5981 -10.6766 -0.694773 46.06
 -87.3808 -10.461 -0.613169 46.135
 -87.1854 -10.2991 -0.703084 46.2106
 -87.0311 -10.1833 -0.836513 46.2861
 -86.9015 -10.0952 -0.996141 46.3618
 -86.7683 -10.0142 -1.21144 46.4369
 -86.5963 -9.9188 -1.54027 46.5097
 -86.4134 -9.8945 -1.84133 46.5848
 -86.1567 -10.0262 -2.13357 46.6598
 -85.7355 -10.1657 -2.709 46.7348
 -85.2033 -10.4529 -3.3437 46.8107
 -84.5442 -10.5756 -3.71471 46.8858
 -83.9292 -10.5397 -4.05187 46.9619
 -83.4098 -10.6159 -4.42165 47.0378
 -82.889 -10.9062 -4.77367 47.114
 -82.2882 -11.3865 -5.19773 47.1903
 -81.7599 -11.7909 -5.63757 47.266
 -81.3469 -12.1365 -5.97318 47.3421
 -81.0107 -12.3999 -6.27822 47.4214
 -80.7373 -12.5716 -6.57605 47.4964
 -80.5024 -12.7144 -6.84335 47.5718
 -80.3181 -12.8542 -7.02945 47.6459
 -80.155 -12.9876 -7.18788 47.7217
 -79.9886 -13.1858 -7.29241 47.799
 -79.7998 -13.3353 -7.48635 47.8743
 -79.6249 -13.4698 -7.67087 47.9524
 -79.4667 -13.5742 -7.85527 48.0299
 -79.3102 -13.6818 -8.03428 48.1053
 -79.1114 -13.8462 -8.23632 48.1829
 -78.8965 -14.0498 -8.43115 48.2599
 -78.7166 -14.2746 -8.54215 48.3383
 -78.5821 -14.4215 -8.64586 48.4151
 -78.4673 -14.5694 -8.71306 48.4905
 -78.3544 -14.687 -8.80642 48.565
 -78.2018 -14.9207 -8.86153 48.6406
 -78.0571 -15.085 -8.9691 48.7185
 -77.8823 -15.2415 -9.14016 48.7977
 -77.7169 -15.4078 -9.28526 48.8734
 -77.5562 -15.5536 -9.44173 48.9498
 -77.2634 -15.7836 -9.51009 49.0271
 -76.52 -15.7729 -9.5743 49.1025
 -75.6065 -15.7633 -9.86414 49.179
 -74.9518 -15.7109 -10.1777 49.2552
 -74.5314 -15.6647 -10.4315 49.33
 -74.0011 -15.3548 -10.5441 49.4127
 -73.3225 -14.7896 -10.5044 49.4888
 -72.292 -13.8043 -10.3831 49.5672
 -71.3795 -12.922 -10.3506 49.6429
 -70.7519 -12.4132 -10.3508 49.7192
 -70.3659 -12.1026 -10.3731 49.7956
 -70.0374 -11.7935 -10.2655 49.8717
 -69.6979 -11.4334 -10.0563 49.9476
 -69.4754 -11.2343 -9.94735 50.0224
 -69.2767 -11.2709 -9.84227 50.098
 -68.9344 -11.1933 -9.59715 50.1734
 -68.4919 -11.331 -9.26961 50.248
 -67.9543 -11.8721 -9.10304 50.3233
 -67.2297 -12.3113 -9.61033 50.3991
 -66.4818 -12.7653 -10.2941 50.4771
 -65.6905 -12.9413 -10.7757 50.5523
 -64.8845 -12.8006 -10.9902 50.6284
 -64.2924 -12.7884 -11.1892 50.7038
 -63.7087 -13.1347 -11.3709 50.7797
 -63.082 -13.6429 -11.6869 50.8631
 -62.5546 -14.1764 -11.9281 50.9389
 -62.1904 -14.527 -12.1307 51.0153
 -61.9528 -14.7553 -12.2697 51.0909
 -61.7446 -15.0267 -12.3412 51.1683
 -61.5065 -15.3548 -12.4302 51.2441
 -61.2149 -15.8686 -12.4479 51.3198
 -60.9372 -16.3486 -12.4813 51.3955
 -60.6787 -16.8429 -12.4715 51.4706
 -60.3655 -17.3961 -12.5114 51.5467
 -59.9407 -17.875 -12.3848 51.6221
 -59.2324 -18.2125 -12.2007 51.6978
 -58.4043 -18.6514 -11.9892 51.7754
 -57.7726 -19.0188 -11.8428 51.8579
 -57.2657 -19.5169 -11.7292 51.9334
 -56.8193 -19.9742 -11.6054 52.0087
 -56.3906 -20.2016 -11.3622 52.0842
 -56.0412 -20.2663 -11.1136 52.1597
 -55.692 -20.5233 -10.8482 52.2339
 -55.0881 -21.4275 -10.7219 52.309
 -54.5793 -22.3861 -10.5399 52.3842
 -54.2443 -22.9753 -10.4721 52.475
 -53.99 -23.4464 -10.424 52.5536
 -53.8056 -23.7132 -10.4668 52.6279
 -53.6105 -23.8313 -10.6839 52.7021
 -53.3138 -23.7855 -11.0773 52.7778
 -52.6982 -23.3779 -11.4303 52.8545
 -51.97 -22.8256 -11.7767 52.9306
 -51.3091 -22.2988 -12.0559 53.006
 -50.7841 -21.8629 -12.2224 53.0818
 -50.3962 -21.5629 -12.4928 53.1571
 -50.1323 -21.3665 -12.7283 53.2329
 -49.7939 -21.0573 -12.7379 53.3111
 -49.3431 -20.6082 -12.57 53.3867
 -48.9471 -20.2011 -12.3616 53.4629
 -48.5842 -19.8188 -12.1286 53.5384
 -48.3665 -19.5894 -11.9888 53.6143
 -48.2359 -19.4518 -11.905 53.6908
 -48.0716 -19.2696 -11.7551 53.7667
 -47.8021 -18.9607 -11.4657 53.8449
 -47.6261 -18.7587 -11.2754 53.9198
 -47.5205 -18.6375 -11.1613 53.9963
 -47.4572 -18.5648 -11.0928 54.0721
 -47.2631 -18.3375 -10.8681 54.1473
 -46.936 -17.8416 -10.468 54.223
 -46.7289 -17.5384 -10.2524 54.299
 -46.5831 -17.3451 -10.1721 54.377
 -46.4955 -17.2291 -10.124 54.4527
 -46.18 -16.8503 -9.81687 54.5282
 -45.5689 -16.1306 -9.23252 54.6039
 -45.1885 -15.6816 -8.86492 54.679
 -44.9602 -15.4123 -8.64437 54.7536
 -44.7984 -15.2278 -8.51965 54.8306
 -44.4474 -14.8655 -8.43775 54.9052
 -44.107 -14.5497 -8.53506 54.9898
 -43.8808 -14.3486 -8.64291 55.064
 -43.7011 -14.2044 -8.80661 55.1382
 -43.5385 -14.0884 -9.02872 55.2141
 -43.3972 -13.9953 -9.2612 55.2899
 -43.2797 -13.9217 -9.47516 55.3656
 -43.1549 -13.848 -9.72778 55.4417
 -42.984 -13.8433 -10.0092 55.5166
 -42.7229 -13.9681 -10.332 55.5932
 -42.3492 -14.2429 -10.5951 55.6686
 -41.7661 -14.5262 -10.7398 55.7443
 -41.0954 -14.8246 -10.8543 55.8193
 -40.3923 -15.1134 -10.932 55.8947
 -39.8393 -15.3605 -11.08 55.9714
 -39.4857 -15.4968 -11.2194 56.0518
 -39.1436 -15.422 -11.1479 56.1303
 -38.7043 -15.1147 -10.9388 56.2059
 -38.2821 -14.766 -10.776 56.2814
 -37.9105 -14.4647 -10.6182 56.358
 -37.6193 -14.2076 -10.4794 56.4341
 -37.3233 -13.9494 -10.2928 56.5106
 -37.0145 -13.7476 -10.0386 56.587
 -36.7407 -13.6324 -9.796 56.6625
 -36.548 -13.5279 -9.61543 56.7382
 -36.3676 -13.5552 -9.53112 56.8132
 -36.1294 -13.7203 -9.56088 56.8892
 -35.8693 -14.0381 -9.56917 56.9672
 -35.6916 -14.2483 -9.59294 57.0424
 -35.5745 -14.4002 -9.60045 57.1191
 -35.4511 -14.588 -9.60352 57.1934
 -35.3128 -14.7915 -9.62946 57.2676
 -35.1251 -15.1395 -9.60975 57.3431
 -34.8753 -15.5884 -9.60691 57.4181
 -34.6104 -16.0787 -9.59531 57.4941
 -34.3232 -16.5242 -9.66895 57.57
 -34.0367 -17.0135 -9.70314 57.6444
 -33.8104 -17.3409 -9.7871 57.7196
 -33.6013 -17.6556 -9.85478 57.7947
 -33.4316 -17.8523 -9.96575 57.8697
 -33.23 -17.9801 -10.1991 57.9458
 -33.0638 -18.0325 -10.4423 58.0216
 -32.8973 -18.1447 -10.5691 58.0992
 -32.5401 -18.2492 -10.5783 58.1771
 -31.8551 -18.1544 -10.7725 58.2527
 -31.3352 -18.1658 -11.0176 58.3282
 -30.9668 -18.1419 -11.295 58.4033
 -30.6372 -18.196 -11.5906 58.4792
 -30.2975 -18.2783 -11.9758 58.5546
 -29.9671 -18.5144 -12.2567 58.6305
 -29.7148 -18.6904 -12.4902 58.7056
 -29.5217 -18.8692 -12.6359 58.7814
 -29.3743 -19.0233 -12.7358 58.8565
 -29.2004 -19.1971 -12.8732 58.9321
 -28.8913 -19.2514 -12.9352 59.0087
 -28.5545 -19.1625 -13.1119 59.0847
 -28.3319 -19.1624 -13.2041 59.177
 -28.1667 -19.2093 -13.272 59.2532
 -27.9541 -19.1829 -13.1919 59.3275
 -27.4421 -18.8578 -13.0637 59.4027
 -26.7435 -18.3569 -12.9771 59.4777
 -25.9629 -17.7557 -12.7907 59.553
 -25.2129 -17.1299 -12.7462 59.6371
 -24.6032 -16.6057 -12.771 59.7124
 -24.0926 -16.1311 -12.694 59.7883
 -23.6226 -15.6555 -12.4925 59.8675
 -23.2041 -15.2036 -12.2073 59.9451
 -22.9077 -14.8769 -11.9813 60.0195
 -22.7147 -14.6624 -11.8274 60.0963
 -22.577 -14.5873 -11.721 60.1775
 -22.3967 -14.5662 -11.6797 60.2525
 -22.1 -14.5291 -11.696 60.3284
 -21.8436 -14.595 -11.7581 60.4042
 -21.6338 -14.7022 -11.8279 60.4803
 -21.3722 -14.7888 -12.0907 60.5563
 -21.0473 -14.9774 -12.4147 60.6347
 -20.507 -14.9608 -12.7146 60.7117
 -19.8236 -14.9662 -13.0089 60.787
 -19.2217 -15.0977 -13.2092 60.8634
 -18.7823 -15.2657 -13.3826 60.9394
 -18.4966 -15.4209 -13.4723 61.016
 -18.3252 -15.5141 -13.5261 61.0926
 -18.2223 -15.57 -13.5584 61.1682
 -18.1496 -15.6307 -13.5707 61.2583
 -18.106 -15.6672 -13.578 61.3362
 -18.0571 -15.6759 -13.6369 61.4125
 -17.9825 -15.6547 -13.7814 61.4877
 -17.7583 -15.5359 -14.3056 61.5643
 -17.3015 -15.7133 -14.9667 61.6387
 -16.7622 -16.2394 -15.4346 61.7147
 -16.1347 -17.3271 -15.5139 61.7898
 -15.4821 -18.6663 -15.4077 61.8647
 -15.0269 -19.6024 -15.3351 61.9403
 -14.7092 -20.1721 -15.3673 62.0147
 -14.4619 -20.4808 -15.525 62.0891
 -14.2796 -20.6462 -15.7027 62.1646
 -14.0578 -20.6791 -16.0867 62.242
 -13.88 -20.6722 -16.4282 62.3288
 -13.7622 -20.6614 -16.661 62.4043
 -13.6916 -20.6549 -16.8006 62.4793
 -13.6492 -20.651 -16.8844 62.555
 -13.6237 -20.6487 -16.9346 62.6298
 -13.5587 -20.591 -16.9092 62.7068
 -13.3155 -20.3361 -16.7452 62.7823
 -13.1306 -20.151 -16.6838 62.8572
 -13.0197 -20.0399 -16.647 62.9305
 -12.9207 -20.0223 -16.6382 63.0054
 -12.8506 -20.0397 -16.6256 63.0815
 -12.766 -20.1619 -16.5889 63.1595
 -12.6822 -20.2497 -16.6152 63.2374
 -12.5412 -20.4794 -16.5612 63.3133
 -12.0408 -20.7785 -16.6119 63.3924
 -11.5448 -21.1507 -16.8281 63.4686
 -11.2247 -21.3606 -17.014 63.5445
 -11.0215 -21.4798 -17.1535 63.6187
 -10.889 -21.5795 -17.2299 63.6946
 -10.7991 -21.6675 -17.2683 63.7692
 -10.6496 -21.9042 -17.2959 63.845
 -10.4364 -22.2049 -17.3262 63.9215
 -10.1186 -22.288 -17.3861 63.9956
 -9.88468 -22.381 -17.4635 64.0716
 -9.6699 -22.5649 -17.5292 64.148
 -9.45559 -22.7968 -17.616 64.2247
 -9.29422 -22.9508 -17.7171 64.3019
 -9.15433 -23.0865 -17.8194 64.3775
 -9.01704 -23.2396 -17.9149 64.453
 -8.90197 -23.3463 -18.0213 64.5287
 -8.81057 -23.3969 -18.1416 64.6041
 -8.63815 -23.564 -18.3106 64.6792
 -8.45179 -23.857 -18.3881 64.7543
 -8.22389 -24.0412 -18.4409 64.8291
 -8.06673 -24.2088 -18.4577 64.9035
 -7.97243 -24.3093 -18.4677 64.9805
 -7.89349 -24.3561 -18.5304 65.0587
 -7.84612 -24.3842 -18.5681 65.1343
 -8.8068 -23.4821 -19.6478 82.5662
 -8.74484 -23.6526 -19.6033 82.6411
 -8.69737 -23.7834 -19.5692 82.718
 -8.58694 -24.0897 -19.4893 82.7936
 -8.37888 -24.673 -19.3369 82.8687
 -8.22393 -25.1087 -19.223 82.9441
 -8.13096 -25.3702 -19.1547 83.0215
 -8.07518 -25.527 -19.1137 83.0983
 -8.04171 -25.6212 -19.0891 83.1748
 -8.03278 -25.6844 -19.046 83.2497
 -8.02859 -25.7577 -18.9843 83.3253
 -7.99611 -25.8875 -18.9248 83.401
 -7.97663 -25.9653 -18.8891 83.4771
 -7.96494 -26.0121 -18.8677 83.5526
 -7.95792 -26.0401 -18.8549 83.6316
 -7.96491 -26.0637 -18.8188 83.7068
 -7.96911 -26.0778 -18.7972 83.7836
 -7.97162 -26.0863 -18.7842 83.8611
 -7.95323 -26.1486 -18.7614 83.9377
 -7.94219 -26.186 -18.7477 84.0121
 -7.93557 -26.2085 -18.7395 84.0892
 -7.93159 -26.2219 -18.7346 84.1776
 -7.92921 -26.23 -18.7317 84.2525
 -7.92778 -26.2349 -18.7299 84.3295
 -7.92692 -26.2378 -18.7288 84.4033
 -7.9264 -26.2395 -18.7282 84.4793
 -7.92609 -26.2406 -18.7278 84.5543
 -7.92591 -26.2412 -18.7276 84.632
 -7.91586 -26.2702 -18.72 84.7087
 -7.90983 -26.2876 -18.7154 84.7824
 -7.89629 -26.3267 -18.7051 84.8582
 -7.86834 -26.4075 -18.684 84.9327
 -7.82332 -26.5773 -18.6129 85.0099
 -7.78938 -26.7787 -18.4909 85.0879
 -7.75255 -27.0278 -18.331 85.1624
 -7.53942 -27.7883 -18.0479 85.2484
 -7.19087 -29.0097 -17.6232 85.3235
 -6.87179 -30.0909 -17.2764 85.3987
 -6.73264 -30.8375 -16.8829 85.474
 -6.8269 -31.3845 -16.2229 85.5486
 -7.0127 -31.8853 -15.4375 85.6235
 -7.02914 -32.6417 -14.7659 85.7015
 -6.96708 -33.6307 -14.0622 85.7769
 -6.95376 -34.4384 -13.4246 85.8548
 -6.94158 -35.0887 -12.9189 85.931
 -6.98087 -35.6704 -12.3801 86.0064
 -7.0261 -36.4648 -11.6749 86.0815
 -7.02537 -37.2608 -11.0613 86.1574
 -7.02998 -38.1067 -10.4107 86.2359
 -7.01632 -38.9049 -9.83754 86.3106
 -7.00985 -39.5503 -9.3703 86.3857
 -7.00084 -40.1337 -8.95867 86.461
 -6.98508 -40.6442 -8.61617 86.5372
 -6.97298 -41.0814 -8.32311 86.613
 -6.97057 -41.4451 -8.06768 86.6896
 -6.9519 -41.9192 -7.76701 86.7658
 -6.83561 -42.6492 -7.46617 86.8418
 -6.67693 -43.4744 -7.18088 86.9181
 -6.53469 -44.1784 -6.95314 86.9952
 -6.38318 -44.8997 -6.73551 87.0735
 -6.2017 -45.7517 -6.49119 87.1509
 -6.06103 -46.413 -6.30388 87.2331
 -5.96401 -46.8698 -6.17518 87.3114
 -5.8807 -47.264 -6.06534 87.3865
 -5.76882 -47.8013 -5.9177 87.4625
 -5.65911 -48.3345 -5.77178 87.538
 -5.55131 -48.8655 -5.62679 87.6142
 -5.45701 -49.335 -5.49871 87.6886
 -5.3595 -49.8283 -5.36424 87.7647
 -5.27214 -50.2756 -5.24235 87.8398
 -5.21972 -50.5439 -5.16921 87.9155
 -5.18826 -50.7049 -5.12533 87.9911
 -5.16366 -50.8318 -5.09075 88.0658
 -5.08945 -51.1442 -5.03174 88.1407
 -4.95809 -51.3922 -5.11065 88.2179
 -4.78165 -51.4984 -5.35306 88.2933
 -4.45439 -51.4641 -5.94554 88.3694
 -4.20306 -51.4189 -6.41304 88.4445
 -4.01787 -51.5741 -6.64387 88.5194
 -3.78998 -52.3069 -6.60791 88.5956
 -3.58378 -53.1437 -6.47786 88.6709
 -3.46006 -53.6458 -6.39983 88.7486
 -3.38583 -53.9471 -6.35301 88.8235
 -3.34129 -54.1278 -6.32492 88.9001
 -3.30931 -54.2668 -6.29971 88.9762
 -3.29012 -54.3503 -6.28458 89.0537
 -3.27861 -54.4003 -6.2755 89.1299
 -3.2717 -54.4303 -6.27005 89.2054
 -3.26756 -54.4484 -6.26679 89.2879
 -3.26507 -54.4592 -6.26483 89.366
 -3.26358 -54.4657 -6.26365 89.442
 -3.247 -54.5613 -6.23785 89.5168
 -3.18562 -54.925 -6.1386 89.5936
 -3.11355 -55.358 -6.02028 89.6675
 -3.0554 -55.7098 -5.92406 89.7416
 -3.02051 -55.9209 -5.86633 89.8174
 -3.00872 -56.0844 -5.79528 89.8934
 -2.99127 -56.3421 -5.68255 89.9678
 -2.98526 -56.5643 -5.57006 90.0425
 -2.99098 -56.7344 -5.46616 90.117
 -2.98035 -57.2239 -5.21858 90.192
 -2.8622 -58.2893 -4.85803 90.2664
 -2.71597 -59.486 -4.48825 90.3427
 -2.58825 -60.5145 -4.18082 90.4171
 -2.45419 -61.5982 -3.86765 90.4918
 -2.26145 -63.2474 -3.40359 90.5673
 -2.08579 -64.8325 -2.96017 90.6433
 -1.95372 -66.0662 -2.6157 90.7174
 -1.85731 -66.9951 -2.35666 90.7931
 -1.76932 -67.8988 -2.10504 90.8706
 -1.68557 -68.8194 -1.84884 90.9459
 -1.60873 -69.7193 -1.5984 91.0227
 -1.53776 -70.6073 -1.35118 91.0981
 -1.48656 -71.2668 -1.16752 91.1766
 -1.45584 -71.6626 -1.05733 91.2527
 -1.43319 -71.9634 -0.973543 91.3314
 -1.38976 -72.6198 -0.790467 91.4077
 -1.33055 -73.6179 -0.511749 91.4829
 -1.15481 -74.1971 -0.586768 91.5594
 -0.769846 -74.2435 -1.21726 91.6347
 -0.0308925 -74.0392 -2.56237 91.7113
 0.896964 -73.7184 -4.30626 91.7881
 1.49721 -73.5077 -5.43811 91.8649
 1.92972 -73.3509 -6.25987 91.9414
 2.36191 -73.1833 -7.09593 92.0168
 2.8493 -72.984 -8.05634 92.0911
 3.28301 -72.8023 -8.92014 92.1675
 3.58543 -72.6745 -9.52481 92.243
 3.92083 -72.5289 -10.2049 92.319
 4.24713 -72.3848 -10.873 92.4009
 4.48442 -72.2794 -11.3608 92.4756
 4.64322 -72.2418 -11.6734 92.5517
 4.77991 -72.2003 -11.9478 92.627
 4.91699 -72.1499 -12.2284 92.7021
 5.01298 -72.1133 -12.4258 92.7779
 5.07057 -72.0914 -12.5443 92.8531
 5.10513 -72.0782 -12.6153 92.9286
 5.12586 -72.0703 -12.6579 93.0039
 5.1383 -72.0656 -12.6835 93.0793
 5.20063 -72.0373 -12.815 93.1548
 5.40165 -71.9435 -13.2427 93.2315
 5.5494 -71.8743 -13.5575 93.3076
 5.64079 -71.8649 -13.7374 93.3832
 5.72745 -72.2446 -13.7368 93.4587
 5.83454 -73.2127 -13.5276 93.534
 5.90102 -73.8258 -13.3929 93.6088
 5.94091 -74.1937 -13.3121 93.6846
 5.96484 -74.4144 -13.2636 93.76
 5.9792 -74.5469 -13.2345 93.8357
 6.05652 -74.5943 -13.3626 93.911
 6.13032 -74.61 -13.4977 93.9874
 6.1746 -74.6194 -13.5788 94.0629
 6.22295 -74.9478 -13.5361 94.1416
 6.27997 -75.5974 -13.3822 94.2171
 6.32887 -76.2462 -13.2163 94.295
 6.36348 -76.7327 -13.0891 94.3707
 6.39814 -77.0182 -13.042 94.446
 6.62608 -77.0934 -13.4512 94.5211
 6.91329 -77.0674 -14.0184 94.5966
 7.08562 -77.0518 -14.3588 94.6718
 7.32472 -76.9775 -14.8561 94.7472
 7.4817 -76.9264 -15.1839 94.8215
 7.57588 -76.8957 -15.3805 94.8965
 7.63239 -76.8773 -15.4985 94.9708
 7.6663 -76.8662 -15.5693 95.0481
 7.68664 -76.8596 -15.6118 95.1255
 7.69885 -76.8556 -15.6373 95.2022
 7.71968 -76.8467 -15.6819 95.2794
 7.73217 -76.8414 -15.7087 95.3591
 7.73967 -76.8382 -15.7248 95.434
 7.74417 -76.8363 -15.7344 95.5088
 7.74687 -76.8351 -15.7402 95.5844
 7.74849 -76.8344 -15.7437 95.6599
 7.74946 -76.834 -15.7458 95.737
 7.75004 -76.8337 -15.747 95.8116
 7.75039 -76.8336 -15.7478 95.8872
 7.7506 -76.8335 -15.7482 95.9627
 7.75073 -76.8335 -15.7485 96.0378
 7.75081 -76.8334 -15.7486 96.1131
 7.75085 -76.8334 -15.7487 96.1891
 7.75088 -76.8334 -15.7488 96.2674
 7.75089 -76.8334 -15.7488 96.3448
 7.7509 -76.8334 -15.7489 96.4198
 7.75091 -76.8334 -15.7489 96.4962
 7.75286 -76.8658 -15.7396 96.5695
 7.76542 -77.0801 -15.6786 96.6455
 7.77844 -77.3061 -15.6142 96.7205
 7.78625 -77.4418 -15.5755 96.7968
 7.79094 -77.5231 -15.5523 96.8741
 7.79375 -77.572 -15.5384 96.9485
 7.79544 -77.6013 -15.5301 97.0247
 7.79646 -77.6188 -15.525 97.1022
 7.79706 -77.6294 -15.522 97.1767
 7.79743 -77.6357 -15.5202 97.2525
 7.79765 -77.6395 -15.5192 97.3272
 7.79958 -77.6743 -15.5092 97.4024
 7.80074 -77.6951 -15.5033 97.4768
 7.80143 -77.7077 -15.4997 97.5513
 7.80185 -77.7152 -15.4976 97.6264
 7.8021 -77.7197 -15.4963 97.7012
 7.80225 -77.7224 -15.4955 97.7766
 7.80234 -77.724 -15.4951 97.8529
 7.80239 -77.725 -15.4948 97.9282
 7.80242 -77.7256 -15.4946 98.0036
 7.80244 -77.7259 -15.4945 98.0811
 7.80246 -77.7261 -15.4944 98.1564
 7.80777 -77.8238 -15.4666 98.2318
 7.81783 -78.0124 -15.4127 98.3079
 7.82386 -78.1256 -15.3804 98.3837
 7.82748 -78.1936 -15.361 98.4606
 7.82966 -78.2343 -15.3494 98.5362
 7.83096 -78.2588 -15.3424 98.6096
 7.83342 -78.306 -15.329 98.6846
 7.84779 -78.5947 -15.2465 98.7596
 7.86689 -78.996 -15.1317 98.8358
 7.87979 -79.2694 -15.0535 98.9128
 7.89584 -79.6291 -14.9506 98.9877
 7.92709 -80.433 -14.7201 99.0628
 8.09846 -80.9938 -14.3617 99.1375
 8.21301 -81.7564 -14.0242 99.2121
 8.28407 -82.3124 -13.7933 99.2887
 8.32891 -82.7444 -13.6263 99.3635
 8.98233 -82.4017 -12.0418 99.4378
 9.81256 -81.9396 -10.3808 99.5132
 10.3174 -81.9591 -9.29907 99.5886
 10.6318 -82.7308 -8.43164 99.6633
 10.8228 -83.5249 -7.81584 99.7399
 10.9381 -84.2334 -7.37948 99.817
 11.0073 -84.8244 -7.06982 99.8992
 11.0488 -85.179 -6.88402 99.9744
 11.0738 -85.3917 -6.77255 100.049
 11.0887 -85.5193 -6.70566 100.125
 11.1203 -85.5779 -6.64595 100.2
 11.3647 -85.4328 -6.4141 100.276
 11.6462 -85.2373 -6.15715 100.351
 12.1065 -84.884 -5.74705 100.427
 12.6949 -84.4168 -5.22449 100.503
 13.1736 -83.9055 -4.87942 100.583
 13.7074 -82.9696 -4.65663 100.659
 14.3409 -81.5467 -4.70986 100.735
 14.98 -80.5818 -5.24073 100.811
 15.7974 -79.4052 -6.55875 100.887
 16.3186 -78.3633 -7.39549 100.966
 17.3299 -77.0381 -7.28828 101.042
 18.8255 -75.4635 -6.39959 101.118
 19.727 -74.6495 -5.55992 101.195
 20.132 -74.5622 -4.66482 101.271
 20.492 -74.3558 -3.93631 101.346
 21.2575 -73.3114 -3.06395 101.423
 21.9543 -72.5714 -2.28737 101.499
 22.4836 -72.1304 -1.69063 101.574
 23.4463 -71.2593 -0.695483 101.648
 24.7051 -70.071 0.6352 101.724
 25.6026 -69.2186 1.57921 101.8
 26.2019 -68.6474 2.20808 101.876
 26.9768 -67.7833 2.99544 101.95
 28.1175 -66.5777 4.18203 102.025
 28.9927 -65.6039 5.33815 102.101
 29.3715 -65.1494 6.31768 102.177
 29.6985 -64.7611 7.06203 102.252
 30.5111 -63.8709 8.18878 102.327
 31.7229 -62.5536 9.79017 102.405
 32.5903 -61.5528 11.2693 102.482
 32.8618 -61.0497 12.5705 102.573
 32.6144 -60.9401 14.0374 102.649
 32.248 -60.9563 15.2692 102.724
 31.8453 -61.034 16.3004 102.8
 31.1719 -61.3772 17.655 102.875
 30.0158 -61.848 19.6226 102.951
 28.7977 -62.4811 21.651 103.036
 28.1176 -62.7842 22.983 103.114
 27.7212 -62.9021 23.9543 103.19
 27.4772 -63.1815 24.6211 103.266
 27.136 -63.4134 25.3056 103.342
 26.5266 -63.821 26.3482 103.417
 25.797 -64.1691 27.6396 103.492
 25.4738 -64.0158 29.2067 103.568
 26.0608 -62.8693 31.3448 103.644
 26.8634 -61.5847 33.2434 103.719
 27.3609 -60.7925 34.4046 103.794
 27.6594 -60.3172 35.1013 103.869
 27.8544 -60.0107 35.5413 103.944
 28.0646 -59.5593 35.7919 104.019
 28.5795 -58.5798 35.1968 104.103
 28.9219 -57.9305 34.8245 104.178
 29.7163 -56.9189 33.664 104.253
 31.8314 -55.0202 30.9641 104.328
 34.1341 -52.9638 29.3727 104.403
 35.9489 -51.167 29.0303 104.478
 37.2879 -49.733 29.1838 104.555
 38.1069 -48.8503 29.2983 104.63
 38.6587 -48.3555 29.4621 104.706
 39.098 -47.9022 29.7177 104.782
 39.5612 -47.339 30.164 104.857
 40.0064 -46.7539 30.68 104.934
 40.5986 -46.0798 30.9439 105.01
 41.298 -45.3624 31.0881 105.087
 41.9662 -44.5998 31.4339 105.162
 42.8644 -43.365 32.4166 105.238
 43.9001 -41.8163 33.8087 105.313
 44.6614 -40.637 34.8126 105.389
 45.1182 -39.9293 35.415 105.464
 45.4338 -39.435 35.8455 105.543
 45.8562 -38.742 36.496 105.633
 46.2719 -38.0453 37.1639 105.713
 46.6284 -37.4396 37.7498 105.79
 47.054 -36.6995 38.4727 105.865
 48.0082 -35.0866 39.9088 105.94
 49.0101 -33.279 41.5917 106.016
 49.6113 -32.1945 42.6015 106.093
 50.02 -31.4473 43.3015 106.182
 50.5486 -30.4182 44.2875 106.259
 51.0818 -29.2458 45.3342 106.334
 51.3806 -28.4401 45.935 106.409
 51.5457 -27.8884 46.2775 106.484
 51.7873 -27.1472 46.7969 106.561
 51.9019 -25.9618 47.1543 106.637
 51.96 -24.5544 47.4567 106.724
 51.9587 -23.3563 47.4895 106.797
 52.1299 -21.7331 46.8034 106.872
 52.4502 -19.244 45.243 106.947
 52.5954 -17.1772 44.0141 107.022
 52.9262 -15.8453 42.9202 107.098
 53.3468 -14.9617 41.9359 107.175
 53.6192 -14.4238 41.3155 107.251
 53.8429 -14.078 40.8536 107.325
 54.2969 -13.747 40.0974 107.4
 55.3363 -13.2453 38.4678 107.476
 56.6242 -12.7109 36.4646 107.552
 57.435 -12.3746 35.2016 107.627
 57.9405 -12.1648 34.4132 107.704
 58.2818 -12.0232 33.879 107.779
 58.5245 -11.9225 33.4973 107.855
 58.6702 -11.862 33.2683 107.931
 58.7575 -11.8258 33.1309 108.006
 58.9132 -11.7231 32.8556 108.084
 59.3012 -11.0441 31.8652 108.161
 59.5856 -10.2143 30.9573 108.237
 59.7533 -9.58367 30.3784 108.328
 59.8688 -9.12266 29.9511 108.404
 59.9677 -8.75535 29.7029 108.48
 60.0714 -8.43611 29.6502 108.555
 60.1337 -8.12848 29.6486 108.632
 60.149 -7.81926 29.6445 108.706
 60.1249 -7.53389 29.6148 108.781
 60.1104 -7.36267 29.597 108.856
 60.1564 -7.13619 29.7069 108.932
 60.292 -6.7524 30.0141 109.01
 60.4375 -6.37315 30.3435 109.085
 60.5135 -6.11233 30.532 109.162
 60.4572 -5.65676 30.5636 109.237
 60.412 -5.35021 30.5735 109.314
 60.3849 -5.16629 30.5795 109.39
 60.3686 -5.05593 30.5831 109.466
 60.3588 -4.98972 30.5852 109.541
 60.353 -4.94999 30.5865 109.616
 60.3495 -4.92616 30.5873 109.692
 60.3474 -4.91185 30.5877 109.768
 60.3347 -4.87008 30.5789 109.844
 60.3271 -4.84502 30.5737 109.919
 60.3225 -4.82998 30.5705 109.994
 60.3198 -4.82095 30.5686 110.07
 60.3181 -4.81554 30.5675 110.147
 60.3171 -4.81229 30.5668 110.222
 60.3165 -4.81034 30.5664 110.298
 60.2704 -4.67647 30.53 110.374
 60.1503 -4.33106 30.4357 110.45
 60.05 -3.98341 30.3121 110.526
 60.034 -3.60241 30.0471 110.601
 59.9954 -3.23359 29.8209 110.676
 59.9604 -2.97927 29.6762 110.752
 59.9394 -2.82668 29.5894 110.828
 59.9149 -2.7021 29.5283 110.903
 59.8512 -2.43749 29.4706 110.977
 59.7722 -2.00637 29.4546 111.055
 59.6523 -1.55015 29.3908 111.131
 59.5612 -1.05495 29.2055 111.208
 59.4054 -0.266091 28.8441 111.283
 59.1513 0.787659 28.3813 111.358
 58.8196 1.87652 27.9779 111.437
 58.5558 2.69259 27.691 111.513
 58.4286 3.31216 27.3676 111.588
 58.4046 3.70819 27.0803 111.663
 58.3903 3.9458 26.9079 111.739
 58.3816 4.08837 26.8045 111.818
 58.3764 4.17391 26.7424 111.892
 58.423 4.34947 26.8265 111.968
 58.5002 4.57917 26.9985 112.047
 58.6149 4.8913 27.2718 112.121
 58.8561 5.52789 27.8743 112.196
 59.1406 6.28546 28.6022 112.274
 59.3297 6.79017 29.0879 112.35
 59.4432 7.093 29.3793 112.433
 59.5113 7.27469 29.5541 112.516
 59.5521 7.38371 29.659 112.592
 59.5766 7.44912 29.722 112.668
 59.5913 7.48837 29.7597 112.743
 59.6002 7.51191 29.7824 112.818
 59.6511 7.65153 29.9183 112.893
 59.763 7.9615 30.2204 112.968
 59.9628 8.52531 30.7699 113.045
 60.1691 9.11607 31.3455 113.124
 60.3947 9.77413 31.9865 113.199
 60.5965 10.3717 32.5684 113.275
 60.7423 10.8064 32.9917 113.347
 60.8298 11.0672 33.2457 113.423
 60.8866 11.2643 33.3581 113.503
 60.9598 11.5933 33.1947 113.577
 61.0516 11.9285 32.9144 113.652
 61.3108 12.3001 32.3233 113.727
 61.6822 12.6614 31.5535 113.812
 61.9485 12.9199 31.0537 113.887
 62.1329 13.3325 30.8443 113.963
 62.196 14.0953 30.6193 114.04
 62.2275 15.0839 30.72 114.116
 62.3762 16.1658 31.098 114.188
 62.6868 17.3831 31.3249 114.264
 63.1823 18.6493 30.9536 114.339
 63.6102 19.7393 30.5365 114.415
 63.9215 20.7053 30.1525 114.49
 64.382 21.7352 29.6463 114.572
 64.727 22.4262 29.175 114.647
 65.0519 22.8985 28.6696 114.723
 65.4473 23.2808 27.9839 114.798
 65.784 23.5596 27.3809 114.873
 66.0851 23.7765 26.8272 114.95
 66.4135 23.981 26.2067 115.028
 66.8865 24.2443 25.2883 115.104
 67.3309 24.4851 24.415 115.181
 67.6772 24.6711 23.7296 115.256
 68.0594 24.874 22.9626 115.329
 68.328 25.0379 22.4629 115.406
 68.5752 25.2894 22.1921 115.481
 68.9658 25.7195 21.8171 115.557
 69.3153 26.2767 21.8056 115.632
 69.7224 27.3065 22.4842 115.706
 70.1783 28.7264 23.6821 115.782
 70.5547 29.9938 24.8104 115.857
 70.8255 30.8227 25.4738 115.932
 71.0228 31.4064 25.9164 116.008
 71.3655 31.9857 25.9206 116.084
 71.8634 32.6215 25.5564 116.162
 72.3261 33.1117 25.0371 116.238
 72.7758 33.4968 24.3655 116.314
 73.1233 33.7691 23.7987 116.389
 73.3627 33.9491 23.3929 116.464
 73.6603 34.1399 22.8209 116.542
 74.0218 34.3537 22.0826 116.622
 74.3444 34.54 21.4085 116.698
 74.6281 34.7015 20.8059 116.774
 74.9621 34.8897 20.0801 116.849
 75.2953 35.0772 19.3461 116.925
 75.5539 35.223 18.7728 117.002
 75.7528 35.3353 18.3291 117.078
 75.945 35.4443 17.8965 117.154
 76.305 35.6509 17.07 117.229
 76.8871 35.9911 15.7031 117.305
 77.4021 36.2952 14.4795 117.382
 77.8881 36.5859 13.307 117.459
 78.4208 36.9103 11.9948 117.535
 78.9114 37.2134 10.7665 117.611
 79.258 37.4287 9.89354 117.685
 79.4919 37.5745 9.30179 117.76
 79.7098 37.7121 8.74257 117.835
 79.9303 37.853 8.16854 117.91
 80.2758 38.1403 7.38987 117.985
 80.6957 38.7233 6.95281 118.061
 81.1176 39.6681 7.29067 118.136
 81.4616 40.5284 7.74702 118.212
 81.7456 41.138 7.90208 118.288
 82.0115 41.5876 7.78144 118.364
 82.4504 42.1703 7.2138 118.441
 82.9157 42.783 6.58304 118.518
 83.2556 43.192 6.03204 118.593
 83.6037 43.5366 5.28667 118.67
 84.0248 43.8923 4.21556 118.746
 84.4503 44.2297 3.05137 118.821
 84.7511 44.4653 2.21355 118.898
 84.9881 44.648 1.53657 118.973
 85.2421 44.8403 0.781335 119.05
 85.4829 45.0219 0.0484978 119.126
 85.8991 45.3983 -1.1184 119.202
 86.5544 46.1027 -2.76963 119.279
 87.1354 46.843 -4.17616 119.355
 87.5433 47.3366 -5.23273 119.43
 87.8937 47.7408 -6.19504 119.507
 88.2094 48.0738 -7.16349 119.598
 88.4743 48.3394 -8.02945 119.674
 88.6892 48.5481 -8.76292 119.75
 88.9553 48.7967 -9.73873 119.825
 89.3439 49.1595 -11.2559 119.9
 89.7288 49.525 -12.8136 119.975
 90.0497 49.8347 -14.1448 120.051
 90.3461 50.1271 -15.413 120.125
 90.6075 50.3368 -16.4546 120.2
 90.8332 50.5365 -17.4056 120.275
 91.0797 50.7233 -18.4029 120.35
 91.3146 50.8778 -19.3197 120.427
 91.5057 50.972 -20.0065 120.504
 91.6914 51.0545 -20.6647 120.579
 91.8379 51.145 -21.2418 120.655
 91.9818 51.209 -21.7617 120.729
 92.2217 51.204 -22.4037 120.825
 92.5406 51.0703 -22.9922 120.901
 92.9469 50.8526 -23.6497 120.975
 93.3701 50.5992 -24.2845 121.051
 93.7395 50.2894 -24.7579 121.126
 94.1581 49.8283 -24.999 121.201
 94.7581 49.0631 -25.0751 121.277
 95.5369 48.1963 -25.5554 121.353
 96.2761 47.473 -26.5419 121.429
 96.8345 46.9365 -27.4828 121.507
 97.1598 46.581 -28.1742 121.583
 97.2981 46.1999 -29.0859 121.659
 97.3011 45.5984 -30.307 121.735
 97.3504 45.0189 -31.2834 121.81
 97.3955 44.6964 -31.9802 121.888
 97.4418 44.5284 -32.6469 121.964
 97.493 44.4616 -33.3327 122.04
 97.5171 44.405 -33.8076 122.115
 97.5 44.2964 -34.3092 122.191
 97.4646 44.1733 -34.7633 122.268
 97.3916 43.91 -35.2849 122.346
 97.2714 43.5867 -35.9563 122.42
 97.1571 43.2287 -36.5816 122.495
 97.0459 42.7771 -37.2593 122.571
 96.9468 42.2936 -37.8045 122.645
 96.9408 41.8919 -38.1674 122.723
 96.9861 41.5306 -38.3839 122.798
 96.9555 41.1983 -38.6813 122.875
 96.9315 40.9954 -39.5108 122.95
 97.0395 40.6827 -39.9534 123.026
 97.1439 40.3587 -40.2808 123.101
 97.163 40.0088 -40.598 123.177
 97.1839 39.6043 -40.8645 123.253
 97.1851 39.1989 -41.1098 123.329
 97.154 38.825 -41.3515 123.405
 97.0657 38.1942 -41.8445 123.482
 96.8386 37.3576 -42.5344 123.561
 96.6211 36.708 -43.1027 123.64
 96.4832 36.2371 -43.4858 123.716
 96.4402 35.8906 -43.6971 123.793
 96.4403 35.5942 -43.831 123.869
 96.4466 35.3597 -43.9277 123.95
 96.4427 35.1378 -44.0278 124.027
 96.405 34.8744 -44.1812 124.102
 96.3365 34.5704 -44.4293 124.178
 96.2848 34.1691 -44.6782 124.255
 96.2641 33.4831 -44.9923 124.332
 96.3175 32.5297 -45.3165 124.407
 96.33 31.4064 -45.741 124.485
 96.2775 29.9945 -46.332 124.562
 96.3291 28.402 -46.8568 124.637
 96.5187 27.0166 -47.1425 124.714
 96.835 25.8279 -47.2087 124.791
 97.2437 24.7238 -47.1333 124.866
 97.5307 23.8821 -47.0998 124.943
 97.6566 23.304 -47.1552 125.02
 97.6082 22.7624 -47.3892 125.095
 97.3757 22.1216 -47.8553 125.17
 97.0462 21.446 -48.4346 125.246
 96.8166 20.9922 -48.832 125.321
 96.6629 20.6957 -49.0954 125.396
 96.5066 20.421 -49.353 125.473
 96.3376 19.9645 -49.6776 125.55
 96.078 19.2786 -50.1658 125.625
 95.6613 18.3109 -50.8991 125.7
 95.1598 17.3698 -51.7083 125.776
 94.6212 16.4693 -52.5371 125.853
 94.2468 15.8571 -53.1078 125.932
 94.0221 15.4898 -53.4503 126.007
 93.8873 15.2694 -53.6557 126.086
 93.7893 15.1132 -53.8035 126.161
 93.6619 14.9238 -53.9899 126.236
 93.4993 14.6905 -54.2239 126.313
 93.3152 14.4311 -54.4862 126.39
 93.186 14.2852 -54.9149 126.469
 93.1311 14.2843 -55.5064 126.545
 93.1147 14.351 -56.1214 126.62
 93.1268 14.4874 -56.8624 126.696
 93.1185 14.5551 -57.3686 126.773
 93.0668 14.5532 -57.857 126.848
 92.8603 14.3242 -58.4301 126.924
 92.5469 13.9647 -59.1894 126.998
 92.3296 13.7405 -59.8423 127.074
 92.2009 13.6157 -60.2714 127.15
 92.1269 13.5603 -60.6033 127.226
 92.0888 13.566 -60.9516 127.301
 92.069 13.5888 -61.2351 127.377
 92.0684 13.6804 -61.7037 127.453
 92.0746 13.784 -62.1716 127.53
 92.0782 13.8462 -62.4523 127.607
 92.098 13.851 -62.6109 127.683
 92.1977 13.6909 -62.6569 127.758
 92.237 13.4026 -62.7516 127.836
 92.1311 13.0084 -62.9915 127.912
 91.7992 12.5073 -63.8319 127.989
 91.5082 12.1091 -64.5307 128.064
 91.3157 11.8565 -65.0113 128.147
 91.0897 11.594 -65.5553 128.222
 90.8222 11.2825 -66.0862 128.298
 90.5666 10.9786 -66.5239 128.373
 90.3375 10.7128 -66.9192 128.45
 90.1407 10.4273 -67.2416 128.528
 89.9398 9.99492 -67.5717 128.604
 89.5969 9.25573 -68.0853 128.68
 89.2043 8.37967 -68.6604 128.755
 88.8783 7.53787 -69.154 128.832
 88.671 6.49736 -69.5616 128.909
 88.3776 5.26444 -70.0769 128.984
 88.0029 4.09392 -70.6488 129.059
 87.729 3.23395 -71.0648 129.135
 87.3797 2.51112 -71.5232 129.211
 87.0257 1.91676 -71.9603 129.287
 86.6011 1.2753 -72.4666 129.361
 86.2694 0.6547 -72.8783 129.437
 85.9446 0.145233 -73.2634 129.512
 85.6344 -0.38588 -73.6349 129.589
 85.2577 -1.10933 -74.0922 129.663
 84.8684 -2.21313 -74.6073 129.737
 84.6692 -3.77376 -74.9954 129.813
 84.6014 -5.24253 -75.241 129.889
 84.6961 -6.42186 -75.2956 129.965
 84.8425 -7.32844 -75.2664 130.04
 84.9898 -8.00515 -75.2074 130.117
 85.1227 -8.51081 -75.1408 130.192
 85.2909 -9.01363 -75.0386 130.267
 85.4138 -9.43771 -74.9686 130.342
 85.5386 -9.88116 -74.897 130.417
 85.7007 -10.3471 -74.7914 130.493
 85.9134 -10.8936 -74.6442 130.569
 86.1127 -11.3884 -74.5032 130.645
 86.1657 -11.753 -74.4865 130.72
 86.1004 -12.1179 -74.5788 130.797
 85.9861 -12.4604 -74.7138 130.874
 85.9011 -12.7777 -74.8188 130.951
 85.6623 -13.204 -75.0737 131.027
 85.2096 -14.0974 -75.5559 131.104
 84.8062 -15.326 -76.0077 131.179
 84.4229 -16.666 -76.4388 131.257
 84.1107 -17.8272 -76.7883 131.333
 83.9267 -18.6133 -76.9987 131.409
 83.7463 -19.1516 -77.1912 131.484
 83.4509 -19.6521 -77.4834 131.56
 83.2268 -19.9967 -77.7028 131.637
 83.0218 -20.2698 -77.9006 131.713
 82.881 -20.6346 -78.0423 131.789
 82.854 -21.1669 -78.0851 131.865
 82.821 -21.7767 -78.1339 131.941
 82.58 -22.5759 -78.3721 132.015
 82.2127 -23.5774 -78.7229 132.092
 81.8269 -24.6898 -79.0855 132.167
 81.5487 -25.7589 -79.3458 132.244
 81.1864 -26.8437 -79.6742 132.319
 80.8817 -27.8842 -79.9453 132.394
 80.6956 -28.8668 -80.1059 132.469
 80.5428 -29.8026 -80.2322 132.545
 80.4847 -30.5557 -80.2739 132.621
 80.4199 -31.2983 -80.3181 132.695
 80.373 -32.1029 -80.341 132.768
 80.3853 -32.9016 -80.3079 132.843
 80.3205 -33.7493 -80.3377 132.918
 80.206 -34.3228 -80.4198 132.993
 80.1485 -34.701 -80.4577 133.068
 80.1187 -35.1418 -80.4667 133.144
 80.1229 -35.4746 -80.4496 133.223
 80.1001 -35.6959 -80.4606 133.299
 80.0612 -35.8502 -80.4886 133.374
 79.9476 -36.0632 -80.5793 133.45
 79.5239 -36.4921 -80.9314 133.526
 79.0319 -37.122 -81.3303 133.601
 78.7026 -37.7009 -81.5877 133.677
 78.378 -38.3688 -81.8329 133.753
 78.1011 -38.9234 -82.0415 133.828
 77.9663 -39.3588 -82.1325 133.904
 77.9479 -39.8256 -82.1185 133.979
 77.9415 -40.4438 -82.0815 134.053
 77.9365 -41.029 -82.0438 134.128
 77.9379 -41.5044 -82.0077 134.203
 77.9789 -41.927 -81.9398 134.281
 78.0831 -42.4556 -81.8066 134.355
 78.159 -42.9317 -81.7013 134.429
 78.0964 -43.5171 -81.7059 134.503
 78.0406 -44.2633 -81.6874 134.578
 77.7364 -45.0128 -81.8827 134.652
 77.2564 -45.9094 -82.2118 134.727
 76.7679 -47.1485 -82.505 134.803
 76.3946 -48.3289 -82.6985 134.878
 76.1434 -49.1829 -82.8203 134.953
 76.0097 -49.8893 -82.8546 135.028
 75.9805 -50.6459 -82.7886 135.102
 76.021 -51.4678 -82.6501 135.179
 76.1264 -52.4336 -82.4313 135.258
 76.2438 -53.382 -82.1998 135.334
 76.2926 -54.4179 -82.0097 135.409
 76.3218 -55.3253 -81.8514 135.485
 76.37 -56.0094 -81.7076 135.561
 76.4522 -56.6645 -81.5357 135.636
 76.5464 -57.2674 -81.3589 135.711
 76.6546 -57.8742 -81.1668 135.786
 76.761 -58.4608 -80.9411 135.862
 76.8962 -59.1635 -80.6819 135.938
 77.0401 -59.9011 -80.4146 136.014
 77.1333 -60.3789 -80.2418 136.09
 77.203 -60.7358 -80.1132 136.168
 77.4672 -60.8434 -79.7868 136.245
 77.763 -60.8037 -79.4883 136.32
 77.9768 -60.854 -79.191 136.401
 78.3223 -60.8611 -78.6049 136.475
 78.8593 -60.7334 -77.8352 136.551
 79.5204 -60.475 -77.0999 136.625
 80.5235 -59.926 -76.1756 136.7
 81.2326 -59.5119 -75.5375 136.778
 81.7258 -59.6165 -75.0301 136.854
 82.1202 -60.2098 -74.5381 136.931
 82.4452 -61.0618 -74.0667 137.009
 82.7548 -62.2475 -73.5434 137.085
 82.9811 -63.2079 -73.1403 137.159
 83.117 -63.7841 -72.8985 137.234
 83.1885 -64.2577 -72.7359 137.311
 83.3039 -65.0048 -72.4722 137.389
 83.4889 -66.2382 -72.0308 137.465
 83.6546 -67.3715 -71.6235 137.539
 83.7734 -68.1947 -71.3272 137.615
 83.87 -69.0606 -70.8877 137.69
 83.9513 -69.7163 -70.4198 137.765
 84.0045 -70.2904 -69.9786 137.841
 84.0439 -70.8998 -69.4913 137.919
 84.1078 -71.7216 -68.9697 137.996
 84.2007 -72.7186 -68.4725 138.072
 84.2686 -73.5578 -68.0231 138.15
 84.3015 -74.3039 -67.5076 138.226
 84.3532 -74.8075 -66.9641 138.303
 84.7186 -74.884 -66.2247 138.379
 85.3892 -74.5931 -65.3552 138.455
 85.9641 -74.3062 -64.5796 138.531
 86.3303 -74.1249 -64.0574 138.606
 86.5387 -74.0408 -63.6723 138.681
 86.8654 -73.8837 -63.0016 138.756
 87.4329 -73.5283 -62.1047 138.831
 87.8678 -73.2532 -61.4105 138.907
 88.2555 -72.9926 -60.8527 138.982
 88.7731 -72.6105 -60.2496 139.058
 89.2946 -72.2078 -59.7182 139.137
 89.6938 -71.9158 -59.2069 139.215
 90.2156 -71.5399 -58.4658 139.289
 90.8938 -70.8176 -57.7295 139.366
 91.496 -70.1002 -57.1551 139.443
 92.0046 -69.576 -56.481 139.518
 92.6746 -69.0319 -55.1878 139.592
 93.9314 -68.0771 -52.665 139.667
 94.9959 -67.1896 -50.4703 139.743
 95.6271 -66.5844 -49.1786 139.818
 96.1782 -65.8231 -48.3034 139.896
 96.9286 -64.5738 -47.4847 139.971
 97.6933 -63.325 -46.746 140.048
 98.1683 -62.5645 -46.2449 140.128
 98.4857 -62.0977 -45.6992 140.203
 98.8019 -61.7391 -44.7798 140.283
 99.0497 -61.5128 -43.6096 140.358
 99.0679 -61.6433 -42.1855 140.434
 99.0508 -61.924 -41.1048 140.51
 98.9973 -62.3539 -40.1472 140.586
 98.8369 -62.975 -38.9457 140.661
 98.6412 -63.6287 -37.7525 140.737
 98.4534 -64.1838 -36.7303 140.813
 98.3055 -64.561 -35.8836 140.887
 98.128 -64.8877 -35.0591 140.961
 97.7887 -65.3136 -34.7866 141.038
 97.3512 -65.7984 -34.8448 141.113
 97.0887 -66.0893 -34.8798 141.189
 96.9359 -66.4579 -34.8047 141.265
 96.842 -67.0788 -34.5322 141.34
 96.6622 -67.845 -34.4156 141.42
 96.436 -68.419 -34.456 141.505
 95.9434 -69.1051 -34.8103 141.578
 95.3122 -69.8344 -35.3301 141.654
 94.9426 -70.4186 -35.5926 141.729
 94.6637 -71.2884 -35.6322 141.803
 93.9936 -72.6623 -35.9544 141.878
 93.3246 -73.8071 -36.3614 141.953
 92.9233 -74.494 -36.6056 142.029
 92.6394 -75.1463 -36.5149 142.105
 92.3973 -75.9219 -36.0814 142.179
 92.2171 -76.6532 -35.6068 142.255
 92.0994 -77.14 -35.2747 142.333
 91.8799 -77.5891 -34.5886 142.409
 91.5409 -78.0705 -33.5178 142.485
 91.2155 -78.518 -32.4822 142.56
 90.8729 -78.9299 -31.4116 142.636
 90.4602 -79.373 -29.9678 142.712
 90.1668 -79.6783 -28.5119 142.787
 89.8939 -79.948 -27.3638 142.864
 89.5824 -80.238 -26.1737 142.941
 89.3781 -80.4169 -24.9749 143.016
 89.175 -80.5842 -23.7808 143.092
 88.9203 -80.7877 -22.5439 143.168
 88.5414 -81.087 -21.1345 143.243
 88.086 -81.444 -19.713 143.318
 87.7471 -81.694 -18.4567 143.393
 87.6488 -81.7076 -17.0915 143.472
 87.5746 -81.6424 -15.1583 143.548
 87.4691 -81.6261 -13.6304 143.624
 87.3913 -81.6266 -12.6802 143.699
 87.2967 -81.6392 -11.7761 143.774
 87.2066 -81.633 -10.7892 143.851
 87.1307 -81.6365 -10.0748 143.931
 86.936 -81.739 -9.31232 144.009
 86.6986 -81.8803 -8.58816 144.084
 86.526 -81.9851 -8.08704 144.159
 86.4592 -81.9829 -7.50991 144.235
 86.5153 -81.7813 -6.2459 144.31
 86.7554 -81.392 -4.89039 144.386
 87.0312 -81.0191 -3.94406 144.463
 87.3559 -80.6191 -3.16555 144.54
 87.8333 -80.0759 -2.40932 144.616
 88.4003 -79.4456 -1.66576 144.69
 88.8906 -78.903 -1.06329 144.765
 89.313 -78.4364 -0.567653 144.842
 89.5877 -78.1328 -0.247895 144.924
 89.7526 -77.9507 -0.0560406 144.999
 89.8728 -77.8179 0.0814502 145.075
 89.9449 -77.7382 0.163945 145.153
 89.9882 -77.6904 0.213441 145.23
 90.0142 -77.6617 0.243139 145.306
 90.0297 -77.6445 0.260958 145.382
 90.0391 -77.6341 0.271649 145.458
 90.0447 -77.6279 0.278064 145.532
 90.0481 -77.6242 0.281913 145.607
 90.0501 -77.622 0.284222 145.683
 90.0513 -77.6206 0.285608 145.756
 90.052 -77.6198 0.286439 145.831
 90.0525 -77.6194 0.286938 145.924
 90.0527 -77.6191 0.287237 146.003
 90.0529 -77.6189 0.287417 146.078
 90.053 -77.6188 0.287525 146.153
 90.053 -77.6187 0.287589 146.229
 90.0531 -77.6187 0.287628 146.304
 90.0531 -77.6187 0.287651 146.38
 90.0531 -77.6187 0.287665 146.456
 90.0531 -77.6186 0.287674 146.536
 90.0744 -77.5951 0.31006 146.612
 90.151 -77.5102 0.390662 146.687
 90.2394 -77.4122 0.483822 146.763
 90.2925 -77.3533 0.539719 146.838
 90.3243 -77.318 0.573256 146.915
 90.3434 -77.2968 0.593379 146.998
 90.3761 -77.2605 0.627858 147.073
 90.3957 -77.2387 0.648546 147.149
 90.4096 -77.1137 0.627318 147.224
 90.4186 -77.0014 0.603372 147.299
 90.424 -76.934 0.589004 147.375
 90.428 -76.8562 0.569176 147.45
 90.4303 -76.8096 0.557279 147.528
 90.433 -76.707 0.52773 147.621
 90.4352 -76.6082 0.498799 147.696
 90.4365 -76.5489 0.48144 147.772
 90.4373 -76.5133 0.471024 147.848
 90.4377 -76.4919 0.464775 147.922
 90.438 -76.4791 0.461026 148.008
 90.4393 -76.3968 0.436377 148.083
 90.4412 -76.2729 0.399195 148.158
 90.4423 -76.1985 0.376886 148.234
 90.4429 -76.1539 0.363501 148.31
 90.4433 -76.1272 0.35547 148.385
 90.4441 -76.0738 0.339458 148.462
 90.4445 -76.0418 0.329851 148.539
 90.4448 -76.0226 0.324087 148.614
 90.445 -76.0111 0.320628 148.69
 90.445 -76.0042 0.318553 148.767
 90.4451 -76 0.317308 148.842
 90.4451 -75.9975 0.316561 148.917
 90.4452 -75.996 0.316112 148.992
 90.4452 -75.9951 0.315844 149.069
 90.4452 -75.9946 0.315682 149.145
 90.4452 -75.9943 0.315585 149.221
 90.4452 -75.9941 0.315527 149.297
 90.4452 -75.994 0.315492 149.372
 90.4452 -75.9939 0.315471 149.449
 90.4452 -75.9939 0.315459 149.526
 90.4452 -75.9938 0.315451 149.603
 90.4452 -75.9938 0.315447 149.739
