 -100 0.434871 -1.44397 45.2434
 -100 0.408344 -1.43642 45.3187
 -100 0.126344 -1.35912 45.3938
 -100 -0.167445 -1.27867 45.4698
 -100 -0.379363 -1.22065 45.5454
 -100 -0.506514 -1.18584 45.6216
 -100 -0.582804 -1.16496 45.6975
 -100 -0.628578 -1.15242 45.7732
 -100 -0.656043 -1.1449 45.8491
 -100 -0.815319 -1.10134 45.9255
 -100 -1.10779 -1.02134 46.0011
 -100 -1.78745 -0.83544 46.0776
 -100 -2.79485 -0.559856 46.1533
 -100 -3.76114 -0.312401 46.2309
 -100 -4.34622 -0.145801 46.3107
 -100 -4.6516 0.192184 46.3835
 -99.9855 -4.85842 0.350606 46.4564
 -99.9768 -4.98251 0.44566 46.5295
 -99.9558 -5.07099 0.489581 46.6045
 -99.9349 -5.11963 0.497737 46.6785
 -99.9142 -5.14436 0.484428 46.7532
 -99.8274 -5.11037 0.343828 46.8287
 -99.5161 -4.77276 0.441371 46.9038
 -98.7255 -4.31371 0.701343 46.9792
 -97.6357 -4.12312 0.863838 47.0548
 -96.7015 -3.93921 0.802528 47.1302
 -96.0092 -4.01438 0.729506 47.2045
 -95.4768 -4.16013 0.590584 47.28
 -94.9084 -4.53605 0.374876 47.3549
 -94.1627 -5.04901 0.144689 47.4276
 -93.1285 -5.2244 -0.036863 47.5027
 -92.2599 -5.53864 -0.269909 47.5765
 -91.3882 -6.31095 -0.432815 47.6516
 -90.5457 -7.21085 -0.650142 47.7266
 -89.8891 -7.96295 -0.833586 47.8025
 -89.4539 -8.48979 -0.941725 47.8774
 -89.1837 -8.80125 -1.02627 47.954
 -89.0035 -8.97886 -1.11632 48.0295
 -88.85 -9.06222 -1.26877 48.1072
 -88.6753 -9.26377 -1.35656 48.1825
 -88.4699 -9.52738 -1.44502 48.2586
 -88.2359 -9.79919 -1.57898 48.3342
 -87.492 -9.91358 -1.70756 48.41
 -85.3971 -9.2643 -2.31133 48.4845
 -82.6183 -8.4351 -3.2463 48.562
 -80.2285 -8.17817 -3.454 48.6374
 -78.7673 -8.08797 -3.56163 48.7132
 -77.8906 -8.03385 -3.62621 48.7898
 -77.3646 -8.00137 -3.66496 48.864
 -77.049 -7.98189 -3.68821 48.9407
 -76.8597 -7.9702 -3.70216 49.0146
 -76.746 -7.96319 -3.71053 49.0878
 -76.6779 -7.95898 -3.71555 49.1626
 -76.637 -7.95645 -3.71856 49.2379
 -76.6124 -7.95494 -3.72037 49.3135
 -76.5977 -7.95403 -3.72146 49.3877
 -76.5889 -7.95348 -3.72211 49.4632
 -76.5836 -7.95316 -3.7225 49.5379
 -76.5804 -7.95296 -3.72273 49.6135
 -76.5688 -7.94775 -3.74405 49.6891
 -76.4967 -8.01471 -3.79774 49.7647
 -76.3238 -8.2219 -3.88506 49.841
 -76.1344 -8.35345 -4.07496 49.9158
 -75.9936 -8.49671 -4.1719 49.9886
 -75.8093 -8.79242 -4.1946 50.0636
 -75.4975 -9.15958 -4.12306 50.1396
 -74.9215 -9.16141 -3.64187 50.2147
 -74.3764 -9.20418 -3.3075 50.2896
 -73.9723 -9.26943 -3.19674 50.3847
 -73.7008 -9.32009 -3.16744 50.4598
 -73.5107 -9.41579 -3.13246 50.5346
 -73.0909 -9.49094 -2.87696 50.6106
 -72.231 -9.27575 -2.23162 50.6856
 -71.0637 -8.84734 -1.63722 50.7607
 -69.9001 -8.40037 -1.38057 50.8376
 -68.9609 -8.09826 -1.15831 50.9132
 -68.2673 -8.04085 -1.1144 50.99
 -67.7126 -8.18072 -1.14359 51.0654
 -67.252 -8.44486 -1.1947 51.141
 -66.8331 -8.66751 -1.39398 51.2159
 -66.4731 -8.93721 -1.55967 51.2887
 -66.217 -9.1334 -1.69129 51.3643
 -65.9677 -9.44883 -1.73771 51.4428
 -65.6667 -9.97226 -1.69626 51.5177
 -65.3661 -10.3907 -1.76825 51.5927
 -64.9738 -10.7829 -2.0243 51.6669
 -64.4256 -11.2195 -2.50218 51.7432
 -63.761 -11.6167 -3.21816 51.8185
 -62.9659 -11.651 -4.51208 51.8933
 -61.9126 -11.2048 -5.67534 51.9685
 -61.0783 -11.2359 -6.31982 52.0436
 -60.4316 -11.5749 -6.64459 52.1213
 -59.9828 -11.803 -6.91984 52.1958
 -59.7135 -11.9399 -7.08499 52.2687
 -59.4837 -12.1567 -7.17071 52.3438
 -59.3266 -12.3334 -7.20996 52.4188
 -59.1174 -12.7204 -7.16023 52.4947
 -58.8306 -13.3519 -7.02613 52.5697
 -58.4328 -14.2684 -6.82706 52.6449
 -57.9105 -15.3853 -6.66886 52.7197
 -57.2304 -16.7544 -6.56713 52.7958
 -56.4936 -17.8413 -6.83442 52.8687
 -55.774 -18.7281 -7.26697 52.9447
 -55.1351 -19.2718 -7.88039 53.0199
 -54.6773 -19.5605 -8.41473 53.0948
 -54.3708 -19.7177 -8.8067 53.1707
 -54.1461 -19.8202 -9.10705 53.2467
 -53.9584 -19.8548 -9.4064 53.3234
 -53.8247 -19.8648 -9.6337 53.3996
 -53.5253 -19.6495 -9.69394 53.4756
 -53.196 -19.4849 -9.74923 53.5487
 -52.7003 -19.2962 -9.89152 53.6239
 -52.0775 -19.1957 -10.0373 53.6978
 -51.5144 -19.3012 -10.3096 53.7729
 -50.7904 -19.1173 -10.3689 53.8487
 -49.9652 -18.6943 -10.5389 53.9228
 -49.4097 -18.4977 -10.695 53.9978
 -49.0372 -18.4482 -10.794 54.0727
 -48.667 -18.6684 -10.8811 54.1469
 -48.1511 -18.8709 -10.9324 54.2234
 -47.5847 -18.9634 -10.9876 54.2992
 -47.195 -19.0825 -11.0507 54.3743
 -46.8603 -19.2505 -11.1794 54.4551
 -46.5192 -19.409 -11.339 54.5308
 -45.8577 -19.3602 -11.2807 54.6061
 -44.8845 -19.1534 -11.3322 54.6812
 -44.0771 -19.0831 -11.6563 54.7559
 -43.4906 -19.1385 -11.9433 54.8288
 -42.9279 -19.1871 -12.1253 54.9038
 -42.1752 -19.1591 -12.3238 54.9777
 -41.4636 -19.0916 -12.5432 55.0528
 -40.9749 -19.11 -12.731 55.1279
 -40.5898 -19.2253 -12.9121 55.2032
 -40.3158 -19.271 -13.122 55.2799
 -40.1407 -19.2925 -13.2732 55.3558
 -40.0357 -19.3055 -13.364 55.4311
 -39.9406 -19.2956 -13.4945 55.514
 -39.8302 -19.2603 -13.6996 55.5899
 -39.7223 -19.2471 -13.8923 55.6648
 -39.6272 -19.2844 -14.0202 55.7402
 -39.5391 -19.3206 -14.1413 55.816
 -39.4862 -19.3423 -14.2139 55.8888
 -39.4037 -19.4204 -14.2888 55.9638
 -39.2113 -19.6054 -14.4661 56.0378
 -38.913 -19.8463 -14.6646 56.1119
 -38.4286 -19.9034 -14.6926 56.1858
 -38.0005 -19.9912 -14.7276 56.2609
 -37.6732 -20.1612 -14.7668 56.3353
 -37.4662 -20.2572 -14.816 56.4078
 -37.342 -20.3148 -14.8455 56.483
 -37.2576 -20.3753 -14.8566 56.559
 -37.1819 -20.4201 -14.8395 56.634
 -36.9128 -20.3113 -14.6289 56.7098
 -36.5755 -20.0774 -14.4931 56.7848
 -36.1849 -19.7789 -14.5399 56.861
 -35.6413 -19.446 -14.5402 56.9375
 -34.8079 -19.0217 -14.5696 57.0137
 -33.8474 -18.6087 -14.523 57.0888
 -32.9712 -18.0958 -14.4256 57.1639
 -32.3412 -17.6922 -14.4013 57.2394
 -31.9523 -17.4438 -14.4129 57.3143
 -31.6653 -17.2961 -14.5178 57.389
 -31.3976 -17.3138 -14.6517 57.4639
 -31.1096 -17.4445 -14.8489 57.5415
 -30.8619 -17.512 -15.118 57.6182
 -30.681 -17.5338 -15.3584 57.6935
 -30.4879 -17.6272 -15.5809 57.7699
 -29.9719 -18.0986 -16.0543 57.8477
 -29.5143 -18.3593 -16.6428 57.9251
 -29.0718 -18.5137 -17.3212 58.0064
 -28.775 -18.5874 -17.8082 58.0818
 -28.5345 -18.5938 -18.2603 58.1571
 -28.3694 -18.5851 -18.5849 58.2316
 -28.2704 -18.5798 -18.7797 58.3074
 -28.2006 -18.5703 -18.9232 58.3834
 -28.1587 -18.5647 -19.0093 58.4596
 -28.0305 -18.498 -19.3283 58.5347
 -27.6997 -18.299 -20.1903 58.6091
 -26.9589 -17.6556 -20.762 58.6831
 -25.7417 -16.4564 -20.7489 58.7596
 -23.862 -14.5219 -19.8321 58.835
 -22.0106 -13.2604 -18.7934 58.9116
 -20.655 -12.7409 -17.9696 58.9876
 -19.4082 -12.7251 -17.0955 59.063
 -18.4357 -12.6895 -16.3438 59.1382
 -17.8522 -12.6682 -15.8928 59.2127
 -17.5021 -12.6554 -15.6222 59.2872
 -17.269 -12.702 -15.4456 59.363
 -16.9687 -13.1111 -15.2401 59.4406
 -16.7431 -13.4656 -15.0882 59.5175
 -16.6077 -13.6783 -14.9971 59.5921
 -16.5153 -13.7992 -14.9699 59.6672
 -16.3808 -14.0289 -14.9382 59.7422
 -16.3 -14.1667 -14.9192 59.8177
 -16.2515 -14.2494 -14.9078 59.8945
 -16.2225 -14.299 -14.9009 59.9697
 -16.1599 -14.4382 -14.8682 60.0479
 -16.0661 -14.6585 -14.8128 60.1246
 -15.9538 -14.9276 -14.7436 60.1999
 -15.5835 -14.9358 -14.4145 60.2754
 -15.1371 -14.8474 -14.0564 60.3489
 -14.8237 -14.8017 -13.9171 60.424
 -14.5789 -14.7748 -13.9366 60.5002
 -14.2641 -14.5615 -13.7886 60.5771
 -14.0597 -14.4145 -13.6811 60.653
 -13.937 -14.3263 -13.6166 60.7297
 -13.8634 -14.2733 -13.5779 60.804
 -13.7965 -14.2966 -13.5402 60.8804
 -13.7564 -14.3106 -13.5175 60.9555
 -13.7324 -14.319 -13.5039 61.028
 -13.549 -14.7378 -13.3867 61.1064
 -13.3832 -15.1273 -13.2799 61.183
 -13.2606 -15.3476 -13.2711 61.258
 -13.1187 -15.5081 -13.362 61.3332
 -12.988 -15.6119 -13.4922 61.408
 -12.6819 -15.5733 -14.0906 61.4848
 -12.1832 -15.74 -14.8436 61.5614
 -11.3146 -16.4644 -15.7354 61.641
 -9.97748 -17.7215 -17.0078 61.7155
 -8.63785 -18.3785 -17.9928 61.788
 -7.66791 -18.704 -18.6932 61.864
 -6.99278 -18.8667 -19.2586 61.9422
 -6.39144 -18.993 -19.4496 62.019
 -5.66737 -19.2057 -19.3445 62.0951
 -4.77506 -19.5274 -18.9733 62.171
 -3.82662 -19.8542 -18.5588 62.248
 -2.76557 -20.1714 -18.2824 62.3244
 -1.59133 -20.4734 -18.33 62.3994
 -0.59029 -20.7469 -18.4833 62.4748
 0.0765674 -20.977 -18.6394 62.5481
 0.566112 -21.0581 -18.966 62.624
 0.994473 -21.0034 -19.3859 62.699
 1.4537 -20.7469 -19.4541 62.7741
 1.80599 -20.3386 -19.3901 62.8491
 1.98397 -20.0063 -19.3747 62.9241
 2.07961 -19.7778 -19.3731 63.001
 2.06987 -19.4665 -19.4182 63.0751
 2.00778 -19.1346 -19.4835 63.1501
 2.03906 -18.8563 -19.4451 63.2251
 2.26262 -18.4516 -19.1888 63.2995
 2.6847 -17.8706 -18.7032 63.3744
 3.07257 -17.3623 -18.2552 63.4472
 3.30529 -17.0574 -17.9864 63.523
 3.44492 -16.8744 -17.8251 63.5981
 3.80233 -17.4634 -17.5428 63.6781
 4.23995 -18.4018 -17.2178 63.7531
 4.63429 -19.3171 -16.9289 63.8282
 4.97947 -20.1604 -16.6772 63.9044
 5.20815 -20.7253 -16.5104 63.9794
 5.35613 -21.0938 -16.4024 64.0572
 5.44492 -21.3148 -16.3377 64.134
 5.49819 -21.4474 -16.2988 64.2105
 5.53016 -21.527 -16.2755 64.2866
 5.5601 -21.6042 -16.2537 64.3614
 5.79089 -22.2413 -16.0827 64.4365
 6.01322 -22.8605 -15.9168 64.5091
 6.14662 -23.232 -15.8172 64.5843
 6.22666 -23.4549 -15.7575 64.6601
 6.27468 -23.5887 -15.7216 64.7366
 6.31536 -23.6617 -15.7294 64.8101
 6.33977 -23.7056 -15.7341 64.8853
 6.35441 -23.7319 -15.7369 64.9611
 6.50576 -23.9493 -15.8218 65.0379
 6.86254 -24.3505 -16.13 65.1162
 7.40224 -25.0421 -16.525 65.1924
 8.01356 -25.9314 -16.8835 65.2674
 8.43026 -26.6152 -17.0584 65.3427
 8.70016 -27.0855 -17.1472 65.4171
 8.91918 -27.369 -17.3108 65.4927
 9.06236 -27.5318 -17.4387 65.5675
 9.25481 -27.7812 -17.5855 65.6433
 9.41355 -27.9766 -17.7168 65.7183
 9.67193 -27.9149 -17.6176 65.7943
 9.98938 -27.6984 -17.3796 65.8673
 10.2154 -27.5467 -17.326 65.9424
 10.3828 -27.5088 -17.3073 66.0193
 10.4832 -27.486 -17.2961 66.0941
 10.5435 -27.4724 -17.2893 66.1732
 10.5396 -27.3436 -17.3177 66.2483
 10.5372 -27.2663 -17.3347 66.3229
 10.5577 -27.2428 -17.3665 66.3972
 10.7033 -27.5461 -17.3559 66.4731
 10.8025 -27.7209 -17.3793 66.5492
 10.9463 -27.7373 -17.6396 66.6254
 11.0442 -27.7399 -17.8255 66.7004
 11.1329 -27.8321 -17.9128 66.7765
 11.1961 -27.9177 -17.957 66.8524
 11.2692 -27.9472 -18.0729 66.9279
 11.3481 -27.943 -18.232 67.0052
 11.4187 -27.9259 -18.3871 67.0805
 11.5539 -27.8571 -18.7192 67.1572
 11.7386 -27.7499 -19.1879 67.2333
 11.9065 -27.6488 -19.6189 67.3092
 12.049 -27.6716 -19.8832 67.3863
 12.1647 -27.7761 -20.0174 67.4634
 12.2341 -27.8388 -20.0979 67.537
 12.4156 -28.0642 -20.1015 67.6127
 12.5574 -28.2151 -20.1556 67.6886
 12.6425 -28.3056 -20.188 67.7646
 11.0046 -28.0941 -17.0511 70.7111
 10.9919 -28.0992 -17.0215 70.7866
 10.9842 -28.1022 -17.0037 70.863
 10.9796 -28.104 -16.9931 70.938
 10.9966 -28.1655 -16.9704 71.0155
 11.0167 -28.2327 -16.9487 71.0914
 11.0287 -28.273 -16.9357 71.1681
 11.036 -28.2972 -16.9278 71.2465
 11.0403 -28.3117 -16.9231 71.3225
 11.0429 -28.3204 -16.9203 71.399
 11.0325 -28.3328 -16.8889 71.4739
 10.8824 -28.4271 -16.5139 71.5611
 10.4998 -28.656 -15.5794 71.6377
 10.2333 -28.8147 -14.9302 71.7131
 10.0181 -29.0132 -14.3477 71.7886
 9.67581 -29.3951 -13.3781 71.8647
 9.25907 -29.8115 -12.2536 71.9422
 9.01261 -30.2707 -11.413 72.0205
 8.87336 -30.9282 -10.6142 72.0965
 8.93203 -31.8083 -10.0029 72.1728
 9.08047 -32.7319 -9.52856 72.2482
 9.2637 -33.6216 -9.15257 72.3236
 9.53272 -34.7367 -8.76854 72.4002
 9.81651 -35.866 -8.41248 72.4741
 10.0429 -36.7588 -8.14005 72.5464
 10.3434 -37.9419 -7.79955 72.6214
 10.69 -39.3327 -7.40875 72.6957
 10.9496 -40.3844 -7.11471 72.7714
 11.1708 -41.2951 -6.86155 72.8474
 11.4334 -42.5155 -6.55005 72.9226
 11.7334 -43.9045 -6.18249 72.9991
 12.0373 -45.3342 -5.7977 73.0732
 12.2765 -46.4751 -5.48874 73.1482
 12.4264 -47.1911 -5.29468 73.2233
 12.5412 -47.7468 -5.14348 73.3003
 12.6409 -48.2377 -5.00926 73.3769
 12.7251 -48.6585 -4.89388 73.4522
 12.8058 -49.0689 -4.78105 73.5292
 12.8552 -49.4865 -4.61144 73.6051
 12.757 -49.899 -4.19253 73.68
 12.7239 -50.3746 -3.85091 73.7543
 12.7662 -51.0084 -3.54952 73.8276
 12.8411 -51.6743 -3.28961 73.9024
 12.9715 -52.5826 -2.99268 73.9786
 13.1314 -53.6376 -2.673 74.0537
 13.3008 -54.7501 -2.34804 74.1294
 13.4355 -55.6416 -2.09078 74.2054
 13.5257 -56.2406 -1.9186 74.2815
 13.5845 -56.6321 -1.80638 74.3571
 13.6336 -56.9631 -1.71231 74.433
 13.6859 -57.3221 -1.61124 74.5076
 13.7574 -57.8265 -1.47016 74.5826
 13.873 -58.6762 -1.23312 74.6569
 14.0069 -59.7021 -0.946938 74.7327
 14.1181 -60.5763 -0.703052 74.8069
 14.2111 -61.3272 -0.493462 74.8821
 14.3276 -62.3288 -0.213673 74.9584
 14.4246 -63.1896 0.0268874 75.0327
 14.4895 -63.771 0.189415 75.1087
 14.5447 -64.2825 0.332446 75.1848
 14.5969 -64.7846 0.472947 75.2604
 14.6467 -65.2813 0.612 75.336
 14.6976 -65.8075 0.759402 75.4086
 14.7483 -66.3517 0.911909 75.4835
 14.8036 -66.9722 1.08593 75.5586
 14.8739 -67.3971 1.1508 75.6345
 14.9389 -67.6644 1.03337 75.7145
 15.0568 -67.8692 0.601104 75.7896
 15.3855 -67.9862 -0.096114 75.8645
 15.9221 -67.9118 -1.1572 75.9407
 16.4878 -67.7609 -2.26331 76.0161
 17.0083 -67.5902 -3.28017 76.0885
 17.4553 -67.4271 -4.1558 76.1637
 17.8723 -67.2617 -4.97681 76.2395
 18.1669 -67.1421 -5.55823 76.3152
 18.4027 -67.0431 -6.0256 76.3916
 18.3806 -67.1875 -6.58669 76.4687
 18.2215 -67.4432 -7.32183 76.5445
 18.1292 -67.6295 -7.75362 76.6209
 18.1071 -68.1024 -7.91045 76.6967
 18.1225 -68.715 -7.91136 76.7758
 18.151 -69.3131 -7.84652 76.8508
 18.1865 -69.9026 -7.74213 76.9262
 18.2124 -70.3244 -7.92814 77.0013
 18.1704 -70.7437 -8.95358 77.0772
 18.1455 -71.2172 -9.61185 77.152
 18.1855 -72.0559 -9.87639 77.227
 18.2702 -73.5531 -9.75066 77.3015
 18.3492 -75.0165 -9.51307 77.3769
 18.4065 -76.262 -9.80042 77.4518
 18.4529 -77.1289 -11.0659 77.5276
 18.532 -77.6752 -12.4129 77.6034
 18.6288 -78.1486 -13.263 77.6782
 18.7901 -78.8578 -13.8179 77.7536
 18.9841 -79.6089 -14.2244 77.8294
 19.1793 -80.2923 -14.5409 77.9041
 19.5209 -80.6567 -15.1938 77.9793
 19.9568 -80.7984 -16.6013 78.0539
 20.1269 -80.9614 -17.6042 78.1267
 20.2186 -81.0705 -18.2558 78.2018
 20.2736 -81.136 -18.6468 78.2766
 20.3115 -81.3092 -18.8421 78.3516
 20.3432 -81.6815 -18.8805 78.4276
 20.3653 -82.0055 -18.8739 78.5034
 20.3843 -82.4013 -18.8108 78.5794
 20.3882 -82.8811 -18.6732 78.6573
 20.3949 -83.3708 -18.5312 78.7332
 20.4022 -83.8328 -18.3964 78.81
 20.4089 -84.2447 -18.2758 78.8856
 20.3729 -84.5806 -18.0925 78.9613
 20.3248 -84.8637 -17.902 79.0373
 20.2684 -85.0478 -17.7272 79.1118
 20.2355 -85.2257 -17.6024 79.1864
 20.2023 -85.3732 -17.4872 79.2662
 20.1824 -85.4617 -17.4182 79.3418
 20.1705 -85.5148 -17.3767 79.4165
 20.1633 -85.5466 -17.3518 79.4912
 20.1829 -85.5474 -17.3174 79.5677
 20.2663 -85.4928 -17.2381 79.6426
 20.3402 -85.4417 -17.1711 79.7192
 20.5038 -85.3191 -17.033 79.7942
 20.6972 -85.1719 -16.8719 79.8669
 20.9796 -84.9543 -16.638 79.943
 21.2676 -84.7314 -16.3994 80.0229
 21.4636 -84.5453 -16.2466 80.0967
 21.5812 -84.4337 -16.1549 80.1719
 21.6517 -84.3667 -16.0999 80.2477
 21.6941 -84.3265 -16.0669 80.3247
 21.7189 -84.2686 -16.057 80.3998
 21.7338 -84.2339 -16.0511 80.4755
 21.7428 -84.2131 -16.0475 80.5487
 21.7481 -84.2006 -16.0454 80.6249
 21.7514 -84.1931 -16.0441 80.7024
 21.7533 -84.1886 -16.0434 80.7796
 21.92 -84.0561 -15.9052 80.8557
 22.0437 -83.958 -15.8026 80.929
 22.3065 -83.7503 -15.5834 81.0157
 22.6289 -83.4951 -15.3135 81.0908
 23.1545 -83.0638 -14.7436 81.1667
 23.4698 -82.805 -14.4017 81.2419
 23.6448 -82.6569 -14.1662 81.3167
 23.7051 -82.5689 -13.7228 81.3934
 23.7707 -82.4648 -13.1756 81.4699
 23.8738 -82.3412 -12.7071 81.5456
 24.2542 -81.9813 -11.9352 81.6248
 24.714 -81.542 -11.0098 81.6999
 25.1499 -81.1281 -10.1829 81.7749
 25.5477 -80.7481 -9.43483 81.8467
 25.5899 -80.6119 -8.59398 81.9217
 25.4176 -80.6552 -7.68872 81.9958
 25.5081 -80.5376 -6.87331 82.0709
 26.0518 -80.0434 -5.93713 82.1457
 26.5329 -79.6115 -5.23273 82.22
 26.9068 -79.257 -4.59746 82.2953
 27.3673 -78.7639 -3.54754 82.3678
 27.7809 -78.3075 -2.56219 82.4438
 28.2236 -77.8571 -1.78559 82.5208
 28.5486 -77.5095 -1.12657 82.5958
 28.6944 -77.2936 -0.268258 82.672
 28.6048 -77.3766 0.614087 82.7468
 28.442 -77.4173 1.634 82.8223
 28.4246 -77.1963 3.20435 82.898
 28.507 -76.8411 4.89439 82.9734
 28.7025 -76.4162 6.38717 83.0502
 29.1996 -75.8156 7.88246 83.126
 29.8655 -75.0652 9.26082 83.2015
 30.4294 -74.4256 10.3586 83.2779
 31.028 -73.7637 11.3439 83.3532
 31.6256 -73.1074 12.2414 83.4286
 32.2389 -72.4467 13.0574 83.5059
 32.6667 -72.0227 13.6208 83.5811
 32.9052 -71.7752 13.9882 83.6579
 33.1092 -71.5854 14.3334 83.7335
 33.3537 -71.3266 14.8821 83.8095
 33.6826 -71.115 15.6052 83.8852
 34.1137 -70.8417 16.3261 83.9615
 34.6252 -70.5441 17.0774 84.0443
 35.2024 -70.2101 17.8693 84.1214
 35.7094 -70.1177 18.5944 84.1964
 36.2132 -70.1974 19.3422 84.2713
 36.7447 -70.1301 20.0901 84.3463
 37.1384 -70.0051 20.626 84.422
 37.4306 -69.8664 21.0129 84.4969
 37.6058 -69.7833 21.245 84.5717
 37.8226 -69.606 21.5151 84.6469
 38.1747 -69.2441 21.9393 84.7229
 38.5514 -68.8346 22.3908 84.7976
 38.9239 -68.4176 22.837 84.8729
 39.7438 -67.4559 23.8309 84.9493
 40.8726 -66.0943 25.2243 85.0255
 41.6546 -65.1457 26.1937 85.0998
 42.1274 -64.6462 26.7943 85.1762
 42.4179 -64.4859 27.1926 85.2519
 42.6037 -64.6338 27.498 85.3282
 42.7883 -64.7045 27.7891 85.4029
 43.0558 -64.549 28.1641 85.4798
 43.396 -64.375 28.6499 85.5575
 43.9412 -64.1647 29.4511 85.6359
 44.4826 -63.9819 30.2573 85.7121
 44.8631 -63.9107 30.8367 85.788
 45.2743 -63.9608 31.4937 85.8651
 45.9001 -63.7087 32.4394 85.9423
 46.4229 -63.3746 33.2709 86.0177
 46.7352 -63.229 33.8406 86.1065
 47.055 -62.961 34.363 86.1845
 47.4784 -62.5183 35.0024 86.2593
 48.0891 -61.7517 35.8852 86.3345
 48.6157 -61.0629 36.6422 86.4071
 48.9476 -60.6267 37.1192 86.4819
 49.2743 -60.2519 37.4085 86.5581
 49.656 -59.9472 37.3702 86.6329
 50.0101 -59.6861 37.1615 86.7072
 50.2844 -59.2574 36.9667 86.7824
 50.6114 -58.7663 36.7657 86.8567
 50.9561 -58.2253 36.7271 86.9311
 51.2768 -57.6649 36.7312 87.0066
 51.6525 -57.1059 36.8805 87.0817
 52.266 -56.2965 37.1733 87.156
 53.0912 -55.3643 37.4209 87.2314
 53.6897 -54.6966 37.6023 87.307
 54.1004 -54.2417 37.7275 87.3827
 54.5073 -53.8221 37.7992 87.4577
 54.9783 -53.3453 37.8784 87.5323
 55.508 -52.7349 38.0519 87.6097
 56.2245 -51.9532 37.949 87.687
 56.985 -51.0182 37.4333 87.7632
 57.5368 -50.3309 37.21 87.8387
 58.1337 -49.4896 37.4946 87.9144
 58.7102 -48.6259 38.015 87.9869
 59.2 -47.8675 38.5608 88.0619
 59.7072 -47.0511 39.2392 88.1424
 60.2911 -46.0771 40.1154 88.221
 60.8613 -45.1035 41.0174 88.297
 61.2984 -44.3487 41.7236 88.372
 61.5607 -43.8957 42.1472 88.4469
 61.7855 -43.5018 42.5193 88.5244
 62.0276 -43.0697 42.9314 88.5989
 62.1862 -42.7859 43.2022 88.6746
 62.2814 -42.6156 43.3648 88.7482
 62.3341 -42.478 43.4531 88.8242
 62.3657 -42.3955 43.506 88.899
 62.3802 -42.3105 43.5286 88.974
 62.4022 -42.235 43.5658 89.0492
 62.464 -42.0562 43.6734 89.1244
 62.6213 -41.7556 43.6079 89.2001
 63.0192 -41.2964 43.2217 89.2751
 63.5429 -40.7845 42.6812 89.348
 63.9232 -40.079 42.2005 89.4234
 64.2309 -39.2146 41.7161 89.4982
 64.4692 -38.3581 41.2543 89.573
 64.7094 -37.5447 40.8177 89.648
 64.8941 -36.8874 40.6324 89.7242
 65.0308 -36.2768 40.4382 89.7998
 65.2227 -35.6449 40.0536 89.8757
 65.4641 -35.1058 39.582 89.9494
 65.6311 -34.5845 39.2792 90.0251
 65.7456 -33.962 39.1375 90.101
 65.7255 -33.0975 38.9233 90.1818
 65.6671 -32.239 38.7356 90.2646
 65.7066 -31.4804 38.7718 90.3391
 65.7998 -30.4971 38.9592 90.4152
 65.8972 -29.4288 39.1898 90.488
 66.045 -28.5533 39.511 90.563
 66.2053 -27.878 39.8479 90.6371
 66.455 -27.1473 40.3628 90.7123
 66.6651 -26.2737 40.8337 90.7891
 66.7385 -25.351 41.0732 90.8631
 66.7782 -24.548 41.2436 90.9371
 66.8056 -24.0063 41.3609 91.0121
 67.0077 -23.1578 41.8485 91.086
 67.3387 -22.1072 42.6169 91.1621
 67.5629 -21.0907 43.1936 91.2366
 67.6436 -20.1179 43.5067 91.3124
 67.7397 -18.9169 43.9053 91.3878
 67.9184 -17.4342 44.5361 91.4633
 68.3058 -15.7995 45.6251 91.5395
 68.7419 -14.2505 46.8192 91.6165
 69.0847 -13.0878 47.7574 91.6917
 69.3111 -12.3219 48.3055 91.766
 69.5799 -11.5843 48.3063 91.8418
 70.3605 -10.4852 47.1353 91.9182
 71.4886 -9.52732 45.4035 91.9946
 72.525 -8.80778 43.8046 92.0699
 73.216 -8.30936 42.7114 92.1471
 73.7058 -7.68698 41.7984 92.2345
 73.9943 -7.0063 41.0532 92.3099
 74.1534 -6.41009 40.4983 92.3858
 74.3444 -5.93515 39.9593 92.4623
 74.7107 -5.54463 39.2275 92.5374
 75.1608 -5.21261 38.4105 92.6122
 75.6213 -4.93179 37.6044 92.6875
 76.1434 -4.65695 36.7091 92.7636
 76.7599 -4.24142 35.5727 92.8407
 77.2568 -3.54254 34.3852 92.9175
 77.616 -2.62606 33.7375 92.993
 77.9044 -1.59797 33.2342 93.0676
 78.2704 -0.666486 32.7095 93.1419
 78.5929 0.180867 32.1425 93.2183
 78.8705 1.14663 31.3826 93.2934
 79.0966 2.04264 30.9441 93.3704
 79.2824 2.95826 30.8385 93.446
 79.3416 3.84905 30.8124 93.5204
 79.3234 4.72467 30.8341 93.5957
 79.2574 5.5909 30.8846 93.6682
 79.1266 6.49261 30.9094 93.7421
 79.0288 7.41836 31.0469 93.8183
 78.9856 8.17164 31.2376 93.8931
 79.0208 8.89242 31.5706 93.9693
 79.189 9.88238 32.2682 94.0452
 79.4162 11.0692 33.177 94.1202
 79.4988 12.0018 33.7286 94.1986
 79.5861 12.7793 34.2289 94.2741
 79.6829 13.5767 34.7662 94.3495
 79.6288 14.4093 35.0596 94.4242
 79.4973 15.143 35.1733 94.4993
 79.3112 15.8766 35.1959 94.5752
 79.1091 16.618 35.1318 94.6482
 78.9131 17.4578 35.0258 94.7232
 78.7519 18.5148 34.7647 94.7983
 78.674 19.7256 34.8819 94.874
 78.7146 20.8226 35.3122 94.9492
 78.7991 21.746 35.8279 95.0252
 78.8182 22.5648 36.231 95.1004
 78.728 23.3137 36.4369 95.1755
 78.5966 23.9278 36.5164 95.2483
 78.4891 24.4033 36.5055 95.3234
 78.4355 24.894 36.2937 95.3973
 78.641 25.5001 35.5409 95.4712
 79.1103 26.0278 34.44 95.5462
 79.5297 26.4512 33.4776 95.6208
 79.8875 26.9598 32.4971 95.6962
 80.1564 27.5766 31.52 95.7708
 80.3192 28.1514 30.7258 95.8455
 80.3349 28.8234 30.0389 95.9207
 80.2112 29.5692 29.4731 95.9959
 79.9842 30.4724 28.888 96.0684
 79.8255 31.3316 28.2364 96.1462
 79.7681 32.2374 27.371 96.2206
 79.7043 33.1376 26.5086 96.2966
 79.5479 33.9704 25.914 96.376
 79.3579 34.8674 25.5846 96.4482
 79.1001 35.9208 25.2872 96.5232
 78.9111 36.8307 24.9763 96.5993
 78.8079 37.4652 24.673 96.6755
 78.7798 37.9289 24.409 96.7483
 78.7629 38.3139 24.193 96.8255
 78.7625 38.6334 23.9464 96.9007
 78.8174 38.9384 23.5818 96.9764
 78.8196 39.3139 23.1865 97.0522
 78.7443 39.7068 22.8725 97.1301
 78.6706 40.0947 22.5495 97.205
 78.5716 40.5912 22.1283 97.2812
 78.4598 41.1125 21.6901 97.3571
 78.4378 41.7459 20.9658 97.4337
 78.5279 42.4391 19.9768 97.5082
 78.6664 43.1597 18.8613 97.5838
 78.7709 43.7758 17.9218 97.6593
 78.8538 44.3291 17.0875 97.7351
 79.0588 44.9267 15.978 97.8073
 79.4368 45.4413 14.668 97.8813
 79.7695 45.8158 13.61 97.9554
 79.9886 46.1841 12.745 98.0295
 80.1846 46.5336 11.9359 98.1043
 80.3495 47.0384 10.9545 98.1803
 80.5462 47.7165 9.65417 98.2558
 80.7143 48.4257 8.34094 98.3283
 80.854 49.0581 7.17399 98.4024
 80.965 49.5015 6.32719 98.4773
 81.1026 49.8167 5.61186 98.5505
 81.3486 50.1204 4.69818 98.6254
 81.6224 50.3927 3.7684 98.7005
 81.9892 50.7033 2.58444 98.7754
 82.3086 50.9633 1.56024 98.8483
 82.6308 51.2175 0.526475 98.9234
 82.9734 51.4844 -0.58407 98.9988
 83.3868 51.8079 -1.95296 99.0748
 83.7965 52.1327 -3.33816 99.1473
 84.1413 52.4091 -4.52251 99.2234
 84.4648 52.6729 -5.65781 99.3013
 84.8942 53.0349 -7.22662 99.3774
 85.3415 53.4232 -8.91646 99.4515
 85.6803 53.7212 -10.2162 99.5264
 85.927 53.9408 -11.1749 99.6017
 86.2111 54.2026 -12.3235 99.6766
 86.5377 54.514 -13.6955 99.752
 86.7896 54.7577 -14.7708 99.8278
 86.9723 54.9364 -15.5602 99.9042
 87.1752 55.1409 -16.4669 99.9796
 87.4025 55.3772 -17.5173 100.054
 87.5977 55.5837 -18.4375 100.128
 87.801 55.8048 -19.425 100.205
 87.9652 55.986 -20.2356 100.279
 88.0706 56.1028 -20.7583 100.354
 88.1547 56.1971 -21.181 100.43
 88.2632 56.2082 -21.4902 100.504
 88.4357 56.1707 -21.8684 100.579
 88.6728 56.1365 -22.434 100.654
 88.9666 56.0561 -23.1672 100.726
 89.2921 55.9018 -23.7832 100.811
 89.636 55.7031 -24.3292 100.886
 90.0273 55.5264 -25.0531 100.962
 90.3266 55.4461 -25.7356 101.037
 90.5359 55.4384 -26.3287 101.115
 90.6909 55.4743 -26.8683 101.19
 90.8299 55.5606 -27.4863 101.267
 90.9582 55.6771 -28.1517 101.341
 91.0043 55.6367 -28.8953 101.421
 91.0325 55.4877 -29.7508 101.502
 91.0757 55.4124 -30.7503 101.574
 91.0854 55.2989 -31.7419 101.646
 91.0592 55.1117 -33.0573 101.721
 91.0988 55.0964 -34.4298 101.8
 91.1477 55.1361 -35.4764 101.884
 91.1975 55.2006 -36.2903 101.958
 91.2405 55.2632 -37.0285 102.034
 91.2136 55.1756 -37.8804 102.108
 91.1316 54.9737 -38.6885 102.183
 91.0405 54.7609 -39.5931 102.26
 90.9743 54.616 -40.6147 102.335
 90.8381 54.3229 -41.5396 102.409
 90.7291 53.6967 -42.3661 102.483
 90.6538 52.7596 -43.1673 102.557
 90.4763 51.5502 -44.1258 102.632
 90.2052 50.425 -45.0818 102.708
 89.9922 49.6516 -45.7592 102.782
 89.8195 48.9539 -46.3292 102.865
 89.5147 48.0077 -47.1439 102.941
 89.2294 46.8936 -47.9997 103.015
 88.9405 45.87 -48.8028 103.088
 88.7582 44.9608 -49.4279 103.163
 88.8062 44.1419 -49.7572 103.239
 88.9723 43.1369 -50.0348 103.316
 89.1428 41.842 -50.4242 103.39
 89.6041 40.34 -50.5784 103.467
 90.242 38.7911 -50.5486 103.556
 90.9146 37.3629 -50.4187 103.629
 91.5849 36.0373 -50.2371 103.703
 92.2707 34.7401 -50.0147 103.778
 92.9775 33.4827 -49.7417 103.856
 93.6253 32.2633 -49.507 103.939
 94.0534 31.0237 -49.5089 104.014
 94.1583 29.2868 -50.0255 104.087
 93.9271 27.4221 -50.9282 104.161
 93.7592 25.8358 -51.652 104.237
 93.8039 24.6161 -51.9729 104.312
 93.8883 23.7306 -52.1521 104.389
 94.0937 22.7136 -52.2439 104.464
 94.2127 21.4945 -52.4009 104.539
 94.3035 20.6739 -52.5006 104.614
 94.4776 19.9347 -52.4185 104.687
 94.8149 18.9532 -52.2734 104.761
 94.9579 17.757 -52.4192 104.837
 94.7388 16.5505 -52.9635 104.911
 94.4356 15.5872 -53.5347 104.986
 94.1658 14.4929 -54.1018 105.06
 93.9944 12.9855 -54.6593 105.135
 93.6394 10.9779 -55.5081 105.208
 93.2804 9.09712 -56.3126 105.283
 93.0813 7.93559 -56.7854 105.358
 92.8783 6.91727 -57.2208 105.435
 92.5345 5.70664 -57.8282 105.509
 92.1793 4.21577 -58.4865 105.595
 91.8485 2.86396 -59.0816 105.67
 91.483 1.69561 -59.6682 105.746
 90.9655 0.587609 -60.3868 105.821
 90.2182 -0.589345 -61.3332 105.897
 89.569 -1.52763 -62.1344 105.975
 89.0686 -2.31929 -62.7578 106.052
 88.5218 -3.47654 -63.468 106.127
 88.1153 -4.75761 -64.0461 106.202
 87.9887 -5.79316 -64.311 106.278
 88.1301 -6.91595 -64.3156 106.353
 88.3581 -7.92465 -64.2149 106.428
 88.58 -8.73115 -64.0922 106.504
 88.7205 -9.30521 -64.0209 106.579
 88.8401 -9.80701 -63.9596 106.654
 89.0238 -10.3771 -63.8394 106.727
 89.3264 -11.3379 -63.6352 106.802
 89.4156 -12.5951 -63.6619 106.882
 89.1044 -13.7387 -64.0669 106.961
 88.6364 -14.7216 -64.606 107.035
 88.374 -15.673 -64.9357 107.115
 88.334 -16.5486 -65.0378 107.188
 88.2613 -17.2667 -65.1579 107.262
 88.0547 -17.9133 -65.4006 107.337
 87.3566 -18.9806 -66.1338 107.414
 86.6308 -20.2076 -66.8905 107.489
 86.2226 -21.1021 -67.324 107.573
 86.0149 -21.7407 -67.5518 107.652
 85.9663 -22.4182 -67.6246 107.725
 86.0469 -23.1311 -67.5711 107.801
 85.9392 -23.9877 -67.6969 107.876
 85.5985 -24.7705 -68.0392 107.953
 85.186 -25.4413 -68.4442 108.028
 84.7294 -26.0444 -68.8862 108.105
 84.2453 -26.6067 -69.3499 108.18
 83.4609 -27.4098 -70.0895 108.255
 82.2995 -28.5314 -71.1658 108.328
 81.2416 -29.5335 -72.1367 108.403
 79.9258 -30.7462 -73.3224 108.477
 78.6938 -31.8647 -74.4189 108.553
 77.6328 -32.8172 -75.3537 108.63
 76.6724 -33.669 -76.1903 108.705
 76.0712 -34.2017 -76.7135 108.781
 75.7104 -34.5213 -77.0273 108.857
 75.494 -34.7131 -77.2157 108.933
 75.3752 -34.8621 -77.3177 109.014
 75.359 -35.1215 -77.3242 109.093
 75.4367 -35.5493 -77.2403 109.168
 75.6444 -36.3173 -77.0244 109.244
 75.9371 -37.3248 -76.7171 109.321
 76.2158 -38.2717 -76.4211 109.396
 76.444 -39.0454 -76.1762 109.472
 76.6294 -39.6926 -75.9368 109.548
 76.7764 -40.2411 -75.6753 109.623
 76.8933 -40.7645 -75.2914 109.698
 76.9886 -41.2845 -74.7978 109.774
 77.0529 -41.7221 -74.2974 109.848
 77.1117 -42.2019 -73.6978 109.923
 77.1872 -42.7648 -73.0526 110
 77.2426 -43.2056 -72.534 110.074
 77.2915 -43.5504 -72.164 110.146
 77.3182 -43.9056 -71.6657 110.221
 77.3485 -44.3362 -71.068 110.296
 77.3938 -44.6983 -70.6754 110.372
 77.4414 -45.0421 -70.3333 110.448
 77.4885 -45.4434 -69.9019 110.524
 77.5073 -45.9008 -69.2477 110.6
 77.4972 -46.2999 -68.5553 110.675
 77.4689 -46.7209 -67.7567 110.748
 77.4192 -47.12 -66.9063 110.823
 77.3458 -47.5279 -65.9534 110.898
 77.258 -47.9172 -64.8222 110.973
 77.1623 -48.2501 -63.821 111.049
 77.0951 -48.4719 -63.1486 111.125
 77.0547 -48.605 -62.7452 111.206
 76.9808 -48.7281 -62.5457 111.283
 76.8367 -48.8884 -62.5109 111.358
 76.1989 -49.4583 -62.9556 111.434
 75.1368 -50.3669 -63.8254 111.509
 74.4408 -50.9199 -64.4005 111.584
 73.9512 -51.3046 -64.8441 111.659
 73.5808 -51.5992 -65.1729 111.734
 73.2561 -51.861 -65.4536 111.808
 72.8561 -52.1879 -65.7887 111.883
 72.4874 -52.49 -66.0938 111.957
 72.1115 -52.7982 -66.4014 112.031
 71.7825 -53.0676 -66.6688 112.107
 71.5334 -53.2715 -66.8707 112.182
 71.3657 -53.4497 -67.0012 112.258
 71.2467 -53.6124 -67.0888 112.333
 71.1945 -53.9398 -67.0936 112.408
 71.2443 -54.5191 -66.9706 112.483
 71.3887 -55.4247 -66.7127 112.559
 71.5787 -56.4923 -66.3843 112.634
 71.6875 -57.581 -66.1211 112.71
 71.6931 -58.5635 -65.964 112.784
 71.5974 -59.2719 -65.9403 112.859
 71.4344 -59.7807 -66.0084 112.935
 71.2836 -60.1278 -66.0903 113.008
 71.1403 -60.3779 -66.1805 113.084
 71.0543 -60.528 -66.2346 113.162
 71.0027 -60.618 -66.2671 113.24
 70.9717 -60.672 -66.2866 113.321
 70.9317 -60.9215 -66.2807 113.397
 70.9245 -61.3377 -66.2154 113.473
 70.9601 -61.9947 -66.067 113.549
 71.0227 -62.6351 -65.8951 113.624
 71.0955 -63.277 -65.6734 113.699
 71.146 -63.8371 -65.3862 113.775
 71.1608 -64.3001 -65.0126 113.848
 71.1642 -64.5892 -64.7529 113.923
 71.1608 -64.774 -64.5616 113.998
 71.1479 -64.9074 -64.3759 114.075
 71.1126 -65.0438 -64.0872 114.147
 71.0747 -65.1593 -63.8076 114.222
 71.0295 -65.2736 -63.4982 114.297
 70.9389 -65.4654 -62.9232 114.373
 70.8491 -65.6474 -62.3661 114.449
 70.7287 -65.879 -61.6435 114.523
 70.6005 -66.1176 -60.8925 114.599
 70.4791 -66.3381 -60.1953 114.675
 70.3804 -66.5145 -59.6361 114.748
 70.3018 -66.6533 -59.1951 114.823
 70.2283 -66.7806 -58.7898 114.899
 70.1437 -66.9456 -58.1747 114.974
 70.0645 -67.111 -57.5043 115.049
 69.9542 -67.3081 -56.7866 115.124
 69.9513 -67.4414 -55.7772 115.2
 69.8981 -67.5969 -54.9268 115.275
 69.7301 -67.8832 -53.7885 115.348
 69.488 -68.2465 -52.479 115.43
 69.3268 -68.4858 -51.6237 115.506
 69.1978 -68.6716 -50.9716 115.582
 69.0055 -68.9308 -50.0946 115.657
 68.8231 -69.1703 -49.2913 115.733
 68.7216 -69.385 -48.7861 115.809
 68.6646 -69.5494 -48.4713 115.884
 68.6304 -69.648 -48.2825 115.96
 68.4813 -69.8121 -48.2727 116.038
 68.2374 -70.0363 -48.3909 116.114
 67.8326 -70.3799 -48.6682 116.187
 67.4232 -70.8739 -48.932 116.263
 67.1212 -71.4458 -49.082 116.337
 66.787 -71.9491 -49.2834 116.413
 66.0441 -72.6752 -49.8681 116.489
 65.3874 -73.2756 -50.3818 116.564
 64.7287 -73.8412 -50.8931 116.64
 64.2804 -74.2217 -51.2405 116.714
 63.9849 -74.4704 -51.4691 116.787
 63.8109 -74.6551 -51.5946 116.863
 63.7081 -74.8828 -51.6002 116.938
 63.6427 -75.1824 -51.4875 117.013
 63.5796 -75.5107 -51.2467 117.088
 63.5231 -75.9272 -50.9055 117.162
 63.4667 -76.3612 -50.5161 117.237
 63.4548 -76.9061 -50.1879 117.313
 63.4685 -77.5177 -49.8963 117.388
 63.4916 -78.0985 -49.65 117.465
 63.5174 -78.6251 -49.4428 117.546
 63.5487 -79.1908 -49.2351 117.621
 63.563 -79.6121 -49.0522 117.697
 63.5581 -79.9572 -48.85 117.773
 63.5435 -80.2924 -48.6242 117.849
 63.4538 -80.7768 -48.0863 117.926
 63.3908 -81.0779 -47.7293 118.002
 63.3548 -81.2942 -47.5031 118.077
 63.3201 -81.5522 -47.2631 118.153
 63.3029 -81.7785 -47.0952 118.229
 63.2916 -82.1036 -46.9003 118.305
 63.2724 -82.4627 -46.667 118.381
 63.1786 -82.8434 -46.1957 118.458
 63.0758 -83.1594 -45.7304 118.543
 62.9415 -83.5751 -45.1307 118.618
 62.8327 -83.8913 -44.6568 118.693
 62.7401 -84.1837 -44.2464 118.767
 62.5757 -84.5078 -43.6145 118.842
 62.3551 -84.8249 -42.8284 118.916
 62.1194 -85.1166 -42.0182 118.99
 61.9467 -85.3221 -41.4307 119.065
 61.7643 -85.5259 -40.72 119.142
 61.7155 -85.6254 -39.6589 119.218
 62.262 -85.2342 -38.5733 119.293
 62.683 -84.9272 -37.8062 119.369
 63.3764 -84.3918 -36.9969 119.444
 64.5885 -83.4254 -35.8708 119.518
 65.6974 -82.531 -34.8834 119.595
 66.742 -81.6784 -33.9781 119.667
 67.7957 -80.807 -33.079 119.742
 68.8242 -79.8714 -32.2264 119.817
 69.7279 -78.8008 -31.543 119.893
 70.5509 -77.8762 -30.9455 119.969
 71.4719 -76.6807 -30.2855 120.045
 72.7206 -75.2614 -29.2927 120.122
 73.9234 -73.9942 -28.2886 120.197
 74.6926 -73.19 -27.643 120.276
 75.1541 -72.7075 -27.2557 120.351
 75.431 -72.418 -27.0233 120.427
 75.5939 -72.399 -26.8041 120.503
 75.6137 -72.5658 -26.4009 120.581
 75.7306 -72.5618 -25.8387 120.657
 75.9026 -72.4842 -24.9018 120.733
 75.8017 -72.6938 -23.4095 120.809
 75.7151 -72.8162 -22.0359 120.885
 75.8352 -72.7222 -21.0043 120.961
 75.8349 -72.7088 -20.0398 121.036
 75.8007 -72.7293 -18.8836 121.112
 75.6006 -72.8805 -17.4234 121.187
 75.2444 -73.1328 -15.9811 121.263
 74.8757 -73.388 -14.7504 121.341
 74.5131 -73.6715 -13.6693 121.416
 74.1901 -73.887 -12.5581 121.491
 74.0664 -73.8827 -11.2543 121.566
 73.9904 -73.7952 -9.75853 121.642
 73.6706 -73.8905 -8.12757 121.717
 73.2011 -74.1114 -6.56014 121.792
 72.7004 -74.3703 -5.16308 121.867
 72.1305 -74.678 -3.77203 121.942
 71.655 -74.884 -2.34098 122.018
 71.4007 -74.926 -1.15588 122.092
 71.0185 -75.0746 0.0072794 122.168
 70.4901 -75.3213 1.2846 122.245
 69.9289 -75.572 2.64051 122.321
 69.4506 -75.7583 3.90421 122.395
 69.1513 -75.8038 5.05061 122.471
 69.1482 -75.6087 6.07798 122.547
 69.3943 -75.1436 7.3176 122.623
 69.5662 -74.7366 8.54831 122.699
 69.6694 -74.4924 9.28674 122.774
 69.7313 -74.3459 9.7298 122.847
 69.7685 -74.258 9.99563 122.924
 69.8516 -74.1369 10.2221 123
 70.063 -73.8817 10.5367 123.075
 70.3907 -73.4998 10.9492 123.151
 70.8665 -72.9492 11.5106 123.228
 71.486 -72.0805 12.1883 123.304
 71.9355 -71.4301 12.6748 123.39
 72.2248 -71.0167 12.9892 123.468
 72.5499 -70.3272 13.2862 123.543
 73.2061 -69.3176 13.9976 123.62
 73.7133 -68.5349 14.5504 123.696
 74.0176 -68.0652 14.8821 123.771
 74.2183 -67.7749 15.0492 123.847
 74.3721 -67.4739 15.0551 123.922
 74.4952 -67.0934 14.9436 123.997
 74.5644 -66.7189 14.8357 124.073
 74.6059 -66.4942 14.771 124.15
 74.6308 -66.3594 14.7321 124.226
 74.6457 -66.2786 14.7088 124.301
 74.6547 -66.23 14.6949 124.376
 74.6601 -66.2009 14.6865 124.451
 74.6633 -66.1834 14.6814 124.526
 74.6652 -66.173 14.6784 124.603
 74.6664 -66.1667 14.6766 124.678
 74.6671 -66.1629 14.6755 124.752
 74.6675 -66.1606 14.6749 124.93
