 -100 -2.41342 -3.48961 39.0686
 -100 -2.64715 -3.42857 39.1434
 -100 -2.84108 -3.37771 39.2178
 -100 -2.97535 -3.34243 39.295
 -100 -3.27125 -3.26413 39.3706
 -100 -4.06311 -3.05409 39.4485
 -100 -4.77475 -2.86525 39.5242
 -100 -5.20174 -2.75195 39.5996
 -100 -5.45358 -2.70208 39.6761
 -100 -5.59598 -2.70837 39.751
 -100 -5.67707 -2.73028 39.828
 -100 -5.71266 -2.79781 39.9029
 -100 -5.94121 -2.90268 39.9782
 -100 -6.99023 -3.06902 40.0541
 -99.6382 -8.31875 -3.35122 40.1302
 -99.2854 -9.29457 -3.59668 40.206
 -99.0737 -9.88007 -3.74396 40.281
 -98.9322 -10.2693 -3.82248 40.3557
 -98.7754 -10.693 -3.82028 40.431
 -98.6669 -10.9853 -3.80907 40.5072
 -98.5135 -11.2192 -3.73894 40.5832
 -97.9637 -11.3404 -3.65435 40.6593
 -97.5067 -11.6466 -3.61377 40.7337
 -97.1892 -11.9462 -3.55928 40.8086
 -96.9268 -12.3195 -3.47623 40.8832
 -96.7051 -12.7182 -3.38095 40.9582
 -96.5435 -13.0352 -3.30354 41.0469
 -96.3827 -13.4007 -3.21146 41.1222
 -96.1665 -13.9523 -3.06969 41.1975
 -95.9567 -14.4516 -2.97656 41.2719
 -95.7752 -14.9085 -2.87972 41.3499
 -95.6523 -15.222 -2.81136 41.4259
 -95.544 -15.5087 -2.74468 41.5009
 -95.4566 -15.716 -2.71339 41.5768
 -95.3577 -15.8874 -2.73623 41.6524
 -95.2658 -15.9977 -2.80188 41.7269
 -95.1813 -16.1191 -2.84491 41.8018
 -95.0961 -16.2909 -2.84502 41.8771
 -95.002 -16.4891 -2.8384 41.9514
 -94.9059 -16.6354 -2.88136 42.0269
 -94.7968 -16.8145 -2.91957 42.1028
 -94.7227 -16.9178 -2.96161 42.1781
 -94.6147 -17.135 -2.96469 42.2533
 -94.4614 -17.5249 -2.89927 42.329
 -94.3269 -17.8549 -2.85325 42.4044
 -94.2152 -18.0849 -2.85359 42.4796
 -94.1145 -18.3231 -2.82783 42.5552
 -93.9915 -18.6228 -2.78995 42.6307
 -93.8708 -18.9436 -2.73072 42.7067
 -93.7984 -19.136 -2.69518 42.7832
 -93.7349 -19.312 -2.65819 42.8718
 -93.6835 -19.4579 -2.62555 42.9472
 -93.6394 -19.5858 -2.59551 43.0243
 -93.6129 -19.6625 -2.57748 43.0999
 -93.3521 -19.3961 -2.23931 43.1741
 -92.7919 -18.719 -1.5188 43.2489
 -91.852 -17.6867 -0.6137 43.3236
 -90.8078 -16.9794 0.111651 43.3978
 -90.0545 -16.7588 0.510139 43.4733
 -89.5881 -16.6675 0.760303 43.5482
 -89.2821 -16.6246 0.876856 43.6228
 -89.0985 -16.5989 0.946788 43.6993
 -88.9788 -16.5792 0.969198 43.7743
 -88.8352 -16.7729 1.03806 43.8495
 -88.5681 -17.1895 1.03108 43.9238
 -88.2748 -17.6668 0.995437 43.9989
 -87.9862 -18.286 1.06343 44.0748
 -87.7712 -18.7826 1.13784 44.1503
 -87.6422 -19.0806 1.18249 44.2247
 -87.5648 -19.2594 1.20928 44.2999
 -87.492 -19.3792 1.19153 44.3759
 -87.4027 -19.4551 1.10754 44.4513
 -87.3131 -19.509 1.00349 44.5269
 -87.2079 -19.6626 0.954898 44.6018
 -87.135 -19.7506 0.905962 44.6768
 -87.065 -19.8159 0.842624 44.7526
 -87.0133 -19.8509 0.784821 44.8281
 -86.9727 -19.8677 0.730334 44.9034
 -86.9483 -19.8778 0.697641 44.979
 -86.91 -19.9216 0.669416 45.0539
 -86.8259 -20.0654 0.646459 45.1291
 -86.7283 -20.2273 0.615434 45.2025
 -86.6601 -20.3203 0.576962 45.2781
 -86.6191 -20.376 0.553879 45.3539
 -86.435 -20.2051 0.755686 45.428
 -86.0189 -19.7141 1.26187 45.504
 -85.5631 -19.1875 1.81343 45.5795
 -85.0667 -18.6453 2.41402 45.6541
 -84.6135 -18.1296 2.92559 45.7291
 -84.3209 -17.8017 3.2273 45.8038
 -84.1353 -17.6006 3.38836 45.8778
 -84.0165 -17.5011 3.49081 45.9532
 -83.9158 -17.526 3.57555 46.028
 -83.7648 -17.7697 3.67051 46.1037
 -83.5347 -18.2218 3.75511 46.1777
 -83.2423 -18.3278 3.98437 46.2545
 -82.983 -18.2885 4.20591 46.3402
 -82.8274 -18.2649 4.33883 46.416
 -82.7049 -18.3362 4.44218 46.4914
 -82.566 -18.5714 4.55737 46.5662
 -82.266 -18.7846 4.81589 46.6416
 -81.7033 -18.8132 5.32304 46.7173
 -81.3048 -18.8839 5.66144 46.7914
 -81.0403 -18.9651 5.85636 46.8674
 -80.8418 -19.0959 5.97724 46.9421
 -80.6722 -19.2521 6.03348 47.0186
 -80.5055 -19.4672 6.06301 47.0918
 -80.366 -19.6046 6.02603 47.1669
 -80.2535 -19.7 5.96936 47.2427
 -80.1572 -19.7702 5.90084 47.3184
 -80.0563 -19.8687 5.83726 47.3938
 -79.9094 -19.9666 5.69532 47.4688
 -79.7891 -20.0121 5.54912 47.5437
 -79.4044 -19.723 5.54601 47.6197
 -78.7365 -19.2937 5.5315 47.6958
 -78.2222 -19.084 5.51696 47.7698
 -77.7757 -19.3272 5.59143 47.8448
 -77.2289 -20.1629 5.75002 47.9198
 -76.6207 -21.1814 5.81309 47.9938
 -76.0282 -21.9702 5.89978 48.0678
 -75.4123 -22.4224 6.06317 48.1418
 -74.7786 -23.0265 6.09584 48.2158
 -74.2488 -23.7883 6.18638 48.2898
 -73.9309 -24.2454 6.2407 48.3664
 -73.7287 -24.5153 6.25231 48.4452
 -73.596 -24.6728 6.23828 48.5209
 -73.5164 -24.7673 6.22986 48.5959
 -73.4686 -24.824 6.22481 48.6708
 -73.2788 -24.6944 6.29451 48.7469
 -72.9578 -24.3937 6.47229 48.8218
 -72.6703 -24.1968 6.5546 48.8996
 -72.4676 -24.0925 6.56813 48.9766
 -72.3201 -24.071 6.5678 49.0589
 -72.2245 -24.081 6.57392 49.1338
 -72.1556 -24.0825 6.55649 49.209
 -72.1142 -24.0833 6.54602 49.284
 -72.0779 -24.0794 6.51863 49.361
 -72.0231 -24.141 6.50005 49.4368
 -71.9244 -24.3063 6.48461 49.5119
 -71.835 -24.4193 6.43937 49.587
 -71.7511 -24.5011 6.37623 49.6618
 -71.5845 -24.413 6.45942 49.7379
 -71.1831 -24.0263 6.73649 49.8169
 -70.8498 -23.6855 6.99296 49.8929
 -70.5457 -23.3674 7.21599 49.9688
 -70.34 -23.157 7.34452 50.0459
 -70.1931 -23.0215 7.37911 50.12
 -70.0932 -22.9357 7.37859 50.1939
 -69.9522 -22.8001 7.41559 50.2682
 -69.488 -22.2636 7.81777 50.3428
 -68.9797 -21.6803 8.23181 50.4179
 -68.6158 -21.3852 8.43561 50.4991
 -68.3309 -21.2863 8.5197 50.5739
 -68.0587 -21.3697 8.52999 50.65
 -67.8213 -21.5214 8.50434 50.7249
 -67.5974 -21.7373 8.4636 50.7999
 -67.3665 -22.0385 8.4268 50.8749
 -67.1151 -22.3587 8.34272 50.9501
 -66.8263 -22.8121 8.28437 51.0258
 -66.5777 -23.1074 8.15439 51.1091
 -66.3262 -23.3502 7.97265 51.1859
 -66.1271 -23.477 7.77688 51.2618
 -65.9325 -23.5765 7.56394 51.3376
 -65.7301 -23.7347 7.38186 51.4149
 -65.4815 -24.0179 7.22255 51.492
 -65.1496 -24.3814 6.9959 51.5669
 -64.7734 -24.6897 6.65828 51.642
 -64.4487 -24.8891 6.31507 51.7179
 -64.1716 -25.0564 6.01877 51.793
 -63.947 -25.2138 5.79452 51.8679
 -63.7808 -25.3225 5.62241 51.9431
 -63.6201 -25.4972 5.50771 52.0179
 -63.3579 -25.8206 5.39465 52.0942
 -63.0907 -26.0845 5.30376 52.169
 -62.585 -25.9465 5.57986 52.2449
 -62.1064 -25.9411 5.72444 52.32
 -61.7332 -26.0389 5.75529 52.3954
 -61.4037 -26.2181 5.70213 52.47
 -61.1276 -26.4029 5.60748 52.5439
 -60.8858 -26.6732 5.55242 52.6183
 -60.655 -26.9372 5.4631 52.6932
 -60.492 -27.0862 5.36475 52.768
 -60.3576 -27.1612 5.23855 52.8437
 -60.2037 -27.1777 5.0283 52.9181
 -60.0384 -27.1589 4.76739 52.993
 -59.8907 -27.1285 4.52089 53.0683
 -59.625 -26.9354 4.44825 53.1438
 -59.2255 -26.5766 4.52405 53.2188
 -58.9229 -26.3046 4.57421 53.2937
 -58.7169 -26.1317 4.55913 53.3684
 -58.4416 -25.8719 4.63199 53.4436
 -57.975 -25.4458 4.68269 53.5198
 -57.5709 -25.108 4.60426 53.5941
 -57.2303 -24.8655 4.37513 53.67
 -56.9527 -24.6901 4.10084 53.7451
 -56.7618 -24.5748 3.89062 53.8211
 -56.5971 -24.4639 3.75223 53.8957
 -56.2586 -24.1709 3.70995 53.9716
 -55.9905 -24.0237 3.60629 54.0474
 -55.785 -23.9447 3.48197 54.1252
 -55.5689 -24.0533 3.38523 54.2001
 -55.3142 -24.2892 3.2657 54.2753
 -55.0971 -24.5434 3.18139 54.3505
 -54.8703 -24.8233 3.07881 54.4268
 -54.5215 -25.2663 2.89655 54.5023
 -54.2273 -25.5811 2.6916 54.5789
 -53.967 -25.9033 2.53937 54.6546
 -53.7384 -26.1508 2.37538 54.7316
 -53.5532 -26.3636 2.25068 54.807
 -53.4177 -26.4812 2.1294 54.8832
 -53.0973 -26.4604 2.11256 54.9597
 -52.6519 -26.4279 2.0916 55.0348
 -52.2793 -26.4776 1.96579 55.1105
 -51.9584 -26.5517 1.77009 55.1856
 -51.6685 -26.6405 1.53221 55.2611
 -51.45 -26.7035 1.32578 55.3367
 -51.2822 -26.726 1.13142 55.4118
 -51.1571 -26.7292 0.967783 55.487
 -50.9893 -26.8057 0.778864 55.5614
 -50.7285 -27.0968 0.598239 55.6372
 -50.4708 -27.2859 0.337977 55.7135
 -50.2433 -27.3686 0.0398171 55.7887
 -49.9782 -27.4777 -0.301814 55.8637
 -49.711 -27.6688 -0.585129 55.9388
 -49.2274 -27.6268 -0.721646 56.0135
 -48.6087 -27.4914 -0.845051 56.0902
 -48.1445 -27.4856 -1.01168 56.1659
 -47.6903 -27.5571 -1.07462 56.2428
 -47.1118 -27.578 -1.15101 56.3194
 -46.6001 -27.5841 -1.20424 56.3941
 -46.236 -27.5921 -1.32585 56.4702
 -45.981 -27.5811 -1.47125 56.5469
 -45.7873 -27.615 -1.59317 56.6222
 -45.6468 -27.6248 -1.71467 56.6986
 -45.4523 -27.5211 -1.7329 56.7745
 -45.146 -27.2832 -1.71008 56.8511
 -44.9377 -27.1299 -1.74488 56.9267
 -44.8006 -27.0325 -1.79001 57.0028
 -44.6082 -26.8638 -1.76221 57.0778
 -44.2483 -26.5305 -1.68405 57.1525
 -43.973 -26.3232 -1.68598 57.2289
 -43.7955 -26.1935 -1.71148 57.3036
 -43.6768 -26.1102 -1.75113 57.378
 -43.3819 -25.815 -1.58104 57.4525
 -43.1396 -25.588 -1.51742 57.5275
 -42.9356 -25.5437 -1.50049 57.6035
 -42.6923 -25.6699 -1.56421 57.6796
 -42.4671 -25.8581 -1.64131 57.7564
 -42.2322 -26.1041 -1.74407 57.8372
 -41.9627 -26.4314 -1.87302 57.9134
 -41.7349 -26.6577 -2.03477 57.9884
 -41.5446 -26.829 -2.19172 58.0636
 -41.3233 -27.0028 -2.40588 58.1398
 -41.0438 -27.2393 -2.6164 58.2165
 -40.4552 -27.2159 -2.57739 58.2915
 -39.948 -27.2916 -2.62575 58.3666
 -39.5855 -27.4305 -2.67646 58.4414
 -39.2974 -27.6019 -2.75341 58.517
 -39.0415 -27.8771 -2.80033 58.5927
 -38.8176 -28.1307 -2.87508 58.6675
 -38.6502 -28.2981 -2.96269 58.7436
 -38.5085 -28.44 -3.05105 58.8185
 -38.3987 -28.604 -3.08305 58.8936
 -38.2998 -28.7177 -3.14506 58.9695
 -38.2404 -28.7859 -3.18227 59.0447
 -38.1924 -28.8214 -3.22952 59.1206
 -38.1306 -28.8579 -3.30072 59.1967
 -37.9906 -29.074 -3.3622 59.2729
 -37.7956 -29.3344 -3.48187 59.3476
 -37.6089 -29.5797 -3.60061 59.4223
 -37.431 -29.7578 -3.75794 59.4977
 -37.2626 -29.8372 -3.97767 59.5737
 -37.1492 -29.8793 -4.13459 59.6495
 -37.032 -29.9729 -4.25786 59.7247
 -36.9371 -30.018 -4.38204 59.8019
 -36.579 -29.7772 -4.26828 59.8762
 -36.0181 -29.3732 -4.07927 59.951
 -35.5326 -29.0319 -3.95332 60.0258
 -35.0954 -28.6781 -3.78617 60.1015
 -34.6926 -28.3398 -3.68025 60.1773
 -34.2803 -27.9758 -3.57537 60.2524
 -33.8625 -27.5959 -3.47098 60.3276
 -33.5592 -27.3334 -3.46658 60.4046
 -33.3772 -27.176 -3.46394 60.4808
 -33.2555 -27.0758 -3.48773 60.5555
 -33.0647 -26.8881 -3.40219 60.6324
 -32.7903 -26.6071 -3.24036 60.7075
 -32.613 -26.4327 -3.16868 60.7826
 -32.4464 -26.4232 -3.14794 60.8578
 -32.2824 -26.4803 -3.1904 60.9343
 -32.1025 -26.6309 -3.25652 61.0097
 -31.8968 -26.7995 -3.39505 61.0843
 -31.6884 -26.9847 -3.55165 61.1599
 -31.5082 -27.1322 -3.70795 61.2366
 -31.272 -27.4391 -3.83952 61.3125
 -31.0197 -27.7885 -3.97065 61.3875
 -30.7799 -28.0501 -4.15601 61.4626
 -30.6148 -28.2283 -4.2857 61.5376
 -30.4907 -28.3236 -4.41488 61.6121
 -30.3865 -28.429 -4.5037 61.6863
 -30.189 -28.6465 -4.66092 61.7607
 -29.9908 -28.8022 -4.86963 61.8363
 -29.8174 -28.9323 -5.0578 61.9122
 -29.6333 -29.1283 -5.2121 61.9902
 -29.2957 -29.2241 -5.29753 62.0658
 -28.8405 -29.2478 -5.39344 62.1411
 -28.4622 -29.3689 -5.5445 62.2161
 -28.1845 -29.5116 -5.66534 62.2911
 -27.9884 -29.6458 -5.74933 62.3658
 -27.8203 -29.7965 -5.82995 62.4407
 -27.6984 -29.9083 -5.89706 62.5161
 -27.5748 -30.0456 -5.96759 62.5906
 -27.4503 -30.1982 -6.04018 62.6662
 -27.3088 -30.3211 -6.1734 62.7417
 -27.178 -30.4047 -6.32429 62.8179
 -27.0125 -30.4138 -6.59755 62.8939
 -26.6518 -30.3407 -6.79692 62.9694
 -26.1264 -30.0705 -6.972 63.0496
 -25.8112 -29.9083 -7.07704 63.1249
 -25.622 -29.811 -7.14007 63.1998
 -25.5086 -29.7526 -7.17788 63.2749
 -25.4405 -29.7176 -7.20057 63.3494
 -25.2113 -29.4952 -7.04042 63.4267
 -24.6523 -28.9448 -6.74506 63.5028
 -24.0011 -28.297 -6.40621 63.5781
 -23.5946 -27.8902 -6.18453 63.6553
 -23.3003 -27.622 -6.15711 63.7318
 -23.1112 -27.455 -6.16707 63.8079
 -22.9852 -27.3487 -6.19946 63.8839
 -22.8609 -27.389 -6.21594 63.96
 -22.7343 -27.4837 -6.25666 64.0348
 -22.6047 -27.7061 -6.23692 64.1103
 -22.4484 -27.9931 -6.23378 64.185
 -22.0966 -28.0651 -6.15055 64.2609
 -21.7562 -28.0574 -6.24208 64.3366
 -21.4175 -28.244 -6.3707 64.4116
 -21.127 -28.5383 -6.44919 64.4881
 -20.8745 -28.8696 -6.50499 64.5645
 -20.6325 -29.2172 -6.57381 64.6405
 -20.4231 -29.4912 -6.67278 64.7166
 -20.224 -29.8449 -6.7067 64.7922
 -20.036 -30.1847 -6.74315 64.8666
 -19.8548 -30.5164 -6.7811 64.942
 -19.7036 -30.7593 -6.84239 65.0182
 -19.5618 -30.977 -6.91022 65.0946
 -19.4342 -31.1515 -6.98948 65.1708
 -19.2982 -31.3563 -7.06063 65.2465
 -19.17 -31.5855 -7.10014 65.322
 -19.0254 -31.8514 -7.13994 65.3972
 -18.606 -31.8276 -6.96257 65.4747
 -18.1739 -31.8047 -6.86728 65.5513
 -17.8934 -31.8131 -6.82945 65.6276
 -17.6994 -31.8059 -6.86056 65.7035
 -17.5703 -31.7954 -6.90614 65.7787
 -17.4715 -31.8113 -6.95286 65.855
 -17.3697 -31.865 -7.01966 65.9308
 -17.2703 -31.9759 -7.06403 66.0064
 -17.1555 -32.0806 -7.15641 66.081
 -17.0399 -32.1533 -7.28521 66.1611
 -16.7456 -31.9659 -7.1926 66.2367
 -16.3393 -31.6397 -7.08511 66.3122
 -15.9708 -31.3215 -6.96228 66.388
 -15.6581 -31.0446 -6.86767 66.4635
 -15.3824 -30.8047 -6.83586 66.5382
 -15.1162 -30.5805 -6.86888 66.6131
 -14.9309 -30.4335 -6.94298 66.6893
 -14.8197 -30.3453 -6.98744 66.7638
 -14.7529 -30.2924 -7.01411 66.8394
 -14.7129 -30.2607 -7.03012 66.9143
 -14.6761 -30.2354 -7.06687 66.9896
 -14.6412 -30.2139 -7.11608 67.0661
 -14.492 -30.0656 -7.04111 67.1457
 -14.2479 -29.9261 -6.86855 67.2225
 -13.9701 -29.6941 -6.61396 67.2975
 -13.474 -29.3338 -6.08954 67.3727
 -13.0608 -29.0626 -5.64548 67.4478
 -12.8039 -28.9284 -5.37137 67.5232
 -12.6408 -28.8763 -5.19922 67.5991
 -12.4494 -29.0954 -5.05396 67.6744
 -12.2198 -29.4016 -5.02188 67.7501
 -11.9722 -29.6968 -5.10047 67.8255
 -11.7149 -30.0082 -5.16418 67.9069
 -11.341 -30.135 -5.12818 67.9816
 -11.0727 -30.2557 -5.14582 68.0572
 -10.881 -30.3793 -5.16829 68.1334
 -10.6871 -30.6133 -5.19002 68.2097
 -10.4658 -30.9012 -5.2661 68.2847
 -10.2248 -30.9903 -5.1892 68.3597
 -9.99249 -31.1338 -5.22172 68.4349
 -9.77014 -31.3451 -5.28469 68.5097
 -9.55862 -31.6327 -5.33065 68.5851
 -9.38423 -31.9146 -5.3545 68.6626
 -9.24927 -32.1354 -5.38069 68.738
 -9.16829 -32.2678 -5.3964 68.8154
 -9.11971 -32.3473 -5.40583 68.89
 -9.05551 -32.4112 -5.45871 68.9674
 -8.96125 -32.5882 -5.47887 69.0445
 -8.8395 -32.7623 -5.55012 69.1202
 -8.7267 -32.8478 -5.67557 69.1962
 -8.57974 -32.8609 -5.91643 69.273
 -8.44087 -32.8125 -6.00344 69.3489
 -8.30692 -32.7271 -5.99809 69.4241
 -8.12551 -32.5631 -5.87965 69.4994
 -8.01667 -32.4647 -5.80859 69.5741
 -7.95136 -32.4056 -5.76595 69.649
 -7.91218 -32.3702 -5.74037 69.724
 -7.88866 -32.349 -5.72502 69.7993
 -8.92474 -32.8243 -3.5031 73.1491
 -8.92533 -32.8246 -3.50191 73.2255
 -8.92569 -32.8247 -3.50119 73.3012
 -8.89242 -32.9409 -3.46931 73.377
 -8.83085 -33.1558 -3.41082 73.4525
 -8.7334 -33.5528 -3.27733 73.5299
 -8.58321 -34.1762 -3.067 73.6072
 -8.5518 -34.6753 -2.75261 73.6824
 -8.76915 -35.0804 -2.09937 73.7577
 -9.25689 -35.5774 -0.949547 73.8319
 -9.64933 -35.9183 -0.0701235 73.907
 -9.8848 -36.1229 0.45753 73.982
 -10.0184 -36.2748 0.782083 74.0571
 -10.1474 -36.4838 1.13589 74.1331
 -10.3179 -36.6809 1.54515 74.2079
 -10.5214 -36.8416 1.97937 74.2829
 -10.716 -36.9682 2.37447 74.3584
 -10.849 -37.0628 2.59217 74.4331
 -10.9377 -37.1672 2.71142 74.5081
 -11.072 -37.659 2.68076 74.5828
 -11.3944 -38.5339 2.15969 74.6579
 -11.7305 -39.3109 1.25159 74.7332
 -11.8532 -39.7658 0.452554 74.8083
 -11.8421 -40.1961 -0.0602948 74.8832
 -12.0114 -41.0266 -0.648093 74.9577
 -12.4095 -42.7756 -1.30723 75.0333
 -12.5382 -44.8571 -1.54173 75.1082
 -12.5094 -46.6384 -1.5377 75.1832
 -12.3955 -48.2116 -1.39801 75.2586
 -12.155 -50.1091 -1.05426 75.3342
 -11.8945 -51.9363 -0.659967 75.4087
 -11.6709 -53.4532 -0.308424 75.4836
 -11.458 -54.8753 0.0426074 75.561
 -11.1965 -56.6661 0.510138 75.6365
 -10.9443 -58.4696 0.990812 75.7112
 -10.7264 -60.1004 1.43005 75.7853
 -10.5234 -61.721 1.87033 75.8607
 -10.363 -63.0613 2.23586 75.9369
 -10.2389 -64.1419 2.53139 76.0116
 -10.1401 -64.877 2.7071 76.0858
 -9.85671 -65.2907 2.14755 76.1602
 -9.53933 -65.6288 0.781255 76.2355
 -9.27511 -65.8037 -0.175265 76.3112
 -8.83811 -65.802 -1.27026 76.3872
 -8.1284 -65.6242 -2.78242 76.4638
 -7.44667 -65.4136 -4.18908 76.5379
 -6.92483 -65.2406 -5.25567 76.6142
 -6.29069 -65.0017 -6.53787 76.6896
 -5.29631 -64.5888 -8.57341 76.765
 -4.55726 -64.5717 -9.94439 76.8398
 -4.07963 -64.8411 -10.69 76.9157
 -3.75273 -65.345 -11.043 76.9913
 -3.48417 -66.3025 -11.0739 77.067
 -3.19124 -67.0475 -11.2586 77.1422
 -2.75905 -67.3789 -11.9094 77.2176
 -2.41948 -67.5411 -12.4709 77.2932
 -2.16891 -67.8141 -12.8128 77.3686
 -1.97587 -68.2541 -12.9682 77.4459
 -1.80919 -68.8891 -12.9853 77.523
 -1.60606 -69.3215 -13.1692 77.5987
 -1.36393 -69.5256 -13.537 77.6756
 -1.06338 -69.6745 -14.0467 77.7516
 -0.64338 -69.6831 -14.8614 77.8275
 -0.167803 -69.8779 -15.7039 77.9034
 0.521901 -70.6913 -16.6948 77.9782
 1.53743 -71.973 -18.1604 78.0541
 2.22568 -72.9012 -19.1321 78.1301
 2.63863 -73.4581 -19.7151 78.2051
 2.90428 -74.0162 -20.0017 78.2803
 3.08915 -74.8702 -19.9995 78.3551
 3.22832 -75.8 -19.8798 78.4304
 3.30219 -76.628 -19.6765 78.5048
 3.18117 -77.5042 -19.0633 78.5795
 2.78125 -78.2525 -17.9502 78.6639
 2.44758 -78.7455 -17.0796 78.7388
 2.21623 -79.0488 -16.4225 78.8134
 2.07742 -79.2308 -16.0283 78.8885
 1.99414 -79.34 -15.7917 78.9632
 1.94417 -79.4056 -15.6498 79.0382
 1.91418 -79.4449 -15.5646 79.1135
 1.89619 -79.4685 -15.5135 79.1882
 1.8854 -79.4826 -15.4829 79.2641
 1.87892 -79.4911 -15.4645 79.3398
 1.87504 -79.4962 -15.4535 79.4152
 1.87271 -79.4993 -15.4468 79.4911
 1.87131 -79.5011 -15.4429 79.5664
 1.87047 -79.5022 -15.4405 79.6414
 1.86997 -79.5029 -15.439 79.7162
 1.86966 -79.5033 -15.4382 79.7916
 1.86948 -79.5035 -15.4377 79.8671
 1.86937 -79.5036 -15.4374 79.9427
 1.8723 -79.5681 -15.4189 80.0183
 1.87842 -79.7032 -15.3804 80.0929
 1.8821 -79.7843 -15.3573 80.1679
 1.8843 -79.833 -15.3435 80.2442
 1.88563 -79.8622 -15.3351 80.3207
 1.88642 -79.8797 -15.3302 80.3951
 1.8869 -79.8902 -15.3272 80.4698
 1.88718 -79.8965 -15.3254 80.5441
 1.89159 -79.9969 -15.2968 80.6181
 1.90616 -80.347 -15.1973 80.692
 1.92891 -80.9442 -15.0272 80.7671
 2.14231 -81.7459 -14.6077 80.8414
 2.46972 -82.8669 -13.9814 80.9169
 2.78529 -83.7781 -13.4174 80.9923
 2.97644 -84.4876 -13.0322 81.067
 3.39242 -85.1118 -12.4316 81.142
 4.32978 -85.5847 -11.3178 81.2177
 5.5513 -85.9168 -9.92907 81.2933
 6.93752 -86.1954 -8.36106 81.3677
 8.46141 -86.4041 -6.64144 81.4423
 10.3316 -85.9162 -4.71258 81.5171
 13.2936 -84.0375 -1.95945 81.5922
 16.4261 -81.7358 0.768889 81.6676
 18.3476 -80.3163 2.44691 81.7424
 19.5017 -79.5319 3.47284 81.8172
 20.1942 -79.0613 4.0884 81.8928
 20.6732 -78.7548 4.52886 81.9689
 21.0442 -78.4938 4.87527 82.0448
 21.6831 -77.9499 5.49489 82.1203
 22.9431 -76.808 6.65798 82.1957
 24.1627 -75.7537 7.45532 82.2715
 24.929 -75.1078 7.87513 82.3467
 25.5306 -74.5813 8.27329 82.4229
 26.6333 -73.5253 9.289 82.4973
 28.114 -72.3333 10.8425 82.5713
 29.7369 -70.8386 12.5854 82.6477
 31.7107 -68.8385 14.7722 82.7233
 33.5234 -66.9551 16.8321 82.7988
 34.6314 -65.838 18.0994 82.8733
 35.4259 -65.0534 19.0218 82.9495
 36.3534 -64.0488 20.122 83.0248
 37.248 -63.0376 21.1994 83.0996
 37.9787 -62.1932 22.0881 83.1738
 38.8209 -61.2217 23.1388 83.2488
 39.8465 -60.0511 24.454 83.3235
 41.0295 -58.7931 25.4393 83.4001
 41.8988 -57.884 26.0761 83.4752
 42.61 -57.1245 26.6007 83.5505
 43.4004 -56.178 27.4092 83.6268
 43.9729 -55.4756 28.0293 83.702
 44.349 -55.0093 28.4465 83.7791
 44.834 -54.3697 29.0576 83.8549
 45.4767 -53.4884 29.922 83.9306
 45.9571 -52.8235 30.5767 84.006
 46.2527 -52.4937 30.9882 84.0825
 46.4409 -52.3997 31.2632 84.157
 46.7153 -52.5081 31.7032 84.2325
 47.4249 -52.1503 32.8641 84.308
 48.3315 -51.3438 34.3596 84.3832
 48.9129 -50.8832 35.3214 84.4586
 49.2903 -50.8858 35.9728 84.5332
 49.5202 -50.9223 36.373 84.6083
 49.7634 -50.7817 36.7737 84.6835
 50.2215 -50.2084 37.4972 84.7605
 50.7051 -49.5716 38.2634 84.8362
 51.0098 -49.1661 38.7463 84.9102
 51.1926 -48.9228 39.036 84.9865
 51.3749 -48.6595 39.3253 85.0625
 51.7143 -48.1249 39.8691 85.1372
 52.2147 -47.3073 40.6826 85.2114
 52.6265 -46.6267 41.3568 85.2864
 52.8736 -46.2184 41.7612 85.3613
 53.0496 -45.9258 42.0505 85.4356
 53.252 -45.5836 42.387 85.5109
 53.4421 -45.259 42.7055 85.5854
 53.5698 -45.0403 42.9198 85.6605
 53.6738 -44.8614 43.0951 85.7359
 53.8993 -44.4669 43.4804 85.8191
 54.0615 -44.1823 43.7584 85.8938
 54.1589 -44.0115 43.9251 85.9684
 54.2173 -43.9091 44.0252 86.0437
 54.2523 -43.8476 44.0852 86.1184
 54.2733 -43.8107 44.1212 86.1934
 54.3129 -43.7406 44.1896 86.2682
 54.3635 -43.6505 44.2774 86.3434
 54.3938 -43.5965 44.33 86.4198
 54.4337 -43.5568 44.3323 86.4944
 54.5399 -43.4687 44.2068 86.5694
 54.6745 -43.2774 44.1866 86.6447
 55.023 -43.0154 43.8351 86.7189
 55.5913 -42.6975 43.1121 86.7969
 55.9774 -42.3445 42.5526 86.8736
 56.3739 -42.0382 41.97 86.949
 56.7385 -41.8096 41.442 87.0256
 57.1047 -41.6201 40.9165 87.1011
 57.4293 -41.469 40.452 87.176
 57.833 -41.3031 39.8742 87.252
 58.2416 -41.1432 39.2878 87.3266
 58.5283 -41.0322 38.8759 87.4033
 58.7624 -40.9429 38.5387 87.4785
 59.0814 -40.5755 38.6416 87.5549
 59.6497 -39.6756 39.3627 87.629
 60.0435 -39.0382 39.8898 87.7036
 60.3008 -38.6481 40.176 87.7813
 60.4552 -38.4141 40.3477 87.8556
 60.6268 -38.1273 40.5925 87.9308
 60.9381 -37.5637 41.1179 88.0057
 61.4053 -36.6847 41.9551 88.081
 61.8358 -35.8611 42.7428 88.1563
 62.0941 -35.3669 43.2154 88.2312
 62.2587 -34.9926 43.4507 88.3072
 62.6514 -34.2523 42.9798 88.3828
 63.1274 -33.3376 42.4743 88.4572
 63.6508 -32.2569 42.6398 88.5324
 64.2502 -31.0092 43.3144 88.6085
 64.9026 -29.5723 44.3354 88.6838
 65.4485 -28.1489 45.2343 88.7597
 65.7331 -26.9725 45.6619 88.8352
 65.8566 -25.9622 45.8701 88.9119
 66.0888 -24.8808 46.3641 88.9868
 66.3614 -23.5904 47.0187 89.0614
 66.5333 -22.1436 47.5465 89.1378
 66.6506 -20.5172 48.0384 89.2134
 66.928 -18.9856 48.7829 89.2932
 67.4788 -17.5247 49.3682 89.3677
 68.3636 -16.0854 49.5364 89.4419
 69.4472 -14.6404 49.3889 89.5186
 70.447 -13.5067 49.0206 89.5936
 71.391 -12.6735 48.3335 89.6675
 72.5133 -11.6508 47.5314 89.7456
 73.5116 -10.3434 47.5158 89.8255
 74.2452 -8.9779 47.6526 89.9068
 74.6562 -7.90037 47.6102 89.9827
 74.8833 -6.91506 47.6559 90.0591
 75.0495 -5.88802 47.8882 90.1337
 74.9908 -4.54646 47.9672 90.2085
 74.805 -3.1132 47.9472 90.2844
 74.6244 -1.83956 47.9553 90.3597
 74.5234 -0.80923 47.929 90.4348
 74.4728 0.161933 47.9234 90.5096
 74.4811 1.43378 47.6081 90.5847
 74.4344 2.80585 47.4263 90.6595
 74.3435 4.21075 47.2999 90.7349
 74.1928 5.72155 46.9682 90.81
 73.9824 7.51987 46.3665 90.8852
 73.6474 9.25207 45.7747 90.9615
 73.2963 11.0078 45.0549 91.037
 72.9553 12.4355 44.4943 91.1119
 72.6431 13.715 43.9578 91.1865
 72.4001 14.858 43.513 91.2625
 72.2418 15.89 42.9783 91.3374
 72.2105 17.0849 42.0935 91.4128
 72.1737 18.3438 41.1235 91.4884
 72.0428 19.6809 40.1788 91.5636
 71.7454 21.3321 39.1467 91.6388
 71.3304 23.0461 38.1837 91.7142
 71.1649 24.7477 36.8607 91.7907
 71.4114 26.5717 34.806 91.8649
 72.0604 28.4783 32.0292 91.9408
 72.9136 30.0229 29.2532 92.0169
 73.7716 31.1316 26.8666 92.0915
 74.5641 32.2363 24.5168 92.1665
 74.9605 33.3974 22.6623 92.2408
 74.9996 34.748 21.6339 92.3182
 74.8241 36.1232 20.932 92.3931
 74.5124 37.4419 20.3154 92.4679
 74.2478 38.68 19.8643 92.5427
 73.967 39.9715 19.4536 92.6181
 73.6922 41.3894 18.9171 92.6929
 73.3835 42.5379 18.4509 92.7676
 73.1361 43.4255 18.0876 92.8424
 72.914 44.283 17.9148 92.9178
 72.6753 45.1666 17.78 92.9929
 72.4286 46.2698 17.8758 93.0676
 72.1484 47.579 18.1876 93.1429
 71.8343 48.8242 18.4811 93.2196
 71.444 49.879 18.5716 93.2966
 71.0569 50.8903 18.3658 93.3719
 70.6413 51.8582 18.0488 93.4481
 70.3031 52.7708 17.5489 93.5241
 70.229 53.5243 16.7566 93.5995
 70.4921 54.1643 15.5111 93.6747
 71.0907 54.826 13.6187 93.7497
 71.7753 55.4351 11.6022 93.8247
 72.3814 55.9311 9.84773 93.9001
 72.9129 56.3427 8.31718 93.9757
 73.4779 56.7606 6.67954 94.0513
 73.9545 57.109 5.28459 94.1274
 74.2972 57.3587 4.27552 94.2025
 74.5591 57.5492 3.4978 94.2787
 74.8388 57.7528 2.65158 94.3543
 75.1491 57.9806 1.69422 94.4307
 75.572 58.2027 0.512233 94.506
 76.0812 58.3443 -0.720107 94.5807
 76.5335 58.4495 -1.79154 94.656
 76.9862 58.6585 -3.06402 94.7315
 77.4146 58.9134 -4.3889 94.806
 77.7485 59.131 -5.46515 94.8813
 78.0435 59.3425 -6.46311 94.9558
 78.3595 59.5905 -7.59138 95.0314
 78.6306 59.8119 -8.58673 95.1064
 78.8559 60.0013 -9.43192 95.1806
 79.0616 60.1794 -10.2228 95.2567
 79.3705 60.2536 -11.0546 95.3326
 79.7762 60.1968 -11.8592 95.4078
 80.3061 59.9699 -12.6228 95.4843
 80.8981 59.5778 -13.2109 95.5599
 81.693 58.7783 -13.4743 95.6355
 82.6542 57.6232 -13.4453 95.7104
 83.6203 56.2675 -13.3451 95.786
 84.4638 55.0003 -13.2265 95.8605
 84.9931 54.0194 -13.2621 95.9361
 85.2741 53.2041 -13.5225 96.0125
 85.4515 52.3613 -13.8821 96.0957
 85.6593 51.1313 -14.3983 96.1717
 85.8898 49.6118 -15.0243 96.2474
 86.0955 47.9238 -15.7492 96.3229
 86.1686 46.5694 -16.5872 96.3989
 86.2774 45.8238 -17.3768 96.4747
 86.4459 45.4855 -18.3171 96.551
 86.6244 45.3664 -19.2409 96.6267
 86.7545 45.3201 -19.9031 96.7013
 86.8552 45.3175 -20.4085 96.7758
 87.0489 45.4668 -21.3611 96.851
 87.2649 45.6738 -22.4389 96.9265
 87.45 45.865 -23.3754 97.0025
 87.6221 46.0551 -24.2637 97.0768
 87.7785 46.2363 -25.0872 97.1517
 87.892 46.3701 -25.6904 97.2273
 87.9989 46.5006 -26.2705 97.302
 88.1137 46.646 -26.9099 97.3771
 88.2287 46.7354 -27.4305 97.4518
 88.4312 46.7311 -27.9996 97.5268
 88.7813 46.4406 -28.3627 97.6061
 89.3208 45.9991 -28.9498 97.6817
 89.9406 45.5464 -29.7627 97.757
 90.5052 45.1872 -30.6374 97.8319
 91.0697 44.7475 -31.3392 97.9076
 91.7224 44.2722 -32.2506 97.9825
 92.3608 43.9357 -33.4722 98.0579
 92.9266 43.7859 -34.9455 98.1327
 93.357 43.6529 -36.162 98.2092
 93.5971 43.4601 -37.1984 98.284
 93.5637 42.9192 -38.6388 98.3588
 93.4523 41.8493 -40.0849 98.434
 93.475 40.468 -41.269 98.5094
 93.5105 38.9949 -42.3215 98.5854
 93.5675 37.7219 -43.479 98.6608
 93.4493 36.5713 -44.7235 98.7359
 93.3016 35.6438 -46.0038 98.8116
 93.1349 34.8598 -47.3422 98.8863
 92.8686 34.0351 -48.9414 98.9628
 92.7816 32.9599 -50.6021 99.0369
 93.0102 31.8253 -52.0353 99.1143
 93.3508 30.9843 -53.3345 99.1892
 93.6195 30.3948 -54.5011 99.264
 93.5994 29.7263 -56.0076 99.3396
 93.3593 28.9182 -57.5789 99.4151
 93.0984 28.0463 -58.8943 99.4909
 92.9471 27.0615 -59.8678 99.5661
 92.9276 26.039 -60.5142 99.6416
 93.021 24.985 -60.9295 99.716
 93.005 23.7858 -61.4217 99.792
 92.8327 22.3248 -62.0957 99.8673
 92.6332 20.1861 -62.9391 99.9422
 92.3569 17.3693 -63.9833 100.018
 92.14 14.3658 -64.9576 100.094
 92.0362 12.2739 -65.578 100.17
 91.974 11.0187 -65.9502 100.245
 91.9495 10.1206 -66.1913 100.32
 91.9787 8.88893 -66.434 100.396
 91.8385 7.22345 -66.9132 100.473
 91.5609 5.47646 -67.5244 100.55
 91.2338 3.72758 -68.1653 100.627
 90.798 1.99811 -68.8891 100.702
 90.1859 -0.034933 -69.8046 100.777
 89.5419 -2.30194 -70.753 100.853
 89.0444 -4.46988 -71.5207 100.929
 88.3565 -6.32513 -72.407 101.007
 87.725 -7.6649 -73.1662 101.082
 87.2142 -8.60452 -73.7579 101.158
 86.4871 -9.59714 -74.5427 101.235
 85.4208 -10.9664 -75.656 101.31
 84.6937 -12.1112 -76.4279 101.388
 84.2858 -12.8647 -76.87 101.463
 84.112 -13.4836 -77.0826 101.54
 84.1445 -14.3339 -77.1175 101.615
 84.3896 -15.4693 -76.9693 101.693
 84.7802 -16.7552 -76.6876 101.768
 84.9725 -17.9859 -76.5774 101.856
 85.1437 -18.9488 -76.4687 101.931
 85.25 -20.0313 -76.4173 102.007
 85.386 -21.8052 -76.3459 102.082
 85.4295 -24.1752 -76.3461 102.161
 85.4036 -26.4536 -76.3867 102.239
 85.4768 -28.3653 -76.3193 102.313
 85.624 -30.3075 -76.1617 102.39
 85.9032 -32.2729 -75.8595 102.466
 86.2612 -34.0727 -75.471 102.542
 86.6409 -35.7055 -75.0524 102.618
 86.8396 -36.7982 -74.8215 102.693
 86.8597 -37.5415 -74.7701 102.769
 86.7181 -38.4266 -74.8531 102.852
 86.5551 -39.674 -74.9221 102.93
 86.4051 -41.0264 -74.9614 103.004
 86.4272 -42.2552 -74.8429 103.079
 86.5321 -43.341 -74.6527 103.154
 86.6938 -44.3763 -74.4072 103.229
 86.8766 -45.3588 -74.1033 103.304
 87.0898 -46.3683 -73.7764 103.379
 87.2769 -47.2193 -73.4957 103.455
 87.4423 -47.9993 -73.1692 103.531
 87.666 -49.0534 -72.7055 103.607
 87.9869 -50.5313 -72.133 103.683
 88.3026 -52.0306 -71.543 103.761
 88.55 -53.2728 -71.0044 103.835
 88.702 -54.2445 -70.3765 103.909
 88.7889 -54.9587 -69.7929 103.985
 88.8378 -55.6256 -69.102 104.06
 88.8928 -56.3374 -68.2281 104.135
 88.9371 -57.0024 -67.46 104.21
 89.141 -57.3586 -66.525 104.286
 89.721 -57.2287 -65.3372 104.361
 90.1564 -57.0987 -64.4294 104.436
 90.4189 -57.2227 -63.6541 104.512
 90.5746 -57.6537 -62.7766 104.586
 90.6662 -58.2467 -61.7208 104.661
 91.005 -58.4581 -60.4687 104.736
 91.4186 -58.446 -59.248 104.811
 91.6604 -58.6406 -58.2862 104.886
 91.7848 -59.0778 -57.3113 104.961
 91.8385 -59.5178 -56.4737 105.036
 91.823 -60.006 -55.5752 105.111
 91.9257 -60.3665 -54.5819 105.187
 91.9841 -60.6779 -53.8896 105.262
 92.0393 -61.0088 -53.4248 105.337
 92.1165 -61.5314 -53.0347 105.412
 92.2056 -62.301 -52.5802 105.488
 92.2872 -63.1949 -52.0635 105.564
 92.3548 -63.9598 -51.6429 105.64
 92.4164 -64.5995 -51.3281 105.715
 92.4267 -65.4844 -51.0538 105.79
 92.4208 -66.4221 -50.8068 105.865
 92.4572 -67.3839 -50.5198 105.94
 92.5167 -68.3605 -50.2083 106.016
 92.5254 -69.2351 -49.7319 106.092
 92.4945 -70.1812 -49.0478 106.166
 92.4385 -71.2069 -48.2267 106.247
 92.3195 -72.1429 -47.6159 106.323
 92.1102 -73.0562 -47.3018 106.398
 91.7133 -74.151 -47.2112 106.474
 91.2125 -75.4153 -47.2631 106.549
 90.6555 -76.8327 -47.1672 106.626
 90.2174 -78.0289 -46.8279 106.702
 89.8552 -79.1073 -46.1246 106.781
 89.4957 -80.1245 -45.0768 106.857
 89.2205 -80.9404 -43.9469 106.932
 89.1901 -81.3477 -42.7283 107.021
 89.304 -81.5219 -41.2395 107.097
 89.5238 -81.5688 -39.5548 107.173
 89.9952 -81.3094 -37.9924 107.248
 90.7519 -80.7295 -36.6461 107.323
 91.3794 -80.2247 -35.6873 107.399
 91.8364 -79.8547 -34.8649 107.475
 92.2696 -79.4978 -33.8771 107.552
 92.6578 -79.1802 -32.4127 107.628
 93.2005 -78.7029 -30.6703 107.703
 94.1097 -77.817 -28.782 107.778
 94.6776 -77.2227 -27.3662 107.855
 95.0181 -76.865 -26.4256 107.93
 95.2417 -76.6208 -25.2934 108.007
 95.3171 -76.5087 -23.8404 108.081
 95.3427 -76.4276 -22.1521 108.156
 95.5258 -76.1663 -20.1808 108.231
 95.855 -75.7555 -18.3573 108.307
 96.102 -75.4473 -17.0717 108.384
 96.2858 -75.211 -16.0748 108.46
 96.433 -74.9848 -14.8671 108.534
 96.554 -74.7634 -13.5332 108.609
 96.6974 -74.5122 -12.2258 108.687
 96.909 -74.1683 -10.7768 108.762
 97.2009 -73.7691 -9.63739 108.838
 97.3831 -73.5161 -8.89739 108.912
 97.5056 -73.3209 -8.19413 108.99
 97.6457 -73.0686 -7.20876 109.065
 97.7803 -72.8081 -6.16691 109.141
 98.0285 -72.3856 -5.38371 109.216
 98.2812 -71.9376 -4.82332 109.29
 98.4596 -71.6309 -4.40803 109.366
 98.6905 -71.2281 -4.04548 109.442
 98.9829 -70.6409 -3.60126 109.519
 99.2593 -70.056 -3.25481 109.595
 99.5426 -69.2991 -2.98898 109.672
 99.7255 -68.2302 -2.71321 109.748
 99.8353 -67.134 -2.44274 109.824
 99.9012 -66.2673 -2.22213 109.9
 99.9407 -65.6615 -2.05499 109.977
 99.9644 -64.9298 -1.79228 110.052
 99.9787 -64.2082 -1.50671 110.132
 99.9872 -63.517 -1.23019 110.209
 99.9923 -62.7852 -0.424416 110.284
 99.9954 -62.1568 1.01423 110.36
 99.9972 -61.6271 2.32212 110.436
 99.9983 -61.2847 3.34482 110.512
 99.999 -60.9305 4.31257 110.587
 99.9994 -60.462 5.12472 110.663
 99.9996 -60.1757 5.7025 110.74
 99.9998 -60.0336 6.14991 110.815
 99.9999 -59.8331 6.78288 110.89
 99.9999 -59.5406 7.87831 110.965
 100 -59.1258 9.3543 111.039
 100 -58.5748 10.8577 111.114
 100 -57.8053 11.9424 111.189
 100 -56.9351 13.3058 111.263
 100 -56.1562 14.91 111.339
 100 -55.5996 16.1234 111.415
 100 -55.2463 17.1213 111.491
 100 -54.8641 18.2546 111.565
 100 -54.4663 19.5917 111.641
 100 -54.1487 20.8001 111.716
 100 -53.9418 21.5818 111.795
 100 -53.8177 22.0508 111.871
 100 -53.7432 22.3322 111.945
 100 -53.6985 22.501 112.023
 100 -53.6717 22.6023 112.102
 100 -53.6556 22.6631 112.178
 100 -53.646 22.6996 112.254
 100 -53.6402 22.7215 112.33
 100 -53.6367 22.7346 112.404
 100 -53.6346 22.7425 112.48
 100 -53.6334 22.7472 112.555
 100 -53.6326 22.7501 112.631
 100 -53.6322 22.7518 112.707
 100 -53.6319 22.7528 112.782
 100 -53.6317 22.7534 112.858
 100 -53.6316 22.7538 112.934
 100 -53.6316 22.754 113.009
 100 -53.6316 22.7541 113.084
 100 -53.6315 22.7542 113.16
 100 -53.6315 22.7542 113.295
