 -100 -0.200148 -2.86527 38.446
 -100 -0.20002 -2.86622 38.5211
 -100 -0.195357 -2.88471 38.5956
 -100 -0.187972 -2.91373 38.6711
 -100 -0.174363 -2.96701 38.7454
 -100 -0.130902 -3.00952 38.8208
 -100 -0.100227 -3.05298 38.8954
 -100 -0.0772213 -3.09701 38.9709
 -100 -0.0542136 -3.15937 39.0458
 -100 -0.0404091 -3.19678 39.1204
 -100 -0.027522 -3.23721 39.1991
 -100 -0.032866 -3.27471 39.2753
 -100 -0.0976554 -3.31428 39.3507
 -100 -0.304724 -3.32665 39.4262
 -100 -0.606905 -3.28655 39.5032
 -100 -0.877386 -3.23866 39.5781
 -100 -1.05226 -2.86667 39.6525
 -99.6745 -0.868922 -2.04544 39.727
 -98.7309 -0.48104 -1.1178 39.8031
 -97.9235 -0.320912 -0.67903 39.878
 -97.3557 -0.270231 -0.507172 39.9526
 -96.99 -0.2722 -0.41246 40.0269
 -96.7121 -0.309961 -0.415028 40.1017
 -96.2764 -0.0544271 -0.355228 40.1766
 -95.5516 0.638055 -0.17071 40.2495
 -94.43 1.0878 -0.368997 40.3245
 -93.0657 0.95008 -0.680904 40.3994
 -92.0522 0.617492 -0.799773 40.4746
 -91.4441 0.417939 -0.871094 40.5505
 -91.0438 0.220998 -0.892655 40.6257
 -90.7152 -0.0905772 -0.852403 40.7005
 -90.474 -0.374434 -0.8016 40.7836
 -90.3205 -0.564148 -0.765783 40.8592
 -90.1229 -0.886756 -0.705013 40.9335
 -89.8816 -1.30438 -0.643295 41.0085
 -89.5739 -1.32551 -0.453217 41.0846
 -89.0738 -0.939621 0.00519982 41.1595
 -88.7201 -0.791615 0.321838 41.2345
 -88.3738 -0.948161 0.543752 41.3095
 -87.9332 -1.38208 0.643485 41.3846
 -87.5873 -1.69663 0.626638 41.4607
 -87.3617 -1.90019 0.602272 41.5357
 -87.2264 -2.02232 0.587652 41.6115
 -87.1275 -2.1353 0.589884 41.6865
 -87.0324 -2.25767 0.587968 41.7619
 -86.7938 -2.39822 0.623771 41.8365
 -86.1876 -2.19578 0.584154 41.9105
 -85.3011 -1.66732 0.335309 41.9855
 -84.5256 -1.09215 0.339243 42.0596
 -83.957 -0.666556 0.319449 42.1347
 -83.4655 -0.405973 0.287525 42.2086
 -83.0388 -0.430965 0.243348 42.2826
 -82.5012 -0.877061 0.20392 42.3556
 -81.7509 -1.24523 0.18844 42.4307
 -80.9542 -1.33023 0.083419 42.5066
 -80.265 -1.45284 -0.152158 42.5817
 -79.813 -1.53126 -0.349956 42.6576
 -79.5133 -1.6404 -0.451561 42.7327
 -79.2386 -1.8872 -0.481963 42.8075
 -78.998 -2.17547 -0.480985 42.8825
 -78.7971 -2.47333 -0.446075 42.9576
 -78.6297 -2.75628 -0.396484 43.0326
 -78.4637 -3.07221 -0.326558 43.1076
 -78.3449 -3.27746 -0.299658 43.1826
 -78.2737 -3.40061 -0.283518 43.2587
 -78.1838 -3.55296 -0.271656 43.3336
 -78.0182 -3.89596 -0.19544 43.4096
 -77.835 -4.26476 -0.124367 43.4861
 -77.6241 -4.36445 -0.0387133 43.5617
 -77.1852 -4.03233 0.193759 43.635
 -76.6618 -3.6481 0.203265 43.7096
 -76.3077 -3.38627 0.161094 43.7846
 -76.0466 -3.28197 0.11118 43.8607
 -75.736 -3.47899 0.0939028 43.9358
 -75.4324 -3.69296 -0.00809828 44.0107
 -75.056 -3.56894 0.0755852 44.0866
 -74.4558 -3.24713 0.134747 44.1616
 -73.8655 -3.13038 0.0719545 44.2367
 -73.4914 -3.07636 0.0188337 44.3116
 -73.2567 -3.03856 -0.0343981 44.3856
 -73.116 -3.01587 -0.0663372 44.4603
 -73.0019 -3.03975 -0.0950545 44.5348
 -72.8547 -3.1721 -0.119586 44.611
 -72.6974 -3.34826 -0.147529 44.6861
 -72.5638 -3.51316 -0.167952 44.761
 -72.4637 -3.62826 -0.19571 44.8359
 -72.3746 -3.76199 -0.194593 44.9086
 -72.1626 -3.99896 -0.290803 44.9836
 -71.788 -4.00356 -0.208958 45.0577
 -71.3661 -3.84448 -0.105815 45.1338
 -71.0825 -3.75988 -0.0811251 45.2088
 -70.9123 -3.70912 -0.0663111 45.2836
 -70.7999 -3.67323 -0.0790194 45.3588
 -70.701 -3.61477 -0.0770206 45.4337
 -70.2966 -3.16137 0.0679882 45.5097
 -69.7098 -2.54041 0.0372952 45.5867
 -69.2742 -2.07115 0.0323548 45.6617
 -68.9303 -1.82708 -0.0616599 45.7378
 -68.5699 -1.84378 -0.195023 45.8147
 -68.1375 -2.01158 -0.456004 45.8957
 -67.6185 -2.19605 -0.693174 45.9709
 -66.9398 -2.30618 -0.777109 46.0456
 -66.2589 -2.39173 -0.84464 46.1222
 -65.6517 -2.583 -0.909604 46.1982
 -65.0486 -2.95958 -1.06375 46.2741
 -64.3753 -3.49373 -1.34328 46.3492
 -63.7333 -4.07923 -1.62754 46.4257
 -63.2141 -4.61164 -1.833 46.5002
 -62.7375 -5.12429 -2.03031 46.5765
 -62.3898 -5.51159 -2.16932 46.6499
 -62.0478 -5.92655 -2.28788 46.7238
 -61.6372 -6.43343 -2.43769 46.7988
 -61.2458 -6.85893 -2.64359 46.8727
 -60.8661 -7.23597 -2.88351 46.949
 -60.4044 -7.61842 -2.9473 47.0277
 -59.7367 -7.85482 -3.09849 47.1017
 -59.1867 -7.83727 -3.17373 47.1757
 -58.6019 -7.72576 -3.31683 47.2577
 -58.1218 -7.63786 -3.58198 47.3307
 -57.8122 -7.57378 -3.7874 47.4057
 -57.4753 -7.36366 -3.85594 47.4809
 -57.1727 -7.15359 -3.98714 47.5574
 -56.9697 -7.01611 -4.11234 47.635
 -56.8371 -6.9279 -4.21072 47.7113
 -56.7469 -6.86926 -4.29299 47.7887
 -56.6717 -6.85164 -4.35939 47.8645
 -56.5731 -6.81243 -4.51564 47.9395
 -56.4926 -6.77744 -4.65598 48.0149
 -56.4443 -6.75644 -4.74019 48.09
 -56.4049 -6.76716 -4.7845 48.1649
 -56.3397 -6.86689 -4.78618 48.241
 -56.1935 -6.81699 -4.6495 48.3159
 -56.0471 -6.74375 -4.49539 48.3888
 -55.9159 -6.75324 -4.36767 48.4639
 -55.8372 -6.75893 -4.29104 48.5388
 -55.7796 -6.78572 -4.23879 48.6149
 -55.6724 -6.96563 -4.16353 48.6898
 -55.5874 -7.12043 -4.10582 48.7639
 -55.2906 -7.03414 -3.80467 48.8379
 -54.7956 -6.9596 -3.42145 48.9108
 -54.1832 -6.89564 -3.13816 48.9858
 -53.6124 -6.75613 -3.13052 49.0608
 -53.2356 -6.64384 -3.15633 49.1349
 -52.9438 -6.57095 -3.28338 49.2088
 -52.6806 -6.48043 -3.54865 49.2848
 -52.4144 -6.48579 -3.82439 49.3598
 -52.0136 -6.68224 -4.02914 49.434
 -51.2378 -6.78056 -4.12726 49.509
 -50.3688 -6.90716 -4.3978 49.5838
 -49.7383 -7.04378 -4.67857 49.6578
 -49.1865 -7.30116 -4.95766 49.733
 -48.6487 -7.58369 -5.33921 49.8078
 -48.1636 -7.90549 -5.6861 49.8828
 -47.7476 -8.15059 -5.88387 49.9578
 -47.0181 -8.25564 -5.89649 50.0329
 -46.1855 -8.43704 -6.10779 50.1078
 -45.5882 -8.67506 -6.269 50.1838
 -45.2187 -8.81189 -6.39024 50.2588
 -44.9205 -8.9437 -6.54157 50.3348
 -44.698 -9.05997 -6.66845 50.4099
 -44.4888 -9.24076 -6.76113 50.4849
 -44.1692 -9.63993 -6.85486 50.5598
 -43.8364 -10.0167 -7.01324 50.6349
 -43.6151 -10.2615 -7.12639 50.7099
 -43.376 -10.6256 -7.16001 50.7861
 -43.008 -11.1812 -7.23002 50.8628
 -42.5398 -11.7796 -7.4344 50.9378
 -41.9539 -12.1403 -7.61503 51.0139
 -41.4398 -12.2299 -7.72049 51.0889
 -40.9888 -12.2591 -7.81953 51.1638
 -40.5385 -12.3757 -7.97304 51.238
 -40.0379 -12.5802 -8.03728 51.313
 -39.3411 -12.6474 -8.10866 51.3869
 -38.687 -12.5627 -8.15082 51.4609
 -38.0897 -12.3931 -8.05674 51.5348
 -37.4527 -12.0805 -7.97861 51.6089
 -37.0315 -11.8512 -7.9219 51.6828
 -36.7243 -11.8092 -7.88629 51.7569
 -36.3907 -11.6316 -7.68195 51.8319
 -36.0159 -11.3162 -7.4157 51.9079
 -35.6167 -10.97 -7.353 51.9839
 -35.1069 -10.4789 -7.28844 52.0589
 -34.5153 -9.86956 -7.16129 52.1339
 -33.8617 -9.16962 -6.97809 52.2094
 -33.1468 -8.38888 -6.76822 52.284
 -32.5019 -7.69258 -6.64214 52.3609
 -31.9475 -7.14905 -6.79575 52.442
 -31.4567 -6.78765 -6.95008 52.5183
 -30.7564 -6.69757 -7.23341 52.5939
 -29.8892 -6.61843 -7.63992 52.6689
 -28.9626 -6.87324 -7.95623 52.7462
 -28.1401 -7.08274 -8.23556 52.8219
 -27.6212 -7.18333 -8.41119 52.897
 -27.2749 -7.28926 -8.52897 52.974
 -27.0557 -7.34629 -8.62591 53.0519
 -26.8893 -7.42613 -8.69648 53.1269
 -26.6741 -7.50656 -8.90218 53.2019
 -26.4066 -7.63965 -9.17544 53.277
 -26.1654 -7.77179 -9.42419 53.3532
 -25.9745 -7.89033 -9.6124 53.4281
 -25.779 -8.04661 -9.77689 53.5103
 -25.2855 -8.13867 -9.84343 53.5859
 -24.7725 -8.01779 -9.94224 53.6599
 -24.4532 -7.93866 -10.0281 53.7349
 -24.0983 -8.12833 -10.1163 53.8101
 -23.6368 -8.30132 -10.1629 53.8864
 -22.7345 -8.44209 -10.2311 53.9611
 -21.7648 -8.17357 -10.5622 54.0376
 -21.0335 -8.09532 -10.7438 54.1199
 -20.4771 -8.21513 -10.8843 54.1929
 -19.7666 -8.34314 -10.9938 54.2681
 -18.9939 -8.27011 -11.1174 54.343
 -18.4542 -8.22828 -11.1943 54.418
 -18.1303 -8.20318 -11.2405 54.4945
 -17.9011 -8.20145 -11.3155 54.5759
 -17.7522 -8.19364 -11.3877 54.6491
 -17.6043 -8.11244 -11.3563 54.724
 -17.2647 -7.80176 -11.1496 54.8
 -16.9194 -7.47828 -11.0953 54.876
 -16.5907 -7.14809 -11.0318 54.951
 -16.3095 -6.84665 -10.9268 55.0261
 -16.0829 -6.58852 -10.7884 55.112
 -15.8605 -6.31758 -10.592 55.186
 -15.5382 -6.01385 -10.3716 55.261
 -15.2009 -5.68056 -10.2626 55.336
 -14.7081 -5.27937 -10.1396 55.411
 -14.1976 -4.78894 -9.99356 55.4861
 -13.5308 -4.36451 -9.95532 55.562
 -12.5173 -4.25774 -9.98742 55.637
 -11.8743 -4.17259 -10.0899 55.712
 -11.4305 -4.08633 -10.2901 55.787
 -11.1296 -4.01345 -10.4936 55.862
 -10.9491 -3.96972 -10.6157 55.938
 -10.8407 -3.94349 -10.689 56.0121
 -10.7642 -3.9207 -10.7607 56.086
 -10.7183 -3.90703 -10.8038 56.16
 -10.5961 -3.91101 -10.982 56.2341
 -10.3501 -3.84173 -11.472 56.3081
 -10.1911 -3.79308 -11.7939 56.382
 -10.0617 -3.74264 -12.0709 56.457
 -9.92128 -3.81446 -12.2361 56.531
 -9.79178 -3.8292 -12.4471 56.6071
 -9.7028 -3.83096 -12.6017 56.6821
 -9.60439 -3.80362 -12.8064 56.757
 -9.54534 -3.78722 -12.9293 56.8322
 -9.49868 -3.77027 -13.0311 56.9091
 -9.47069 -3.7601 -13.0921 56.9842
 -9.45389 -3.75401 -13.1287 57.0591
 -9.37931 -3.88701 -13.1145 57.1341
 -9.32169 -3.99417 -13.0986 57.2091
 -9.28712 -4.05847 -13.0891 57.2852
 -9.21498 -4.20652 -13.0544 57.3601
 -9.06053 -4.35678 -13.0974 57.4371
 -8.78069 -4.28033 -13.1025 57.5142
 -8.38519 -4.10243 -13.0508 57.5901
 -7.89344 -4.11354 -13.074 57.6761
 -7.32527 -4.12351 -13.0989 57.7521
 -6.74285 -3.94185 -13.0749 57.8281
 -6.28241 -3.69834 -13.0005 57.9042
 -5.89868 -3.43036 -12.9435 57.9782
 -5.57578 -3.1676 -12.9165 58.0535
 -5.36887 -3.03757 -12.893 58.1363
 -5.24473 -2.95956 -12.8788 58.2131
 -5.11167 -2.83235 -12.7923 58.2851
 -4.92967 -2.61514 -12.6037 58.3581
 -4.77682 -2.42435 -12.4318 58.4331
 -4.64154 -2.24938 -12.2699 58.5082
 -4.5261 -2.12266 -12.258 58.5832
 -4.40748 -2.08741 -12.293 58.6572
 -4.25848 -1.98393 -12.3405 58.7321
 -4.00194 -1.96328 -12.4155 58.8072
 -3.79865 -1.99176 -12.5028 58.8822
 -3.58941 -2.09795 -12.611 58.9571
 -3.30289 -2.31238 -12.7954 59.0322
 -3.00624 -2.57882 -12.9759 59.1081
 -2.82825 -2.73868 -13.0842 59.1833
 -2.56128 -2.97846 -13.2466 60.6172
 -2.57261 -2.98575 -13.218 60.6912
 -2.50036 -3.15726 -13.1563 60.7653
 -2.33908 -3.51133 -13.0522 60.8406
 -2.16414 -3.8915 -12.945 60.9144
 -1.99431 -4.25955 -12.8433 60.9898
 -1.73772 -4.81695 -12.6923 61.0643
 -1.41783 -5.51705 -12.504 61.1405
 -1.13632 -6.1699 -12.302 61.2154
 -1.0127 -6.66138 -11.9938 61.2872
 -1.15228 -7.08579 -11.2948 61.3623
 -1.35501 -7.58894 -10.4105 61.4362
 -1.37467 -8.08141 -9.46545 61.5126
 -1.12851 -8.50105 -8.55895 61.5882
 -0.724777 -8.91296 -7.63839 61.6643
 -0.444859 -9.26794 -6.97845 61.7404
 -0.242389 -9.63754 -6.48705 61.819
 -0.0327602 -10.337 -5.87735 61.8994
 0.253774 -11.229 -5.33009 61.9764
 0.457342 -11.9217 -4.90598 62.0512
 0.646688 -12.5456 -4.56835 62.1263
 0.930528 -13.352 -4.24792 62.2023
 1.25534 -14.2762 -3.90902 62.2773
 1.59961 -15.3087 -3.52232 62.3523
 1.89525 -16.4715 -2.95687 62.4273
 2.06945 -17.5163 -2.31155 62.5023
 2.15376 -18.2223 -1.82364 62.5774
 2.1735 -18.971 -1.20491 62.6523
 1.95765 -20.044 0.0455383 62.7282
 1.79653 -20.839 0.968061 62.8032
 1.61907 -21.422 1.73341 62.8804
 1.49462 -22.1194 2.49684 62.9552
 1.5164 -22.8319 3.03609 63.0304
 1.56772 -23.3772 3.39216 63.1043
 1.74034 -24.1471 3.72803 63.1784
 2.07446 -25.3499 4.13413 63.2524
 2.40083 -26.4881 4.49284 63.3283
 2.62333 -27.2604 4.73276 63.4033
 2.82485 -27.8961 4.89823 63.4775
 2.96336 -28.3372 5.01401 63.5524
 3.07671 -28.6947 4.92736 63.6273
 3.28504 -29.4602 4.40411 63.7024
 3.64172 -30.7009 3.44689 63.7765
 3.96307 -32.0199 2.19826 63.8515
 4.27356 -33.4114 -0.18469 63.9273
 4.70309 -34.975 -3.51066 64.0023
 5.19238 -36.8514 -5.82746 64.0774
 5.68571 -39.0071 -7.03909 64.1528
 6.2378 -41.4085 -7.46349 64.2274
 6.8529 -44.1819 -7.35298 64.3203
 7.44661 -47.0005 -6.96922 64.3954
 7.98227 -49.6961 -6.46202 64.4703
 8.43915 -52.1335 -5.93105 64.5453
 8.8394 -54.4194 -5.38436 64.6206
 9.1962 -56.6178 -4.82679 64.6993
 9.50548 -58.6712 -4.28798 64.7752
 9.71465 -60.0952 -3.91123 64.8509
 9.85896 -60.9752 -3.70511 64.9262
 10.0203 -62.1445 -3.4026 65.0037
 10.1625 -63.2641 -3.1044 65.0791
 10.2909 -64.3545 -2.80843 65.1538
 10.3869 -65.2023 -2.57671 65.2295
 10.4629 -65.7369 -2.45747 65.3041
 10.7656 -65.9489 -2.87702 65.379
 11.3679 -65.9272 -3.93267 65.4547
 11.9147 -66.0687 -4.82328 65.5296
 12.2674 -66.2443 -5.35957 65.6054
 12.4823 -66.382 -5.67225 65.6796
 12.6471 -66.5163 -5.90006 65.7563
 13.0234 -66.4717 -6.59287 65.8311
 13.5657 -66.2982 -7.65539 65.9052
 13.9152 -66.4215 -8.22895 65.9865
 14.1349 -66.5929 -8.54563 66.0657
 14.2767 -66.7933 -8.70818 66.1403
 14.3716 -67.0112 -8.77822 66.2147
 14.4462 -67.1677 -8.84054 66.2899
 14.5229 -67.2808 -8.9277 66.3655
 14.7403 -67.268 -9.33422 66.4407
 14.9841 -67.2063 -9.81479 66.5165
 15.1677 -67.3906 -10.0684 66.5914
 15.3544 -68.1473 -10.0655 66.6664
 15.5945 -69.2225 -10.0263 66.7442
 15.834 -70.1292 -10.067 66.8197
 16.0412 -71.1199 -10.0199 66.8948
 16.3295 -72.1476 -10.1177 66.9708
 16.703 -72.669 -10.5927 67.0506
 16.9617 -73.5104 -10.7266 67.1268
 17.1403 -74.4123 -10.6931 67.2018
 17.2474 -74.9535 -10.6731 67.2763
 17.3117 -75.2782 -10.6611 67.3494
 17.3522 -75.5061 -10.6443 67.4266
 17.394 -75.9743 -10.5392 67.5005
 17.4257 -76.388 -10.4381 67.5765
 17.4447 -76.6361 -10.3774 67.6516
 17.4578 -76.8182 -10.3314 67.7265
 17.4688 -76.9939 -10.2848 67.8015
 17.4753 -77.0993 -10.2568 67.8747
 17.4793 -77.1625 -10.24 67.951
 17.4817 -77.2004 -10.2299 68.0275
 17.4831 -77.2232 -10.2239 68.1034
 17.496 -77.5026 -10.1439 68.1775
 17.5038 -77.6702 -10.0959 68.2518
 17.523 -77.764 -10.0968 68.3265
 17.5491 -77.8135 -10.1271 68.4026
 17.6808 -77.7889 -10.3834 68.4777
 17.8176 -77.7468 -10.6563 68.5535
 17.9732 -77.7207 -10.9596 68.6285
 18.3094 -77.588 -11.6499 68.7034
 18.5977 -77.5002 -12.2342 68.7785
 18.799 -77.4336 -12.6448 68.8545
 19.0883 -77.3101 -13.2516 68.9285
 19.2618 -77.236 -13.6157 69.0046
 19.366 -77.1915 -13.8342 69.0795
 19.4703 -77.1438 -14.0555 69.1555
 19.6581 -77.052 -14.4594 69.2306
 19.8398 -76.9617 -14.8526 69.3056
 19.9525 -76.9742 -15.0692 69.3815
 20.0464 -77.2079 -15.1618 69.4564
 20.1207 -77.7153 -15.1109 69.5296
 20.1838 -78.1128 -15.0814 69.6055
 20.2355 -78.3443 -15.0939 69.6806
 20.2681 -78.5167 -15.0917 69.7555
 20.3057 -79.0548 -14.9639 69.8315
 20.3415 -79.7462 -14.78 69.9056
 20.363 -80.161 -14.6696 69.9794
 20.3759 -80.4098 -14.6034 70.054
 20.3836 -80.5592 -14.5637 70.1295
 20.3882 -80.6488 -14.5398 70.2045
 20.391 -80.7025 -14.5255 70.2792
 20.3927 -80.7348 -14.517 70.3543
 20.3937 -80.7541 -14.5118 70.4297
 20.3943 -80.7657 -14.5087 70.5054
 20.3946 -80.7727 -14.5069 70.58
 20.3899 -80.7723 -14.4258 70.6561
 20.3447 -80.7932 -14.2867 70.7314
 20.3698 -80.8193 -14.0145 70.8074
 20.3848 -80.835 -13.8512 70.884
 20.3796 -80.8514 -13.7231 70.9591
 20.3765 -80.8613 -13.6462 71.034
 20.3746 -80.8672 -13.6001 71.1094
 20.3745 -80.9043 -13.5627 71.1845
 20.3832 -81.2285 -13.4522 71.2598
 20.5107 -81.5988 -13.2088 71.3347
 20.9915 -82.0427 -12.5687 71.4097
 21.6776 -82.3283 -11.7481 71.4845
 22.3975 -82.3446 -10.9165 71.5597
 23.1195 -82.6074 -9.84845 71.6346
 23.4397 -82.9445 -8.60753 71.7101
 23.5756 -83.1281 -7.4331 71.7869
 23.6075 -83.2582 -6.36912 71.8618
 23.6584 -83.2582 -5.35083 71.9367
 23.7588 -83.0759 -3.88027 72.0106
 23.9174 -82.6946 -1.78882 72.0857
 23.9637 -82.3803 0.14273 72.1607
 23.9461 -82.199 1.43992 72.2348
 24.0645 -81.9745 2.34134 72.3093
 24.5167 -81.4595 3.43207 72.3836
 25.1559 -80.7932 4.53813 72.4579
 25.7054 -80.1914 5.59776 72.5327
 26.0974 -79.6543 6.85637 72.6082
 26.4575 -79.1413 8.06711 72.6834
 26.9176 -78.5226 9.37533 72.7581
 27.8019 -77.5376 10.842 72.8331
 28.8931 -76.3534 12.4161 72.9092
 29.8393 -75.1235 14.5179 72.9838
 30.5601 -73.7584 17.6182 73.0596
 31.2707 -72.3632 20.6835 73.1346
 31.9692 -71.2111 22.8487 73.2098
 32.4786 -70.4145 24.2567 73.2853
 32.8137 -69.8708 25.357 73.3596
 33.0591 -69.4427 26.3451 73.4349
 33.261 -68.9987 27.3797 73.5102
 33.5794 -68.4033 28.5166 73.5849
 34.2374 -67.4674 29.7929 73.66
 35.1921 -66.1919 31.2887 73.7355
 36.1646 -64.9028 32.7198 73.812
 36.9127 -63.9099 33.8013 73.8878
 37.5576 -63.05 34.7183 73.9645
 38.2354 -62.1359 35.6715 74.04
 38.9767 -61.1202 36.7152 74.115
 39.6887 -60.1304 37.7244 74.1897
 40.2714 -59.3119 38.5558 74.266
 40.76 -58.618 39.2581 74.3403
 41.4643 -57.5901 40.2919 74.4164
 42.4358 -56.1274 41.7555 74.4888
 43.2729 -54.8742 42.9711 74.5617
 43.9762 -53.9305 43.634 74.6367
 44.7901 -52.7662 43.9271 74.7112
 45.9254 -51.2791 44.445 74.7858
 46.9597 -49.8154 45.282 74.8598
 47.7296 -48.6773 46.0393 74.9337
 48.3527 -47.71 46.7724 75.0077
 48.959 -46.7517 47.2734 75.0837
 50.0793 -45.4707 47.2716 75.1587
 52.16 -43.5867 46.6437 75.2357
 54.3418 -41.6012 46.1069 75.3117
 55.9749 -39.7328 45.488 75.3878
 57.363 -38.0097 44.8434 75.4739
 58.4768 -36.5472 44.3649 75.5477
 59.5322 -35.0252 43.4404 75.6227
 60.7343 -33.5446 42.0398 75.6977
 61.897 -32.3104 40.929 75.773
 62.732 -31.2681 40.1932 75.848
 63.391 -30.1851 39.4666 75.9229
 63.8326 -29.0822 38.8885 75.9977
 64.2082 -28.1794 38.6934 76.0737
 64.4686 -27.4335 38.5265 76.1494
 64.6882 -26.7734 38.2276 76.2239
 64.8114 -26.0418 37.8739 76.2987
 64.9937 -25.0717 37.9187 76.3748
 65.348 -23.9649 38.4511 76.4508
 65.6863 -23.0251 39.036 76.5318
 66.0688 -22.0587 39.7737 76.6057
 66.4633 -21.1003 40.5797 76.6808
 66.8614 -20.1454 41.4275 76.755
 67.331 -19.013 42.4717 76.8298
 67.9935 -17.361 44.0267 76.9048
 68.8038 -15.2336 46.0407 76.9788
 69.4848 -13.3851 47.7918 77.0538
 69.902 -12.2499 48.8671 77.1278
 70.161 -11.5428 49.537 77.202
 70.3164 -11.1185 49.939 77.2775
 70.427 -10.8117 50.2296 77.3528
 70.4451 -10.3943 50.3751 77.4269
 70.4545 -9.80177 50.2603 77.5041
 70.5298 -9.11534 49.9064 77.591
 70.5587 -8.40452 49.531 77.6639
 70.5336 -7.45196 49.39 77.7402
 70.66 -6.2887 49.7842 77.815
 70.6984 -4.95171 50.1718 77.8898
 70.6574 -3.94438 50.351 77.9648
 70.6222 -3.30582 50.4497 78.0405
 70.6005 -2.84644 50.4605 78.1158
 70.5335 -2.40014 50.4226 78.1888
 70.329 -1.62133 50.2665 78.2638
 70.0047 -0.54278 50.0128 78.3399
 69.7304 0.341486 49.7984 78.416
 69.4713 1.21819 49.5503 78.4919
 69.1283 2.28394 49.2592 78.5672
 68.8203 3.34298 48.9167 78.6428
 68.5592 4.25495 48.6095 78.7179
 68.3864 4.91071 48.3679 78.7939
 68.197 5.53867 48.1607 78.8692
 68.0654 6.215 47.8427 78.9439
 67.949 6.72103 47.6252 79.0189
 67.8994 7.03265 47.464 79.0941
 67.8221 7.46927 47.2437 79.1689
 67.6578 8.22159 46.895 79.2449
 67.372 9.21231 46.513 79.3198
 67.0162 10.2702 46.1594 79.3959
 66.6487 11.3421 45.8012 79.4729
 66.3246 12.4044 45.3874 79.548
 66.0239 13.7297 44.7241 79.64
 65.756 14.8354 44.1846 79.7149
 65.5347 15.7437 43.7371 79.7889
 65.3405 16.5331 43.3448 79.8629
 65.1235 17.2347 43.0474 79.938
 64.9592 17.8344 42.7629 80.0129
 64.8729 18.4702 42.3445 80.0912
 64.8465 19.0948 41.8545 80.1669
 64.8159 19.502 41.5516 80.243
 64.7828 19.7788 41.361 80.319
 64.6591 20.1714 41.1847 80.3959
 64.4603 20.7643 40.9847 80.4719
 64.2204 21.3781 40.794 80.5497
 64.0462 21.8107 40.6619 80.6249
 63.9417 22.0703 40.5826 80.7008
 63.879 22.2261 40.5351 80.7764
 63.8379 22.4038 40.5482 80.8489
 63.8156 22.6206 40.623 80.924
 63.7513 23.0001 40.513 81.0002
 63.6294 23.4868 40.3794 81.0759
 63.55 23.9314 40.1708 81.1509
 63.4857 24.4631 39.8285 81.2271
 63.3767 25.0624 39.4592 81.3029
 63.1895 25.7574 39.0873 81.378
 62.9866 26.5552 38.7985 81.4539
 62.7447 27.7227 38.7021 81.529
 62.5 28.9097 38.3684 81.6041
 62.5181 29.8147 37.767 81.6844
 62.5885 30.6206 37.0717 81.7599
 62.4312 31.6408 36.3888 81.835
 61.9603 33.0608 35.6661 81.9101
 61.2917 34.7554 34.8798 81.985
 60.6062 36.268 34.2685 82.0594
 59.9593 37.655 33.7083 82.1346
 59.276 39.0959 33.1128 82.2096
 58.5325 40.5499 32.5592 82.2838
 57.7952 42.0724 31.8967 82.3589
 57.3023 43.4789 31.0089 82.4337
 57.2022 44.7847 29.6715 82.5084
 57.5097 46.0052 27.8311 82.5832
 57.9913 47.1029 25.8515 82.6584
 58.5625 48.042 23.8974 82.7336
 59.3401 48.8533 21.7532 82.8088
 60.0697 49.5356 19.8067 82.8852
 60.571 50.0246 18.4343 82.96
 60.9077 50.4661 17.3563 83.0355
 61.2404 50.9369 16.2251 83.108
 61.5618 51.2937 15.2506 83.183
 61.8085 51.5409 14.5342 83.258
 62.0634 51.7553 13.8408 83.3341
 62.4928 52.0574 12.7305 83.41
 62.9382 52.3371 11.5408 83.486
 63.282 52.5545 10.6275 83.56
 63.6523 52.7924 9.64624 83.6351
 64.0484 53.0079 8.50454 83.71
 64.335 53.1276 7.60043 83.7841
 64.5069 53.1995 7.05797 83.859
 64.6101 53.2426 6.73249 83.933
 64.672 53.2684 6.5372 84.008
 64.7091 53.2839 6.42003 84.082
 64.7558 53.3098 6.28269 84.156
 64.8687 53.3831 5.96544 84.23
 65.0445 53.5014 5.47265 84.3041
 65.2899 53.6249 4.84869 84.3781
 65.6473 53.8476 3.86654 84.4541
 66.1007 54.1546 2.5654 84.529
 66.4731 54.4129 1.47873 84.6051
 66.7629 54.6174 0.622429 84.6801
 66.9806 54.7731 -0.0276779 84.755
 67.1113 54.8665 -0.417742 84.8301
 67.1896 54.9226 -0.651781 84.9052
 67.2476 54.9644 -0.826303 84.9804
 67.2824 54.9896 -0.931016 85.0558
 67.3359 55.0294 -1.09618 85.1281
 67.4761 55.1357 -1.53684 85.2041
 67.635 55.2571 -2.04071 85.2793
 67.7937 55.3794 -2.54857 85.3543
 67.9831 55.527 -3.16203 85.4291
 68.1588 55.6649 -3.73623 85.5043
 68.3766 55.8382 -4.45925 85.5791
 68.6872 56.0902 -5.51415 85.6541
 69.0003 56.3483 -6.59695 85.7291
 69.3499 56.6429 -7.83656 85.8041
 69.726 56.9674 -9.20697 85.8795
 69.9879 57.1949 -10.1688 85.9543
 70.2034 57.4352 -11.0684 86.0292
 70.4555 57.6941 -12.0982 86.1043
 70.7684 58.005 -13.383 86.1781
 71.112 58.347 -14.823 86.2521
 71.4758 58.7157 -16.3938 86.3261
 71.8673 59.1246 -18.1521 86.4021
 72.2735 59.5655 -20.0617 86.4762
 72.6394 59.9764 -21.8507 86.5503
 72.9631 60.353 -23.4976 86.6271
 73.2872 60.7494 -25.2405 86.7021
 73.5525 61.0845 -26.7188 86.7866
 73.7291 61.3098 -27.714 86.8611
 73.9224 61.3803 -28.3948 86.9361
 74.1201 61.3498 -28.8509 87.0112
 74.3202 61.2585 -29.1721 87.0862
 74.5273 61.1389 -29.4486 87.1601
 74.7278 61.0396 -29.8773 87.2352
 75.0152 60.5956 -30.2265 87.3103
 75.2552 59.792 -30.6813 87.3881
 75.5246 58.7369 -31.2904 87.4632
 75.6613 57.6147 -32.0118 87.5391
 75.9599 56.6161 -32.387 87.6142
 76.5118 55.4794 -32.4957 87.6892
 77.2138 54.0177 -32.5727 87.7651
 77.8552 52.2759 -32.8341 87.8403
 78.6309 50.6001 -32.8804 87.9153
 79.8459 48.5172 -32.6077 87.9902
 81.1842 46.3679 -32.1927 88.0658
 82.257 44.6731 -31.8302 88.1426
 83.086 43.375 -31.534 88.2182
 83.7883 42.283 -31.2685 88.2942
 84.3201 41.4147 -31.0819 88.3684
 84.7371 40.6555 -30.9682 88.4452
 85.2895 39.7276 -30.7674 88.5193
 85.9797 38.6019 -30.4869 88.5932
 86.6577 37.4575 -30.2192 88.6672
 87.1501 36.5871 -30.0393 88.7414
 87.3717 35.9155 -30.0844 88.8172
 87.5092 35.0979 -30.2866 88.8912
 87.6837 33.9514 -30.5793 88.9652
 87.8123 32.7598 -30.9359 89.0392
 87.8564 31.9137 -31.2419 89.1142
 87.8305 31.307 -31.5266 89.1882
 87.5364 30.4239 -32.2264 89.2633
 86.9967 29.1723 -33.3387 89.3382
 86.7827 27.6451 -34.1687 89.4132
 86.9401 26.0753 -34.5766 89.4894
 87.0496 24.6542 -34.9715 89.5643
 86.8382 23.3366 -35.6789 89.6393
 86.4588 22.1311 -36.5225 89.7144
 85.9592 20.9697 -37.4708 89.7892
 85.3828 19.836 -38.4799 89.8643
 84.7713 18.7444 -39.4994 89.9392
 84.2636 17.8155 -40.3446 90.0143
 83.9164 17.2023 -41.2262 90.0903
 83.8568 17.1117 -42.8435 90.1652
 83.9198 17.2614 -44.6148 90.2403
 84.0037 17.4534 -46.0789 90.3152
 84.136 17.764 -47.725 90.3902
 84.262 18.0716 -49.189 90.4644
 84.4125 18.471 -50.912 90.539
 84.593 19.0197 -53.1616 90.6146
 84.7062 19.3677 -54.5852 90.6899
 84.7858 19.6234 -55.6241 90.766
 84.8758 19.9648 -56.9872 90.8405
 84.9514 20.2826 -58.2498 90.9144
 85.005 20.5204 -59.1928 90.989
 85.0521 20.7573 -60.1299 91.0655
 85.0885 20.956 -60.9151 91.141
 85.1117 21.0847 -61.4234 91.2159
 85.2569 20.9384 -61.663 91.2886
 85.385 20.6849 -61.8546 91.3633
 85.4806 20.5009 -61.9602 91.4387
 85.6867 20.1344 -61.9485 91.5133
 86.1602 19.3047 -61.7622 91.5885
 86.7894 18.1947 -61.4699 91.6633
 87.4714 16.9791 -61.1319 91.7393
 87.6968 15.5654 -61.284 91.8156
 87.614 13.6182 -61.8505 91.8955
 87.2918 11.3055 -62.7076 91.9713
 86.8944 9.40465 -63.5261 92.0464
 86.5396 8.12442 -64.1581 92.1214
 85.9889 6.84944 -64.9622 92.1963
 85.3338 5.2905 -65.9013 92.2715
 84.9102 3.9086 -66.5713 92.3465
 84.7488 2.82695 -66.9273 92.4213
 84.5859 1.79672 -67.2663 92.4965
 84.1153 0.709042 -67.8972 92.5714
 83.5333 -0.375787 -68.6223 92.6463
 83.0643 -1.30809 -69.2102 92.7213
 82.6142 -2.24989 -69.7736 92.7965
 81.9789 -3.60112 -70.5529 92.8734
 81.2363 -5.08482 -71.4333 92.9494
 80.6167 -6.1556 -72.1409 93.0244
 80.1577 -6.88824 -72.655 93.0994
 79.6852 -7.53044 -73.1645 93.1735
 79.1601 -8.15242 -73.7521 93.2474
 78.5791 -8.79456 -74.3711 93.3224
 78.1786 -9.27992 -74.7989 93.3977
 77.8935 -9.75939 -75.114 93.4734
 77.674 -10.6661 -75.4031 93.5494
 77.3929 -12.2058 -75.7899 93.6246
 76.9564 -13.9482 -76.3151 93.6994
 76.5087 -15.4025 -76.8185 93.7744
 76.1221 -16.6174 -77.243 93.8494
 75.7742 -18.0975 -77.6347 93.9245
 75.1711 -20.1207 -78.2527 93.9994
 74.371 -22.2237 -79.0211 94.0756
 73.6361 -23.8455 -79.7055 94.1506
 73.1834 -24.8735 -80.1269 94.2255
 72.8388 -25.6436 -80.4434 94.3002
 72.547 -26.4023 -80.7077 94.3754
 72.3847 -27.1565 -80.8558 94.4484
 72.2246 -27.9726 -80.9971 94.5235
 71.9524 -28.8782 -81.2286 94.5985
 71.5619 -29.7912 -81.5556 94.6734
 71.0731 -30.7295 -81.9599 94.7504
 70.5971 -31.7068 -82.3466 94.8258
 70.2888 -32.7021 -82.586 94.9034
 70.0933 -33.6533 -82.7266 94.9784
 69.9784 -34.5236 -82.7977 95.0535
 69.9512 -35.2693 -82.7961 95.13
 69.9868 -35.9743 -82.7399 95.2054
 69.9523 -36.8284 -82.7321 95.2916
 69.9233 -37.5184 -82.7251 95.3654
 70.0027 -38.2373 -82.6223 95.4395
 70.1984 -39.1437 -82.4065 95.5144
 70.4609 -40.1637 -82.122 95.5885
 70.6695 -40.946 -81.8957 95.6625
 70.7105 -41.5677 -81.82 95.7374
 70.6445 -42.1822 -81.8329 95.8125
 70.5434 -42.8945 -81.8651 95.8864
 70.3935 -43.6867 -81.929 95.9616
 70.2267 -44.8078 -81.9732 96.0365
 69.9286 -46.1757 -82.097 96.1116
 69.7514 -47.2438 -82.1436 96.1865
 69.6816 -48.0219 -82.1259 96.2616
 69.7118 -48.7635 -82.0237 96.3376
 69.8188 -49.5523 -81.8474 96.4125
 69.8276 -50.3152 -81.7537 96.4875
 69.6696 -51.0212 -81.8048 96.5645
 69.5634 -51.6584 -81.818 96.6396
 69.584 -52.3857 -81.7098 96.7155
 69.7442 -53.4442 -81.4344 96.7905
 69.983 -54.7031 -81.0571 96.8655
 70.2388 -55.9914 -80.6166 96.9406
 70.5033 -57.2864 -80.1732 97.0246
 70.7126 -58.3074 -79.8232 97.0985
 70.8545 -59.0485 -79.5048 97.1735
 70.9617 -59.7274 -79.0732 97.2485
 71.0523 -60.3452 -78.6456 97.3235
 71.1501 -61.1023 -78.064 97.3987
 71.2618 -62.1311 -77.1973 97.4745
 71.3793 -63.2531 -76.2795 97.5487
 71.4432 -64.2208 -75.3086 97.6227
 71.4443 -65.0725 -74.1876 97.6965
 71.3738 -65.7832 -72.9067 97.7705
 71.318 -66.4936 -71.5692 97.8446
 71.5235 -66.9842 -69.9364 97.9197
 71.9263 -67.1334 -68.3917 97.9936
 72.5186 -67.0252 -66.8019 98.0681
 73.0487 -66.9198 -65.3871 98.1429
 73.3238 -67.019 -64.044 98.218
 73.4648 -67.5696 -62.6921 98.2928
 73.4735 -68.4699 -61.0884 98.3731
 73.3851 -69.3788 -59.4665 98.4478
 73.2961 -70.1916 -58.1514 98.524
 73.3903 -70.7764 -56.7622 98.5985
 73.6828 -71.1732 -55.05 98.6739
 73.823 -71.7616 -53.5325 98.7509
 73.8546 -72.4282 -52.2351 98.8262
 73.7107 -73.2004 -50.6765 98.902
 73.9092 -73.4758 -49.0116 98.9776
 75.1539 -72.701 -47.0889 99.0527
 76.4371 -71.7829 -45.3999 99.128
 77.3642 -71.1224 -43.8261 99.2038
 78.2715 -70.4409 -42.1502 99.2796
 79.3311 -69.5813 -40.4776 99.3563
 80.1988 -68.8648 -39.0073 99.4296
 80.7771 -68.3962 -37.5926 99.5046
 81.4321 -67.8353 -36.2456 99.5804
 82.2554 -67.0968 -34.9547 99.6563
 83.0811 -66.3392 -33.7833 99.7301
 83.7637 -65.7052 -32.9052 99.8056
 84.2486 -65.2524 -32.0391 99.8806
 84.4282 -65.4418 -30.9661 99.9557
 84.373 -66.0576 -29.6327 100.03
 84.0926 -66.9173 -27.9623 100.105
 83.7596 -67.9965 -26.2862 100.179
 83.3986 -69.197 -24.6425 100.253
 82.9899 -70.5632 -22.929 100.327
 82.64 -71.7657 -21.504 100.402
 82.3686 -72.647 -20.4453 100.477
 82.1159 -73.3189 -19.5507 100.551
 81.7543 -74.0276 -18.4287 100.625
 81.4169 -74.615 -17.4299 100.699
 81.2144 -74.9675 -16.8307 100.774
 81.0839 -75.4088 -16.3687 100.85
 80.8318 -76.242 -15.5182 100.926
 80.4273 -77.212 -14.3148 101.002
 80.0115 -77.9475 -13.1817 101.077
 79.4984 -78.5626 -11.9039 101.152
 78.8319 -79.1613 -10.343 101.227
 78.1578 -79.6912 -8.813 101.302
 77.4277 -80.2063 -7.20516 101.378
 76.6449 -80.6896 -5.32436 101.453
 75.7818 -81.1824 -3.27333 101.528
 75.0165 -81.6143 -1.55649 101.603
 74.5181 -81.8738 -0.320732 101.679
 74.5764 -81.6097 1.07659 101.755
 75.2646 -80.7416 2.68707 101.829
 76.2475 -79.6013 4.25358 101.905
 77.233 -78.4783 5.61764 101.981
 78.3789 -77.1767 7.04132 102.064
 79.672 -75.6926 8.57141 102.139
 80.8057 -74.3772 9.89668 102.214
 81.5255 -73.5407 10.7372 102.289
 81.9573 -73.0388 11.2415 102.364
 82.2757 -72.5925 11.5909 102.439
 82.9161 -71.7779 12.3233 102.514
 83.6088 -70.9068 13.1275 102.593
 84.0599 -70.0024 13.5616 102.667
 84.7813 -68.8536 14.185 102.741
 85.3498 -67.6172 14.2855 102.816
 85.7018 -66.6071 14.2405 102.893
 86.0982 -65.7223 14.4333 102.967
 86.6312 -64.8033 14.918 103.043
 86.9876 -64.2033 15.2551 103.122
 87.402 -63.5754 15.7117 103.196
 87.7594 -63.0522 16.1246 103.271
 87.9919 -62.7139 16.3955 103.346
 88.2035 -62.4131 16.6508 103.421
 88.4741 -62.0367 16.9895 103.496
 88.708 -61.7128 17.2857 103.572
 88.9018 -61.4448 17.5331 103.65
 89.0891 -61.1857 17.7745 103.725
 89.2101 -60.799 17.8255 103.8
 89.3545 -60.5308 17.726 103.876
 89.6202 -60.2793 17.3407 103.952
 89.9924 -60.0193 16.7179 104.027
 90.2862 -59.8268 16.2135 104.105
 90.4606 -59.6742 15.9006 104.181
 90.5653 -59.5827 15.7128 104.258
 90.6281 -59.5278 15.6002 104.335
 90.6658 -59.4949 15.5326 104.41
 90.6846 -59.4011 15.4714 104.486
 90.6939 -59.3078 15.4244 104.562
 90.6996 -59.2519 15.3962 104.643
 90.7029 -59.2183 15.3793 104.717
 90.703 -59.1611 15.3589 104.791
 90.703 -59.1268 15.3466 104.868
 90.7031 -59.1063 15.3392 104.945
 90.7031 -59.0939 15.3348 105.019
 90.7031 -59.0865 15.3322 105.095
 90.7031 -59.0821 15.3306 105.169
 90.7031 -59.0794 15.3296 105.244
 90.7031 -59.0778 15.329 105.32
 90.7031 -59.0769 15.3287 105.395
 90.7031 -59.0763 15.3285 105.468
 90.7031 -59.0759 15.3284 105.543
 90.7031 -59.0757 15.3283 105.618
 90.7031 -59.0756 15.3282 105.693
 90.7031 -59.0755 15.3282 105.768
 90.7031 -59.0755 15.3282 105.843
 90.7031 -59.0755 15.3282 105.917
 90.7031 -59.0754 15.3282 105.992
 90.7031 -59.0754 15.3282 106.16
