 -100 -0.941591 -3.15928 40.6301
 -100 -0.960814 -3.15409 40.7081
 -100 -0.967797 -3.16894 40.7915
 -100 -0.971986 -3.17784 40.8671
 -100 -1.00542 -3.19167 40.9428
 -100 -1.04323 -3.19523 41.0185
 -100 -1.11919 -3.18314 41.0915
 -100 -1.16603 -3.11086 41.1666
 -100 -1.39975 -2.98002 41.2406
 -100 -2.13214 -2.74286 41.3158
 -100 -3.04302 -2.47476 41.3901
 -100 -3.52335 -2.03849 41.4672
 -99.6656 -3.68174 -1.45144 41.5429
 -98.1504 -3.38871 -1.06536 41.6179
 -96.1104 -3.35627 -0.980609 41.6905
 -94.1669 -3.41539 -1.23836 41.7647
 -92.6786 -3.2283 -1.24396 41.8396
 -91.7231 -3.0936 -1.2003 41.9154
 -90.8732 -3.46467 -1.05181 41.9899
 -89.6723 -3.72105 -0.760356 42.065
 -88.5556 -3.55804 -0.713636 42.1398
 -87.867 -3.44083 -0.69116 42.2175
 -87.4451 -3.39044 -0.67222 42.2938
 -87.1568 -3.43996 -0.639024 42.3699
 -86.9576 -3.52955 -0.602716 42.4476
 -86.8292 -3.60327 -0.575465 42.5227
 -86.7523 -3.64751 -0.559114 42.598
 -86.7061 -3.67405 -0.549304 42.672
 -86.6784 -3.68997 -0.543417 42.7476
 -86.6355 -3.75947 -0.523477 42.823
 -86.5139 -4.02139 -0.451227 42.898
 -86.1525 -4.40151 -0.218985 42.9706
 -85.2953 -4.59357 -0.000786465 43.0459
 -83.7712 -4.62291 -0.0131442 43.1206
 -82.2468 -4.70604 -0.121357 43.1957
 -81.3048 -4.81829 -0.169196 43.2686
 -80.7202 -4.87543 -0.239131 43.3438
 -80.3113 -4.87903 -0.404922 43.4188
 -80.0562 -4.87607 -0.525055 43.4966
 -79.8838 -4.86406 -0.638468 43.5715
 -79.753 -4.91934 -0.689466 43.6473
 -79.4654 -5.40722 -0.615318 43.7233
 -79.0522 -6.02787 -0.598041 43.7982
 -78.4725 -6.40344 -0.475134 43.8706
 -77.7413 -6.60633 -0.392621 43.9447
 -76.9764 -6.70673 -0.469776 44.0186
 -76.2867 -6.69073 -0.54018 44.0929
 -75.6697 -6.55015 -0.660639 44.1682
 -74.8848 -6.34345 -0.575091 44.2443
 -73.9922 -5.92404 -0.49131 44.3187
 -73.0865 -5.4715 -0.181439 44.395
 -72.2064 -5.16674 0.153558 44.4724
 -71.5322 -4.85317 0.377936 44.5469
 -71.1172 -4.65962 0.490997 44.6218
 -70.8682 -4.54349 0.558833 44.6974
 -70.6897 -4.53916 0.61759 44.7698
 -70.361 -5.03925 0.791738 44.8487
 -69.7105 -6.39816 1.18882 44.9238
 -68.9008 -7.49684 1.74801 44.9987
 -67.9108 -7.59677 2.21431 45.0734
 -67.1866 -7.55681 2.48731 45.1493
 -66.6839 -7.66207 2.66672 45.2246
 -66.1429 -8.23253 2.87479 45.3008
 -65.4452 -9.13539 3.03262 45.377
 -64.3907 -9.69343 3.31952 45.4497
 -62.7699 -9.96544 3.33114 45.5257
 -60.8986 -10.3757 2.92155 45.5997
 -59.2121 -11.1855 2.36193 45.675
 -57.9025 -12.0378 1.89058 45.7505
 -57.0536 -12.6041 1.55823 45.8276
 -56.5255 -12.9915 1.37184 45.9024
 -56.0685 -13.5814 1.35778 45.9775
 -55.4896 -14.5848 1.4405 46.0497
 -54.9604 -15.3014 1.30472 46.1247
 -54.5604 -15.6936 1.06086 46.1988
 -54.0419 -15.8254 0.946181 46.2726
 -53.4249 -15.6132 0.856762 46.3477
 -52.9815 -15.4197 0.783657 46.4228
 -52.5837 -15.3565 0.578937 46.4988
 -52.1713 -15.5527 0.387954 46.5745
 -51.5208 -15.6093 0.358563 46.649
 -50.3877 -15.6558 0.376418 46.7247
 -49.0023 -15.7995 0.319782 46.8004
 -47.8622 -15.7936 0.455053 46.8752
 -47.1054 -15.7526 0.546962 46.9501
 -46.567 -15.8353 0.564027 47.0252
 -46.1598 -15.9924 0.536137 47.1013
 -45.9034 -16.081 0.495371 47.1757
 -45.5707 -15.9374 0.703342 47.2488
 -45.2163 -15.6572 0.995587 47.3238
 -44.8753 -15.4803 1.27894 47.3988
 -44.5524 -15.3517 1.50875 47.4742
 -44.1025 -15.2797 1.78043 47.5489
 -43.495 -15.1336 1.91227 47.6242
 -42.8531 -14.9751 1.92441 47.6993
 -42.2494 -14.6189 2.10624 47.7767
 -41.4649 -14.1324 2.22803 47.8689
 -40.6965 -13.6638 2.27338 47.9445
 -39.9981 -13.2152 2.32149 48.0206
 -39.2783 -12.9222 2.29674 48.0958
 -38.5752 -12.8091 2.2981 48.1702
 -37.8248 -12.6697 2.32367 48.2448
 -36.8668 -12.5421 2.44044 48.3203
 -35.6502 -12.4574 2.5529 48.3953
 -34.4631 -12.5019 2.5523 48.4708
 -33.4356 -12.5738 2.49317 48.5448
 -32.6703 -12.5915 2.42657 48.6201
 -32.1484 -12.5794 2.38006 48.6949
 -31.7986 -12.5738 2.35245 48.7694
 -31.5444 -12.6423 2.33221 48.8444
 -31.3372 -12.7815 2.32357 48.9194
 -31.1686 -12.9371 2.31472 48.9941
 -31.0026 -13.1549 2.32014 49.0691
 -30.6824 -13.284 2.36901 49.1444
 -30.0609 -13.2085 2.37755 49.2195
 -29.2314 -13.1653 2.40504 49.294
 -28.3366 -13.1316 2.41778 49.3709
 -27.4975 -13.0717 2.31763 49.4461
 -26.92 -13.0513 2.21373 49.5215
 -26.5604 -13.0328 2.12567 49.5978
 -26.3447 -13.0218 2.07283 49.6727
 -26.2152 -13.0151 2.04113 49.7497
 -26.1058 -13.0907 2.04405 49.8262
 -25.9558 -13.3484 2.10439 49.902
 -25.6328 -13.8978 2.12927 49.9778
 -25.2037 -14.241 2.24245 50.0534
 -24.5417 -14.3954 2.31788 50.1287
 -23.8269 -14.9298 2.31526 50.2038
 -23.3743 -15.2712 2.29513 50.2796
 -23.0339 -15.395 2.33253 50.3555
 -22.5828 -15.1819 2.51563 50.4316
 -22.1344 -14.8472 2.73698 50.5062
 -21.8382 -14.6212 2.86271 50.5813
 -21.4969 -14.2843 3.07611 50.6562
 -21.0341 -13.8104 3.25011 50.7299
 -20.5938 -13.3611 3.35746 50.8029
 -20.2214 -12.952 3.5296 50.8769
 -19.7819 -12.4645 3.71277 50.951
 -19.2611 -11.9601 3.64203 51.0255
 -18.6525 -11.3236 3.70412 51.1003
 -17.9915 -10.6446 3.70924 51.1749
 -17.4606 -10.0947 3.72266 51.2493
 -17.0743 -9.73162 3.59837 51.3252
 -16.7885 -9.48725 3.4178 51.4008
 -16.5538 -9.37503 3.24498 51.4756
 -16.1762 -9.87948 3.30006 51.5524
 -15.6849 -10.5121 3.22662 51.6296
 -15.0941 -11.1416 2.95374 51.7062
 -14.5624 -11.5973 2.58734 51.7816
 -14.0162 -11.7496 2.25807 51.8568
 -13.2128 -11.8648 1.98977 51.9313
 -12.1146 -12.1965 1.87337 52.0071
 -10.821 -12.803 1.71143 52.081
 -9.55243 -13.3797 1.56873 52.1565
 -8.56705 -13.6989 1.34698 52.229
 -7.93683 -13.8921 1.21407 52.304
 -7.54505 -14.0012 1.10692 52.394
 -7.30997 -14.0667 1.04264 52.468
 -7.16893 -14.106 1.00407 52.544
 -7.10628 -14.0732 0.965402 52.6201
 -7.0797 -14.0254 0.934447 52.6951
 -7.06375 -13.9967 0.915874 52.7698
 -7.05418 -13.9794 0.90473 52.8476
 -7.04844 -13.9691 0.898044 52.9227
 -7.04499 -13.9629 0.894032 52.9975
 -7.04292 -13.9592 0.891625 53.0699
 -7.04168 -13.9569 0.890181 53.1439
 -7.04094 -13.9556 0.889314 53.2191
 -7.01849 -14.0112 0.904311 53.2935
 -6.97211 -14.1291 0.936597 53.3697
 -6.93332 -14.228 0.963735 53.4448
 -6.89639 -14.2807 0.952615 53.5187
 -6.81967 -14.2852 0.836265 53.5933
 -6.6379 -14.2201 0.491796 53.6681
 -6.24318 -14.3755 0.00459631 53.7443
 -5.44535 -14.8328 -0.372987 53.8184
 -4.79763 -15.1207 -0.675246 53.8946
 -4.39807 -15.322 -0.848791 53.9715
 -4.09305 -15.6139 -0.906019 54.0487
 -3.89919 -15.8176 -0.932533 54.1233
 -3.76122 -15.997 -0.93279 54.1985
 -3.64327 -16.1549 -0.945057 54.2738
 -3.55896 -16.2429 -0.980197 54.3499
 -3.43537 -16.361 -1.06117 54.4254
 -3.26401 -16.519 -1.18969 54.5
 -3.13418 -16.6002 -1.32248 54.576
 -2.97273 -16.743 -1.45438 54.6509
 -2.70908 -17.0173 -1.63811 54.7262
 -2.52671 -17.2037 -1.76841 54.8012
 -2.41728 -17.3156 -1.84659 54.8773
 -2.35163 -17.3827 -1.8935 54.95
 -3.9449 -13.1078 -3.15882 57.1993
 -3.9524 -13.0886 -3.16406 57.2746
 -3.97001 -13.0841 -3.13932 57.3508
 -3.97102 -13.1449 -3.08115 57.4284
 -3.9603 -13.2098 -3.0385 57.5049
 -3.95387 -13.2487 -3.01291 57.5796
 -3.89355 -13.4139 -2.95883 57.6563
 -3.7808 -13.7473 -2.83644 57.7317
 -3.67078 -14.3017 -2.5103 57.8068
 -3.55657 -15.0533 -2.01838 57.8818
 -3.36936 -15.819 -1.63704 57.9579
 -3.19285 -16.4504 -1.36114 58.0314
 -2.95972 -17.1739 -1.10118 58.1062
 -2.55981 -18.3288 -0.747654 58.1816
 -2.10671 -19.6303 -0.368678 58.2562
 -1.7649 -20.6146 -0.08549 58.3283
 -1.53991 -21.2634 0.100383 58.4034
 -1.22793 -22.1774 0.355887 58.4781
 -0.829374 -23.3698 0.685981 58.5538
 -0.533548 -24.2614 0.93241 58.6302
 -0.356053 -24.7963 1.08027 58.7062
 -0.21199 -25.2348 1.20127 58.7822
 -0.023195 -25.8217 1.3628 58.8574
 0.154493 -26.3803 1.51643 58.9302
 0.315864 -26.8925 1.65729 59.0084
 0.511988 -27.5253 1.83123 59.0864
 0.806584 -28.4983 2.09874 59.1653
 1.19784 -29.8271 2.46421 59.2425
 1.58241 -31.1632 2.83177 59.3202
 1.94303 -32.4452 3.18459 59.3956
 2.239 -33.5155 3.47919 59.4711
 2.43235 -34.218 3.67256 59.5473
 2.60317 -34.8506 3.84675 59.6234
 2.81348 -35.6533 4.06787 59.6988
 3.03761 -36.5288 4.30913 59.7732
 3.22395 -37.2667 4.51248 59.8484
 3.37899 -37.959 4.7295 59.9232
 3.60063 -38.923 5.01103 59.9973
 3.8445 -39.9905 5.31494 60.0692
 4.07183 -40.9987 5.59881 60.1442
 4.28739 -41.9723 5.87092 60.2182
 4.54125 -43.2405 6.24936 60.2931
 4.85691 -44.8368 6.70735 60.3677
 5.18893 -46.5717 7.19708 60.4434
 5.50148 -48.2679 7.67226 60.5197
 5.81122 -50.0375 8.16553 60.5955
 6.09752 -51.7595 8.64441 60.6711
 6.33733 -53.2657 9.06283 60.7479
 6.49005 -54.2327 9.3314 60.8228
 6.58607 -54.8444 9.50129 60.8991
 6.66977 -55.4011 9.6558 60.9734
 6.72429 -55.7667 9.75727 61.0502
 6.757 -55.9861 9.81815 61.1279
 6.77663 -56.1177 9.85468 61.206
 6.71643 -56.2734 9.79524 61.2814
 6.55401 -56.5009 9.61735 61.3564
 6.36861 -56.7775 9.36977 61.4293
 6.23922 -56.9626 9.20094 61.5044
 6.16159 -57.0737 9.09965 61.5813
 6.11919 -57.1719 9.04763 61.6565
 5.97331 -57.423 8.60605 61.7338
 5.84918 -57.6116 8.30068 61.8174
 5.787 -57.8196 8.14375 61.8917
 5.73113 -58.1534 8.0049 61.9674
 5.27834 -58.904 6.92233 62.041
 4.41678 -60.4018 3.28512 62.1169
 3.31963 -62.4147 -0.3809 62.1903
 2.63828 -64.4707 -2.46692 62.2663
 2.30554 -66.5284 -3.48906 62.3414
 2.19934 -67.7903 -4.25484 62.415
 2.3251 -68.4683 -5.08391 62.4873
 2.60568 -68.821 -5.97172 62.5623
 2.90323 -69.1425 -6.68865 62.6363
 3.11576 -69.5523 -7.0851 62.711
 3.29311 -70.4047 -7.15323 62.7903
 3.4485 -71.5884 -7.00556 62.8672
 3.55034 -72.427 -6.88093 62.9422
 3.81502 -72.8441 -7.20696 63.0186
 4.16115 -73.0139 -7.77588 63.0938
 4.37335 -73.18 -8.09917 63.1688
 4.51502 -73.2735 -8.3219 63.2448
 4.60002 -73.3295 -8.45554 63.3193
 4.66536 -73.357 -8.56449 63.3947
 4.73322 -73.361 -8.68741 63.4691
 5.05834 -73.2381 -9.33806 63.5446
 5.57554 -73.0184 -10.395 63.6219
 5.88836 -72.9188 -11.0201 63.6968
 6.07606 -72.859 -11.3952 63.7693
 6.18868 -72.8232 -11.6202 63.8444
 6.25625 -72.8017 -11.7553 63.9194
 6.29679 -72.7888 -11.8363 63.9946
 6.32111 -72.781 -11.8849 64.0695
 6.33571 -72.7764 -11.914 64.1443
 6.34447 -72.7736 -11.9315 64.2193
 6.34972 -72.7719 -11.942 64.2945
 6.35287 -72.7709 -11.9483 64.3694
 6.35476 -72.7703 -11.9521 64.4436
 6.3559 -72.7699 -11.9544 64.5185
 6.35658 -72.7697 -11.9557 64.5939
 6.35699 -72.7696 -11.9566 64.6696
 6.35723 -72.7695 -11.9571 64.746
 6.50963 -72.699 -12.2773 64.8212
 6.92897 -72.5014 -13.1702 64.8965
 7.28857 -72.3305 -13.9404 64.9684
 7.50978 -72.2925 -14.3842 65.0424
 7.6425 -72.2697 -14.6506 65.1165
 7.72214 -72.256 -14.8104 65.1919
 7.76992 -72.2478 -14.9062 65.2677
 7.79859 -72.2429 -14.9638 65.3434
 7.8573 -72.7563 -14.8523 65.4204
 7.90951 -73.2907 -14.7214 65.4971
 7.94083 -73.6114 -14.6428 65.5707
 7.95963 -73.8038 -14.5956 65.6454
 7.9709 -73.9192 -14.5674 65.7218
 7.97767 -73.9885 -14.5504 65.7965
 7.98173 -74.03 -14.5402 65.8708
 7.98416 -74.0549 -14.5341 65.9454
 7.98562 -74.0699 -14.5304 66.0209
 7.9865 -74.0789 -14.5282 66.0958
 7.98703 -74.0843 -14.5269 66.1685
 7.97374 -74.094 -14.4968 66.2435
 7.95214 -74.1064 -14.4495 66.3215
 7.89827 -74.1333 -14.3332 66.3976
 7.78385 -74.1884 -14.0879 66.4731
 7.64649 -74.2538 -13.7946 66.5486
 7.49773 -74.3086 -13.3466 66.6239
 7.45894 -74.2551 -12.6611 66.7005
 7.42332 -74.2126 -12.0947 66.7763
 7.32098 -74.1572 -11.0771 66.8513
 7.22967 -74.0329 -9.65459 66.9274
 7.1207 -73.9366 -8.38627 67.0019
 6.94366 -73.9167 -7.34675 67.078
 6.70364 -73.9605 -6.46456 67.1529
 6.45232 -74.0122 -5.60953 67.2278
 6.3858 -73.9072 -4.4125 67.3033
 6.33317 -73.7898 -3.3195 67.3788
 6.15088 -73.8447 -2.36089 67.4558
 5.94321 -74.1138 -1.5324 67.5313
 5.7627 -74.4286 -0.8855 67.6062
 5.66187 -74.6394 -0.258569 67.6835
 5.71887 -74.7492 0.521499 67.7589
 5.77942 -74.8523 1.43883 67.8362
 5.78946 -75.0459 2.49304 67.9123
 5.79432 -75.5024 3.7126 67.9867
 5.86707 -75.9134 5.07455 68.062
 6.14544 -76.026 6.57011 68.1366
 6.63591 -75.9232 8.161 68.2095
 7.28205 -75.7555 9.72542 68.2845
 7.89659 -75.5284 11.1171 68.3601
 8.45145 -75.2566 12.4044 68.435
 9.04204 -74.9074 13.6151 68.5101
 9.87382 -74.2228 14.8552 68.5845
 10.9386 -73.2366 16.2193 68.6601
 12.0429 -72.1607 17.5573 68.7366
 13.1469 -71.0465 18.8614 68.8097
 14.0644 -70.1029 19.9374 68.8865
 14.633 -69.517 20.604 68.9615
 15.0075 -69.0712 21.2415 69.0367
 15.4088 -68.5699 22.0883 69.1095
 15.9159 -67.9763 23.0203 69.1835
 16.52 -67.2803 23.9397 69.2575
 17.0576 -66.6619 24.7039 69.3322
 17.5544 -66.0894 25.3753 69.4084
 17.9391 -65.6449 25.8848 69.4834
 18.1719 -65.4114 26.1996 69.558
 18.3116 -65.2713 26.3884 69.6327
 18.4142 -65.5193 26.5931 69.7078
 18.4811 -65.7679 26.7432 69.7833
 18.5212 -65.917 26.8334 69.8574
 18.5627 -65.9863 26.9088 69.9296
 19.0192 -65.5209 27.4885 70.0058
 20.0317 -64.527 28.8073 70.0806
 21.3725 -63.6609 30.6734 70.1556
 22.3673 -63.079 32.0783 70.2286
 22.9661 -62.7634 32.9304 70.3036
 23.4233 -62.4482 33.5725 70.3796
 23.9244 -61.9646 34.2637 70.4561
 24.4178 -61.4209 34.9411 70.535
 24.7778 -61.01 35.4353 70.6106
 25.1578 -60.5662 35.9016 70.6865
 25.8528 -59.778 36.5487 70.7613
 26.9821 -58.5682 37.3159 70.8367
 28.1558 -57.1437 38.3782 70.9096
 29.1356 -55.9106 39.3671 70.9846
 29.7236 -55.1706 39.9604 71.0598
 30.0976 -54.7202 40.2885 71.1359
 30.5775 -54.3723 40.1496 71.2112
 31.0375 -54.0585 39.9651 71.2869
 31.5135 -53.5994 40.095 71.3625
 32.0022 -52.9804 40.4779 71.4374
 32.4927 -52.2303 41.0043 71.5106
 32.9168 -51.5797 41.5228 71.5856
 33.1713 -51.1894 41.8339 71.6597
 33.3957 -50.8435 42.1334 71.7345
 33.7721 -50.2551 42.6971 71.8091
 34.2083 -49.5645 43.3751 71.885
 34.6777 -48.811 44.1224 71.9596
 35.2133 -47.9662 44.9296 72.0345
 35.9661 -46.972 45.6229 72.1094
 36.9999 -45.8376 46.0518 72.1856
 38.1512 -44.6688 46.3039 72.2612
 39.5357 -43.3089 46.4747 72.3368
 40.944 -42.0004 46.4627 72.4096
 41.9313 -41.0535 46.5088 72.4856
 43.3075 -40.1914 45.5784 72.5637
 45.0056 -39.3806 43.8316 72.6387
 46.2268 -38.8055 42.5441 72.7141
 47.2122 -38.0677 42.0853 72.7893
 48.9551 -36.4917 41.6734 72.8644
 51.3508 -34.6133 40.4547 72.9435
 52.8496 -33.4637 39.634 73.0211
 53.7489 -32.7739 39.1415 73.096
 54.2885 -32.36 38.846 73.1687
 54.6771 -31.9733 38.7239 73.2437
 55.007 -31.5887 38.7622 73.3217
 55.5295 -30.7273 39.3992 73.3967
 56.0984 -29.6981 40.2792 73.4731
 56.4397 -29.0805 40.8071 73.5477
 56.6804 -28.6366 41.1952 73.625
 57.0145 -27.9778 41.8084 73.6998
 57.4698 -27.0404 42.7008 73.7763
 57.77 -26.217 43.3194 73.8534
 57.9464 -25.6294 43.6963 73.9289
 58.1228 -24.9167 44.1014 74.003
 58.3831 -24.1413 44.68 74.0778
 58.5611 -23.6264 45.0751 74.1521
 58.6679 -23.3174 45.3121 74.2297
 58.8079 -22.9576 45.6224 74.307
 59.0417 -22.3922 46.145 74.3838
 59.3804 -21.5768 46.9164 74.4581
 59.6874 -20.5042 47.6873 74.5336
 59.8448 -19.4857 48.1747 74.6092
 59.9927 -18.5699 48.6338 74.6873
 60.0214 -17.781 48.8463 74.763
 59.9465 -16.8563 48.8272 74.838
 59.8394 -16.063 48.7529 74.9132
 59.8757 -15.4387 48.5025 74.9889
 60.0896 -14.6577 47.8829 75.0646
 60.3336 -13.7721 47.1213 75.1396
 60.6936 -12.8606 46.1714 75.2156
 61.139 -11.9256 45.0764 75.2919
 61.5094 -11.0234 44.0747 75.3678
 61.741 -10.0635 43.1923 75.4425
 61.8453 -9.01013 42.3937 75.5177
 62.0151 -7.72976 41.3434 75.5932
 62.1149 -6.5452 40.4307 75.6695
 62.1891 -5.67673 39.7552 75.7459
 62.3557 -4.99166 39.0777 75.8212
 62.6083 -4.25093 38.2394 75.8974
 62.8938 -3.55956 37.3833 75.9709
 63.1297 -3.07933 36.7371 76.0448
 63.2555 -2.68307 36.2915 76.1198
 63.2711 -2.088 35.8412 76.1948
 63.3317 -1.20253 35.8355 76.2693
 63.5266 -0.0973161 36.3053 76.3471
 63.6416 0.968558 36.7303 76.4222
 63.6978 1.98536 37.1039 76.497
 63.826 3.01902 37.6558 76.5698
 64.1194 4.38984 38.6713 76.6438
 64.5611 6.04499 40.0456 76.7178
 64.9181 7.81831 41.1806 76.7924
 65.0709 9.30296 41.6654 76.868
 65.2512 10.4077 41.7297 76.943
 65.3879 11.5455 41.3521 77.0222
 65.3509 12.9737 40.7247 77.0994
 65.1978 14.7707 40.4528 77.1741
 64.9375 16.6281 40.3993 77.2498
 64.5618 18.4074 40.1311 77.3257
 64.1052 20.2902 39.6056 77.403
 63.5819 22.1653 38.9405 77.4784
 63.0723 23.8652 38.2669 77.5535
 62.6144 25.3627 37.6147 77.6293
 62.1795 26.6179 37.0954 77.7036
 61.6793 28.0435 36.452 77.7797
 61.0684 29.9307 35.4588 77.8581
 60.3589 31.8446 34.5276 77.934
 59.6872 33.5844 33.6864 78.0096
 59.1304 35.3839 32.5905 78.0865
 58.5621 37.2609 31.3868 78.1621
 57.9532 39.0092 30.3423 78.2375
 57.4427 40.5035 29.4137 78.312
 57.307 41.7695 28.1949 78.3879
 57.8038 42.959 26.1315 78.4674
 58.7149 44.012 23.5747 78.5468
 59.6098 44.8426 21.2631 78.6207
 60.3039 45.4321 19.5184 78.6947
 60.9038 45.8935 18.0476 78.7669
 61.6646 46.4108 16.2151 78.8409
 62.4839 46.9451 14.2257 78.9153
 63.1072 47.3486 12.7012 78.9879
 63.5927 47.6184 11.563 79.0638
 63.995 47.8081 10.6562 79.1379
 64.4587 47.8918 9.78022 79.2134
 64.9839 47.8642 8.87141 79.2884
 65.4324 47.892 8.03386 79.3634
 65.8824 47.8534 7.29752 79.4399
 66.5423 48.096 5.78 79.5275
 67.3815 48.5572 3.58306 79.6019
 68.0763 48.975 1.68627 79.6768
 68.5363 49.2119 0.48845 79.7499
 68.8344 49.3707 -0.298468 79.8251
 69.1003 49.4854 -0.967001 79.9028
 69.3798 49.6455 -1.74429 79.979
 69.6762 49.8413 -2.62194 80.054
 69.9805 50.0583 -3.56074 80.1319
 70.2987 50.2025 -4.41691 80.2086
 70.6326 50.4052 -5.41354 80.2861
 70.9531 50.6265 -6.42647 80.3626
 71.273 50.8671 -7.48479 80.4383
 71.5994 51.1276 -8.60621 80.5136
 71.9173 51.3916 -9.73185 80.5929
 72.2183 51.6496 -10.8261 80.667
 72.4711 51.8707 -11.7625 80.7408
 72.7293 52.1027 -12.7447 80.8153
 72.9797 52.3331 -13.7202 80.888
 73.2151 52.5541 -14.6572 80.963
 73.4645 52.7943 -15.6775 81.038
 73.7675 53.0956 -16.9611 81.1123
 74.0813 53.417 -18.3339 81.1871
 74.4041 53.7585 -19.7975 81.264
 74.6774 54.0542 -21.0676 81.34
 74.891 54.2894 -22.0796 81.4152
 75.0471 54.4636 -22.8296 81.488
 75.1959 54.634 -23.5657 81.5662
 75.3326 54.794 -24.258 81.6412
 75.4873 54.9807 -25.0677 81.7164
 75.6444 55.1751 -25.9127 81.7896
 75.8013 55.3741 -26.7794 81.8642
 75.9623 55.584 -27.6958 81.9421
 76.1411 55.8251 -28.7511 82.0191
 76.3105 56.0601 -29.7822 82.0955
 76.4988 56.3325 -30.9808 82.1723
 76.6483 56.5534 -31.9541 82.2473
 76.8181 56.8171 -33.1202 82.3234
 76.9726 57.0655 -34.2207 82.3998
 77.0652 57.2145 -34.8811 82.4771
 77.1209 57.3039 -35.2773 82.5518
 77.2003 57.2976 -35.4984 82.6339
 77.294 57.2338 -35.6144 82.7091
 77.3872 57.2611 -35.976 82.7836
 77.5326 57.3703 -36.7331 82.8582
 77.7055 57.5286 -37.7287 82.9331
 77.8952 57.6454 -38.6765 83.0085
 78.0785 57.7045 -39.5852 83.083
 78.3038 57.5899 -40.4975 83.1596
 78.5306 57.3218 -41.3275 83.2344
 78.7502 57.0245 -41.9911 83.3095
 79.0142 56.6578 -42.575 83.3864
 79.277 56.1126 -43.1687 83.4616
 79.5403 55.4685 -43.8049 83.5376
 79.8321 54.663 -44.2647 83.613
 80.34 53.4077 -44.5844 83.6872
 80.9483 51.9104 -44.8271 83.7625
 81.3268 50.4492 -45.2356 83.8372
 81.7189 49.0888 -45.5387 83.9122
 82.368 47.6886 -45.5561 83.9875
 83.2049 46.1202 -45.4256 84.0631
 84.0077 44.6093 -45.2831 84.1394
 84.8054 43.2359 -45.0652 84.2151
 85.6044 41.8876 -44.818 84.2913
 86.1204 40.119 -45.0421 84.3663
 86.5009 37.6503 -45.6744 84.4418
 87.1382 34.8459 -46.1227 84.5195
 87.833 31.962 -46.4932 84.5957
 88.1874 29.3865 -47.0763 84.6681
 87.8672 27.0198 -48.2646 84.7433
 87.1626 24.7183 -49.7904 84.8211
 86.7247 22.7287 -50.9047 84.8967
 86.5166 21.4384 -51.5452 84.9702
 86.3417 20.5924 -52.0023 85.0451
 86.1725 19.877 -52.4033 85.1218
 86.0303 18.8711 -52.8498 85.1965
 85.6905 17.686 -53.5378 85.2686
 85.2432 16.6424 -54.2863 85.3431
 84.9748 16.0162 -54.7354 85.4182
 84.8223 15.669 -55.1152 85.4923
 84.7608 15.5651 -55.748 85.5663
 84.761 15.6454 -56.6806 85.6492
 84.7858 15.7984 -57.6463 85.7237
 84.8342 16.0523 -58.8544 85.7991
 84.8754 16.2716 -59.8384 85.8736
 84.9099 16.4605 -60.6512 85.9485
 84.9367 16.612 -61.2872 86.0235
 84.968 16.8083 -62.077 86.1029
 84.9952 16.9931 -62.8109 86.178
 85.0152 17.0216 -63.3915 86.2539
 85.0635 16.6408 -63.8073 86.3297
 85.2515 15.6774 -64.0854 86.4059
 85.661 14.2713 -64.1602 86.4806
 86.2091 12.4521 -64.1293 86.5586
 86.0786 10.2847 -64.8653 86.6335
 85.5518 7.82717 -65.9603 86.7099
 85.5926 5.32011 -66.457 86.7845
 85.2861 2.88836 -67.2609 86.8593
 84.4623 0.739208 -68.5289 86.935
 83.8946 -0.730267 -69.3838 87.0105
 83.6319 -1.77648 -69.8468 87.0858
 83.608 -2.75654 -70.0471 87.1622
 83.7563 -3.76358 -70.0691 87.2398
 83.6311 -4.60993 -70.4705 87.3167
 83.2062 -5.27368 -71.9106 87.3903
 82.7795 -5.78977 -73.1773 87.4674
 82.502 -6.11149 -73.997 87.5442
 82.1615 -6.41115 -74.9282 87.6199
 81.8032 -6.73795 -75.6811 87.6956
 81.5593 -7.01195 -76.1676 87.7701
 81.4971 -7.42954 -76.4107 87.8463
 81.6552 -8.10933 -76.424 87.9217
 81.9431 -8.94743 -76.2986 87.9967
 82.35 -9.98115 -76.0583 88.0705
 82.8247 -11.1337 -75.7478 88.1464
 83.2092 -12.0586 -75.4884 88.2219
 83.3725 -12.6809 -75.4 88.2966
 83.6255 -13.4215 -75.2316 88.3693
 84.1093 -14.6695 -74.8773 88.4442
 84.763 -16.3263 -74.3768 88.5213
 85.3524 -17.8265 -73.9151 88.5963
 85.8356 -19.0648 -73.53 88.6713
 86.3548 -20.4178 -73.1033 88.7464
 86.6561 -21.8842 -72.8726 88.8219
 86.9485 -23.1608 -72.6354 88.8962
 87.3645 -24.6092 -72.2719 88.9712
 87.8482 -26.1627 -71.8307 89.0463
 88.219 -27.3349 -71.4876 89.1214
 88.4985 -28.2099 -71.2255 89.1963
 88.7094 -29.0544 -71.0226 89.2693
 88.8876 -30.0064 -70.8431 89.3461
 89.1149 -30.9567 -70.6105 89.4227
 89.4232 -32.0794 -70.2883 89.4983
 89.8684 -33.6189 -69.8075 89.5748
 90.3758 -35.3767 -69.2404 89.6527
 90.7913 -37.1603 -68.7441 89.7327
 91.1011 -38.5671 -68.3626 89.8105
 91.3979 -39.8308 -67.9919 89.8855
 91.6242 -40.8914 -67.6968 89.9606
 91.7804 -41.7252 -67.4823 90.0346
 91.8819 -42.3997 -67.2914 90.108
 91.7471 -42.9817 -67.3529 90.1824
 90.7262 -44.1687 -68.2207 90.2567
 89.5868 -45.3406 -69.1968 90.3293
 88.8779 -46.0656 -69.8041 90.4033
 88.3768 -46.5661 -70.2333 90.4773
 87.6706 -47.2147 -70.8358 90.5518
 86.7869 -47.9942 -71.5834 90.6287
 86.1797 -48.5267 -72.0962 90.7048
 85.6352 -48.9974 -72.5534 90.7828
 85.0244 -49.5169 -73.0621 90.859
 84.3203 -50.1079 -73.6433 90.9339
 83.7936 -50.5482 -74.0768 91.0131
 83.4498 -50.9603 -74.3431 91.0914
 83.3629 -51.7333 -74.3212 91.1658
 83.4865 -53.0052 -74.0276 91.2405
 83.6706 -54.2967 -73.6671 91.3157
 83.8381 -55.3537 -73.3521 91.3883
 84.0015 -56.3058 -73.0517 91.4635
 84.1945 -57.3721 -72.6974 91.5394
 84.3756 -58.4258 -72.2747 91.6142
 84.4955 -59.2485 -71.8258 91.6896
 84.6012 -60.1345 -71.2259 91.7834
 84.7624 -61.2828 -70.6156 91.8586
 84.9222 -62.3637 -70.1101 91.9345
 85.0736 -63.3689 -69.6797 92.0099
 85.234 -64.4363 -69.2554 92.0861
 85.37 -65.419 -68.472 92.1619
 85.6097 -66.0708 -67.1508 92.2377
 85.9243 -66.435 -65.8527 92.3132
 86.634 -66.2731 -64.4135 92.3877
 87.3344 -65.9999 -63.0431 92.465
 87.6132 -66.1697 -61.3107 92.5403
 87.9903 -66.1991 -59.4421 92.6144
 88.7216 -65.7909 -57.8564 92.6894
 89.4756 -65.3084 -56.3888 92.7674
 89.8717 -65.1368 -55.0577 92.8414
 90.0667 -65.2351 -53.9362 92.9157
 90.0701 -65.647 -52.5721 92.9885
 89.8182 -66.2726 -50.5819 93.0646
 89.7687 -66.6308 -48.5343 93.1394
 89.7964 -66.8016 -47.17 93.2148
 89.7053 -67.0851 -45.4177 93.2898
 89.7287 -67.2652 -43.0417 93.365
 89.6249 -67.5263 -40.8497 93.44
 89.52 -67.8105 -39.3353 93.515
 89.261 -68.2357 -37.7162 93.5906
 88.9386 -69.0978 -35.9511 93.6676
 88.731 -69.7835 -34.8658 93.7434
 88.6159 -70.3409 -34.1665 93.8196
 88.5823 -71.4906 -33.4467 93.8974
 88.5842 -73.1918 -32.6176 93.9744
 88.5719 -74.8696 -31.8088 94.0503
 88.5458 -76.0451 -31.2056 94.1256
 88.4091 -76.8991 -30.9396 94.2006
 88.2586 -77.6992 -30.7712 94.2757
 88.0616 -78.4267 -30.6729 94.3485
 87.9 -79.054 -30.4268 94.4225
 87.6654 -79.708 -29.8172 94.4975
 87.3239 -80.7635 -28.7087 94.5723
 86.9725 -81.5995 -27.6086 94.6472
 86.7735 -82.0887 -26.803 94.7217
 86.5174 -82.4995 -25.9443 94.7967
 86.2631 -82.8311 -25.1565 94.8697
 85.8807 -83.2203 -24.0718 94.9445
 85.4468 -83.6053 -22.5551 95.0189
 85.1566 -83.837 -21.0761 95.0933
 84.949 -83.9933 -19.943 95.1681
 84.983 -83.9083 -18.6108 95.2423
 85.17 -83.6329 -16.7258 95.3169
 85.3974 -83.3371 -15.2526 95.3895
 85.557 -83.1369 -14.3468 95.4645
 85.8844 -82.7893 -13.5848 95.54
 86.8139 -81.8487 -12.4253 95.6161
 88.6459 -79.9639 -10.4677 95.6887
 90.5071 -78.0118 -8.51153 95.7635
 91.6239 -76.8406 -7.33785 95.8388
 92.3086 -75.6811 -6.80423 95.9165
 92.7415 -74.1849 -6.79046 95.9899
 93.0252 -72.9702 -6.9405 96.0645
 93.2588 -72.1133 -7.13193 96.1394
 93.5546 -71.107 -7.37127 96.2152
 93.8338 -70.0181 -7.6054 96.2885
 94.0776 -69.2467 -7.72319 96.3636
 94.308 -68.6889 -7.70334 96.4385
 94.6556 -68.1168 -7.46486 96.5136
 95.1552 -67.4401 -7.00387 96.5887
 95.7842 -66.6514 -6.36296 96.6658
 96.5886 -65.6736 -5.49866 96.7421
 97.2725 -64.8458 -4.75101 96.8175
 97.8229 -64.1799 -4.14181 96.8933
 98.4905 -63.3682 -3.38546 96.9693
 98.9157 -62.8427 -2.85174 97.0442
 99.2935 -62.367 -2.33635 97.1187
 99.5761 -61.6424 -1.6114 97.1926
 99.7457 -60.9628 -0.944924 97.2673
 99.8474 -60.5305 -0.521869 97.3421
 99.9084 -60.2175 -0.130835 97.4168
 99.9451 -59.9759 0.240999 97.4895
 99.967 -59.4033 1.25616 97.5637
 99.9802 -58.6093 2.37568 97.64
 99.9881 -58.1475 3.20569 97.715
 99.9929 -57.9737 4.165 97.7902
 99.9957 -57.8174 5.43163 97.8657
 99.9974 -57.5426 6.66037 97.9409
 99.9985 -57.2402 7.90995 98.0162
 99.9991 -56.652 9.1257 98.0886
 99.9994 -55.9505 10.3085 98.1636
 99.9997 -55.5489 11.085 98.2386
 99.9998 -55.2997 11.8554 98.3163
 99.9999 -55.1451 12.7454 98.3926
 99.9999 -55.0715 13.346 98.4673
 100 -55.0274 13.7064 98.5433
 100 -55.0009 13.9226 98.6189
 100 -54.985 14.0523 98.6945
 100 -55.0328 14.3299 98.7719
 100 -55.1751 14.7728 98.8463
 100 -55.2605 15.0385 98.9316
 100 -55.3117 15.1979 99.0076
 100 -55.3424 15.2936 99.0827
 100 -55.3609 15.351 99.159
 100 -55.5123 15.516 99.2341
 100 -55.6222 15.6814 99.3085
 100 -55.6977 15.8138 99.3883
 100 -55.7715 15.9928 99.4624
 100 -55.8696 16.1761 99.5364
 100 -55.9284 16.286 99.6087
 100 -55.9637 16.352 99.6827
 100 -55.9849 16.3916 99.7587
 100 -55.9976 16.4153 99.8408
 100 -56.0052 16.4296 99.9166
 100 -56.0098 16.4381 99.9906
 100 -56.0125 16.4433 100.066
 100 -56.0142 16.4463 100.141
 100 -56.0152 16.4482 100.219
 100 -56.0158 16.4493 100.294
 100 -56.0161 16.45 100.372
 100 -56.0163 16.4504 100.447
 100 -56.0165 16.4506 100.523
 100 -56.0166 16.4507 100.598
 100 -56.0166 16.4508 100.673
 100 -56.0166 16.4509 100.751
 100 -56.0166 16.4509 100.826
 100 -56.0167 16.4509 100.903
 100 -56.0167 16.4509 100.978
 100 -56.0167 16.4509 101.054
 100 -56.0167 16.4509 101.129
 100 -56.0167 16.451 101.205
 100 -56.0167 16.451 101.281
 100 -56.0167 16.451 101.359
 100 -56.0167 16.451 101.434
 100 -56.0167 16.451 101.511
 100 -56.0167 16.451 101.589
 100 -56.0167 16.451 101.664
 100 -56.0167 16.451 101.739
 100 -56.0167 16.451 101.814
 100 -56.0167 16.451 101.891
 100 -56.0167 16.451 101.966
 100 -56.0167 16.451 102.041
 100 -56.0167 16.451 102.115
 100 -56.0167 16.451 102.187
 100 -56.0167 16.451 102.262
 100 -56.0167 16.451 102.338
 100 -56.0167 16.451 102.413
 100 -56.0167 16.451 102.488
 100 -56.0167 16.451 102.563
 100 -56.0167 16.451 102.64
 100 -56.0167 16.451 102.715
 100 -56.0167 16.451 102.788
 100 -56.0167 16.451 102.863
 100 -56.0167 16.451 102.938
 100 -56.0167 16.451 103.013
 100 -56.0167 16.451 103.188
