NaN 2700 1499 1499 15.5836
NaN 1620 1499 1498 15.6666
NaN 971 1499 1498 15.7426
NaN 583 1499 1498 15.8185
NaN 349 1499 1497 15.895
NaN 209 1499 1497 15.9676
NaN 125 1499 1497 16.0425
NaN 75 1499 1497 16.1185
NaN 45 1499 1497 16.1948
NaN 27 1499 1497 16.2685
NaN 16 1499 1497 16.3436
NaN 9 1499 1497 16.4206
NaN 5 1499 1497 16.4966
NaN 3 1499 1497 16.5696
NaN 2 1499 1497 16.6456
NaN 1 1499 1497 16.7226
NaN 0 1499 1497 16.7987
NaN 0 1499 1497 16.875
NaN 0 1499 1497 16.9475
NaN 0 1499 1497 17.0236
NaN 0 1499 1497 17.0996
NaN 0 1499 1497 17.1758
NaN 0 1499 1497 17.2486
NaN 0 1499 1497 17.3245
NaN 0 1499 1497 17.4005
NaN 0 1499 1497 17.4763
NaN 0 1499 1497 17.5476
NaN 0 1499 1497 17.6246
NaN 0 1499 1497 17.7008
NaN 0 1499 1497 17.7776
NaN 0 1499 1497 17.8532
NaN 0 1499 1497 17.9246
NaN 0 1499 1497 18.0006
NaN 0 1499 1497 18.0766
NaN 0 1499 1497 18.1518
NaN 0 1499 1497 18.2246
NaN 0 1499 1497 18.3006
NaN 0 1499 1497 18.3756
NaN 0 1499 1497 18.4509
NaN 0 1499 1497 18.5237
NaN 0 1499 1497 18.5997
NaN 0 1499 1497 18.6759
NaN 0 1499 1497 18.7486
NaN 0 1499 1497 18.8246
NaN 0 1499 1497 18.9006
NaN 0 1499 1497 18.9777
NaN 0 1499 1497 19.0539
NaN 0 1499 1497 19.1266
NaN 0 1499 1497 19.2037
NaN 0 1499 1497 19.2797
NaN 0 1499 1497 19.3558
NaN 0 1499 1497 19.4286
NaN 0 1499 1497 19.5057
NaN 0 1499 1497 19.5827
NaN 0 1499 1497 19.6607
NaN 0 1499 1497 19.7377
NaN 0 1499 1497 19.8143
NaN 0 1499 1497 19.8857
NaN 0 1499 1497 19.9617
NaN 0 1499 1497 20.0367
NaN 0 1499 1497 20.1127
NaN 0 1499 1497 20.1857
NaN 0 1499 1497 20.2807
NaN 0 1499 1497 20.3608
NaN 0 1499 1497 20.4427
NaN 0 1499 1497 20.5207
NaN 0 1499 1497 20.5988
NaN 0 1499 1497 20.6808
NaN 0 1499 1497 20.7587
NaN 0 1499 1497 20.8383
NaN 0 1499 1497 20.9107
NaN 0 1499 1497 20.9867
NaN 0 1499 1497 21.0628
NaN 0 1499 1497 21.1378
NaN 0 1499 1497 21.2141
NaN 0 1499 1497 21.2867
NaN 0 1499 1497 21.3638
NaN 0 1499 1497 21.4407
NaN 0 1499 1497 21.5177
NaN 0 1499 1497 21.6016
NaN 0 1499 1497 21.6788
NaN 0 1499 1497 21.7518
NaN 0 1499 1497 21.8277
NaN 0 1499 1497 21.9038
NaN 0 1499 1497 21.9798
NaN 0 1499 1497 22.0561
NaN 0 1499 1497 22.1288
NaN 0 1499 1497 22.2057
NaN 0 1499 1497 22.2828
NaN 0 1499 1497 22.3588
NaN 0 1499 1497 22.434
NaN 0 1499 1497 22.5057
NaN 0 1499 1497 22.5808
NaN 0 1499 1497 22.6578
NaN 0 1499 1497 22.7339
NaN 0 1499 1497 22.8068
NaN 0 1499 1497 22.8838
NaN 0 1499 1497 22.9608
NaN 0 1499 1497 23.0368
NaN 0 1499 1497 23.1136
NaN 0 1499 1497 23.1868
NaN 0 1499 1497 23.2628
NaN 0 1499 1497 23.3398
NaN 0 1499 1497 23.4168
NaN 0 1499 1497 23.4938
NaN 0 1499 1497 23.5668
NaN 0 1499 1497 23.6408
NaN 0 1499 1497 23.7169
NaN 0 1499 1497 23.7931
NaN 0 1499 1497 23.8658
NaN 0 1499 1497 23.9418
NaN 0 1499 1497 24.0188
NaN 0 1499 1497 24.0948
NaN 0 1499 1497 24.1678
NaN 0 1499 1497 24.2472
NaN 0 1499 1497 24.3248
NaN 0 1499 1497 24.4019
NaN 0 1499 1497 24.4819
NaN 0 1499 1497 24.5578
NaN 0 1499 1497 24.6333
NaN 0 1499 1497 24.706
NaN 0 1499 1497 24.7819
NaN 0 1499 1497 24.8579
NaN 0 1499 1497 24.9342
NaN 0 1499 1497 25.0059
NaN 0 1499 1497 25.0848
NaN 0 1499 1497 25.1588
NaN 0 1499 1497 25.2338
NaN 0 1499 1497 25.3086
NaN 0 1499 1497 25.3801
NaN 0 1499 1497 25.4548
NaN 0 1499 1497 25.5329
NaN 0 1499 1497 25.6082
NaN 0 1499 1497 25.686
NaN 0 1499 1497 25.761
NaN 0 1499 1497 25.837
NaN 0 1499 1497 25.9125
NaN 0 1499 1497 25.985
NaN 0 1499 1497 26.0598
NaN 0 1499 1497 26.136
NaN 0 1499 1497 26.2119
NaN 0 1499 1497 26.2849
NaN 0 1499 1497 26.3598
NaN 0 1499 1497 26.436
NaN 0 1499 1497 26.5127
NaN 0 1499 1497 26.5859
NaN 0 1499 1497 26.6689
NaN 0 1499 1497 26.7439
NaN 0 1499 1497 26.8189
NaN 0 1499 1497 26.8941
NaN 0 1499 1497 26.9659
NaN 0 1499 1497 27.0399
NaN 0 1499 1497 27.1159
NaN 0 1499 1497 27.1906
NaN 0 1499 1497 27.2619
NaN 0 1499 1497 27.3369
NaN 0 1499 1497 27.4122
NaN 0 1499 1497 27.4839
NaN 0 1499 1497 27.5591
NaN 0 1499 1497 27.6334
NaN 0 1499 1497 27.705
NaN 0 1499 1497 27.7799
NaN 0 1499 1497 27.8549
NaN 0 1500 1498 27.9312
NaN 31 1504 1501 28.0039
NaN 146 1510 1507 28.08
NaN 223 1514 1511 28.1549
NaN 271 1517 1513 28.2313
NaN 267 1517 1514 28.304
NaN 167 1513 1511 28.379
NaN 100 1506 1503 28.4573
NaN 110 1501 1497 28.53
NaN 66 1500 1494 28.6039
NaN 39 1500 1494 28.6791
NaN 23 1501 1494 28.7547
NaN 14 1501 1494 28.8269
NaN 8 1501 1495 28.9021
NaN 5 1501 1495 28.977
NaN 3 1501 1495 29.0525
NaN 1 1501 1495 29.125
NaN 1 1501 1495 29.201
NaN 0 1501 1495 29.2761
NaN 0 1501 1495 29.3517
NaN 0 1501 1495 29.423
NaN 0 1501 1495 29.4983
NaN 0 1501 1495 29.5741
NaN 0 1501 1495 29.6471
NaN 0 1500 1495 29.723
NaN 0 1500 1495 29.798
NaN 0 1500 1495 29.8725
NaN 0 1500 1495 29.944
NaN 0 1500 1495 30.019
NaN 0 1500 1495 30.0933
NaN 0 1500 1495 30.165
NaN 0 1500 1495 30.2402
NaN 0 1500 1495 30.3161
NaN 0 1500 1495 30.3912
NaN 0 1500 1495 30.464
NaN 0 1500 1495 30.5394
NaN 0 1500 1495 30.6143
NaN 0 1500 1495 30.687
NaN 0 1500 1495 30.762
NaN 0 1500 1495 30.838
NaN 0 1500 1495 30.9133
NaN 0 1500 1495 30.986
NaN 0 1500 1495 31.061
NaN 0 1500 1495 31.136
NaN 0 1500 1495 31.2117
NaN 0 1500 1495 31.2841
NaN 0 1500 1495 31.3592
NaN 0 1500 1495 31.4355
NaN 0 1500 1495 31.5082
NaN 0 1500 1495 31.5832
NaN 0 1500 1495 31.659
NaN 0 1500 1495 31.735
NaN 0 1500 1495 31.807
NaN 0 1500 1495 31.8821
NaN 0 1500 1495 31.958
NaN 0 1500 1495 32.0325
NaN 0 1500 1495 32.1041
NaN 0 1500 1495 32.178
NaN 0 1500 1495 32.2528
0 0 1500 1495 32.3251
0 0 1500 1495 32.4002
0 0 1500 1495 32.4751
0 0 1500 1495 32.551
0 0 1500 1495 32.6243
0 0 1500 1495 32.6991
0 0 1500 1495 32.7748
0 0 1500 1495 32.8473
0 0 1500 1495 32.9231
0 0 1500 1495 32.9981
0 0 1500 1495 33.0736
0 0 1499 1495 33.1461
0 0 1499 1495 33.2211
0 0 1499 1495 33.2961
0 0 1499 1495 33.3712
0 0 1499 1495 33.4442
0 1 1499 1496 33.521
0 22 1498 1496 33.5971
0 61 1498 1496 33.6736
0 124 1498 1497 33.7461
0 195 1498 1497 33.8413
0 244 1498 1497 33.9172
0 281 1498 1497 33.9926
0 308 1497 1497 34.0651
0 326 1497 1498 34.1391
0 336 1497 1498 34.2143
0 343 1497 1498 34.2885
0 347 1497 1498 34.3611
0 349 1497 1498 34.4362
0 351 1497 1498 34.5104
0 353 1497 1498 34.5822
0 357 1497 1498 34.6562
0 363 1497 1498 34.7308
0 374 1496 1498 34.8022
0 387 1496 1497 34.8772
0 411 1496 1497 34.9525
0 454 1496 1498 35.0252
0 493 1496 1498 35.1002
0 517 1496 1498 35.1752
0 535 1496 1498 35.2509
0 550 1496 1498 35.3232
0 562 1496 1498 35.3993
0 571 1496 1498 35.4739
0 582 1496 1498 35.5467
0 603 1495 1498 35.6243
0 635 1495 1498 35.7012
0 661 1495 1498 35.7762
0 680 1495 1498 35.8645
0 696 1495 1498 35.9401
0 706 1495 1498 36.0158
0 712 1495 1498 36.0883
0 716 1495 1498 36.1632
0 719 1495 1498 36.2392
0 722 1495 1498 36.3149
0 726 1495 1498 36.3872
0 729 1495 1498 36.4633
0 733 1495 1498 36.5405
0 739 1495 1498 36.6152
0 752 1495 1498 36.6896
0 779 1495 1498 36.7623
0 813 1495 1498 36.8373
0 839 1495 1498 36.9138
0 854 1495 1498 36.9853
0 867 1494 1498 37.0602
0 876 1494 1498 37.1365
0 886 1494 1498 37.2117
0 895 1494 1498 37.2842
0 906 1494 1497 37.3593
0 922 1494 1497 37.4346
0 942 1494 1497 37.5073
0 960 1493 1497 37.5822
0 974 1493 1497 37.6623
0 986 1493 1497 37.7372
0 996 1493 1497 37.8143
0 1006 1493 1496 37.8902
0 1030 1493 1497 37.9664
0 1074 1493 1497 38.0413
0 1118 1493 1497 38.1174
0 1148 1493 1497 38.1924
0 1168 1493 1497 38.2653
0 1182 1493 1497 38.3403
0 1191 1493 1497 38.4163
0 1198 1493 1497 38.4915
0 1208 1492 1497 38.5643
0 1220 1492 1497 38.6403
0 1230 1492 1497 38.7163
0 1239 1492 1497 38.7907
0 1248 1491 1497 38.8625
0 1255 1491 1497 38.9534
0 1262 1491 1496 39.0285
0 1271 1491 1496 39.1053
0 1282 1491 1497 39.1785
0 1292 1491 1497 39.2563
0 1299 1491 1497 39.3309
0 1303 1491 1496 39.4033
0 1313 1491 1497 39.4783
0 1320 1491 1497 39.5537
0 1326 1491 1497 39.6265
0 1330 1491 1497 39.7024
0 1334 1491 1497 39.7774
0 1338 1491 1497 39.8529
0 1347 1492 1497 39.9253
0 1355 1492 1497 40.0005
0 1362 1492 1496 40.0764
0 1367 1492 1496 40.1523
0 1378 1492 1496 40.2253
0 1406 1492 1496 40.3004
0 1440 1493 1496 40.3754
0 1471 1493 1496 40.4515
0 1495 1493 1495 40.5243
0 1512 1494 1495 40.6003
0 1527 1494 1495 40.6759
0 1546 1493 1495 40.7509
0 1570 1493 1495 40.8234
0 1594 1493 1495 40.9004
0 1614 1492 1495 40.9784
0 1629 1492 1494 41.0545
0 1644 1492 1494 41.1275
0 1658 1492 1494 41.2044
0 1671 1491 1494 41.2784
0 1686 1491 1494 41.3574
0 1700 1491 1494 41.4324
0 1709 1491 1494 41.5044
0 1715 1491 1494 41.5794
0 1720 1491 1493 41.6535
0 1725 1491 1493 41.728
0 1729 1491 1493 41.8005
0 1737 1490 1493 41.8764
0 1748 1490 1493 41.953
0 1756 1490 1493 42.0254
0 1764 1490 1493 42.1006
0 1775 1490 1493 42.1755
0 1784 1490 1493 42.2521
0 1795 1490 1492 42.3244
0 1811 1489 1492 42.4014
0 1824 1489 1492 42.4774
0 1832 1489 1492 42.5525
0 1837 1489 1492 42.6254
0 1850 1489 1492 42.7004
0 1870 1489 1492 42.7754
0 1882 1489 1492 42.8509
0 1890 1490 1492 42.9235
0 1895 1490 1492 42.9999
0 1899 1490 1492 43.0745
0 1905 1490 1492 43.15
0 1915 1490 1492 43.2225
0 1923 1490 1492 43.2975
0 1928 1490 1492 43.3727
0 1939 1490 1492 43.4451
0 1953 1490 1492 43.5207
0 1962 1491 1492 43.5955
0 1967 1491 1492 43.6708
0 1970 1491 1492 43.7425
0 1983 1491 1492 43.8175
0 1998 1491 1492 43.8934
0 2008 1491 1492 43.9655
0 2015 1491 1492 44.0405
0 2028 1492 1492 44.1165
0 2047 1492 1492 44.1919
0 2073 1492 1492 44.2645
0 2112 1492 1492 44.3396
0 2161 1492 1491 44.4145
0 2199 1492 1491 44.4921
0 2223 1492 1491 44.5645
0 2238 1492 1491 44.6395
0 2247 1492 1491 44.7146
0 2253 1492 1491 44.7903
0 2257 1492 1491 44.8627
0 2261 1492 1491 44.9375
0 2265 1491 1491 45.0138
0 2267 1491 1491 45.0865
0 2270 1491 1491 45.1615
0 2273 1491 1491 45.2365
0 2276 1491 1491 45.312
0 2280 1491 1491 45.3846
0 2285 1491 1491 45.4605
0 2287 1491 1490 45.5476
0 2291 1491 1490 45.6236
0 2293 1491 1490 45.6987
0 2296 1491 1490 45.7756
0 2297 1491 1490 45.8512
0 2299 1491 1490 45.9235
0 2304 1491 1490 45.9986
0 2312 1491 1490 46.0722
0 2318 1491 1490 46.1446
0 2321 1491 1490 46.2206
0 2324 1491 1490 46.2956
0 2325 1491 1489 46.3708
0 2326 1491 1489 46.4426
0 2330 1491 1490 46.5176
0 2336 1492 1490 46.5929
0 2340 1492 1490 46.6656
0 2342 1492 1490 46.7417
0 2344 1492 1490 46.8166
0 2344 1492 1490 46.8928
0 2346 1492 1490 46.9656
0 2354 1492 1490 47.0416
0 2364 1492 1490 47.1167
0 2370 1492 1490 47.1921
0 2373 1492 1490 47.2651
0 2376 1492 1490 47.3396
0 2377 1492 1490 47.4146
0 2378 1492 1490 47.4902
0 2380 1492 1490 47.5626
0 2386 1492 1490 47.6426
0 2394 1492 1491 47.7176
0 2399 1492 1491 47.7934
0 2405 1492 1490 47.8657
0 2415 1492 1490 47.9418
0 2424 1492 1490 48.0167
0 2433 1492 1490 48.0911
0 2444 1491 1490 48.1626
0 2451 1491 1490 48.2376
0 2458 1491 1490 48.3131
0 2464 1491 1490 48.3848
0 2474 1491 1490 48.4596
0 2485 1490 1490 48.5346
0 2496 1490 1490 48.6104
0 2506 1490 1490 48.6957
0 2519 1489 1490 48.7707
0 2549 1489 1490 48.8459
0 2579 1489 1490 48.9187
0 2601 1489 1490 48.9937
0 2615 1489 1490 49.0696
0 2626 1489 1490 49.1434
0 2635 1489 1490 49.2177
0 2644 1489 1490 49.2934
0 2651 1488 1490 49.3658
0 2657 1488 1490 49.4407
0 2662 1488 1490 49.5159
0 2673 1488 1490 49.5907
0 2692 1489 1491 49.6637
0 2708 1489 1491 49.7388
0 2719 1489 1491 49.8141
0 2727 1489 1491 49.8867
0 2733 1489 1491 49.9637
0 2746 1489 1491 50.0389
0 2764 1490 1491 50.1144
0 2776 1490 1491 50.1988
0 2784 1490 1491 50.2747
0 2788 1490 1491 50.3502
0 2791 1490 1491 50.4228
0 2794 1490 1491 50.4967
0 2799 1490 1491 50.5728
0 2806 1490 1491 50.6448
0 2810 1490 1491 50.7217
0 2825 1490 1491 50.8067
0 2857 1490 1491 50.8819
0 2881 1490 1491 50.9569
0 2896 1490 1491 51.0312
0 2908 1490 1491 51.1039
0 2917 1490 1491 51.1796
0 2924 1489 1491 51.2609
0 2932 1489 1491 51.336
0 2941 1489 1491 51.409
0 2949 1489 1491 51.4847
0 2955 1489 1491 51.5618
0 2971 1488 1492 51.6377
0 2986 1488 1492 51.7137
0 2997 1488 1491 51.7868
0 3008 1488 1491 51.8618
0 3037 1488 1491 51.9368
0 3075 1488 1491 52.0132
0 3103 1488 1491 52.0858
0 3121 1488 1491 52.1609
0 3135 1488 1491 52.2358
0 3148 1487 1491 52.3111
0 3159 1487 1491 52.3838
0 3168 1487 1491 52.4598
0 3175 1487 1491 52.538
0 3180 1487 1491 52.6111
0 3184 1487 1491 52.6868
0 3189 1487 1491 52.764
0 3192 1487 1491 52.8409
0 3196 1487 1491 52.9149
0 3206 1487 1491 52.9889
0 3213 1487 1491 53.0609
0 3217 1487 1491 53.1369
0 3224 1487 1491 53.2114
0 3239 1488 1491 53.284
0 3259 1488 1491 53.3591
0 3278 1488 1491 53.4346
0 3301 1489 1491 53.5071
0 3325 1489 1492 53.5829
0 3344 1489 1492 53.6588
0 3359 1489 1492 53.7352
0 3371 1490 1492 53.8078
0 3378 1490 1492 53.886
0 3383 1490 1492 53.9629
0 3386 1490 1492 54.0389
0 3390 1490 1492 54.1141
0 3404 1490 1492 54.1869
0 3422 1490 1493 54.2629
0 3443 1490 1493 54.339
0 3474 1489 1493 54.4156
0 3517 1489 1493 54.4878
0 3555 1489 1493 54.5639
0 3579 1488 1492 54.6389
0 3594 1488 1492 54.7139
0 3605 1488 1492 54.7869
0 3613 1488 1492 54.8619
0 3622 1488 1492 54.9369
0 3639 1488 1492 55.0126
0 3658 1488 1492 55.0849
0 3678 1488 1491 55.16
0 3702 1488 1491 55.2349
0 3719 1488 1491 55.3092
0 3732 1488 1491 55.3809
0 3744 1487 1491 55.4563
0 3757 1487 1491 55.5337
0 3765 1487 1491 55.6049
0 3773 1487 1491 55.6809
0 3780 1487 1491 55.7559
0 3790 1487 1491 55.8308
0 3797 1487 1491 55.9029
0 3802 1487 1491 55.978
0 3806 1487 1491 56.0532
0 3810 1487 1491 56.1259
0 3819 1487 1491 56.2009
0 3828 1487 1490 56.2759
0 3835 1487 1490 56.3508
0 3839 1487 1490 56.4239
0 3842 1487 1490 56.4989
0 3843 1487 1490 56.5739
0 3844 1487 1490 56.6493
0 3847 1487 1490 56.722
0 3854 1487 1490 56.7969
0 3858 1487 1490 56.8719
0 3861 1487 1490 56.9449
0 3865 1487 1490 57.0209
0 3870 1487 1490 57.0969
0 3879 1487 1490 57.1732
0 3890 1487 1489 57.246
0 3899 1487 1489 57.321
0 3904 1487 1489 57.3951
0 3909 1487 1489 57.4692
0 3923 1487 1489 57.542
0 3938 1487 1489 57.617
0 3952 1487 1489 57.691
0 3973 1487 1489 57.764
0 3995 1487 1489 57.839
0 4020 1486 1489 57.915
0 4048 1486 1489 57.9894
0 4073 1486 1489 58.061
0 4091 1486 1489 58.1432
0 4103 1486 1489 58.219
0 4114 1486 1489 58.294
0 4123 1486 1489 58.3699
0 4131 1486 1489 58.443
0 4137 1486 1489 58.518
0 4146 1486 1489 58.5961
0 4168 1485 1489 58.669
0 4184 1486 1489 58.744
0 4194 1485 1489 58.819
0 4201 1485 1489 58.895
0 4205 1485 1489 58.9701
0 4209 1485 1489 59.043
0 4215 1485 1489 59.119
0 4222 1485 1489 59.1961
0 4232 1485 1489 59.2713
0 4239 1485 1489 59.344
0 4243 1485 1489 59.4202
0 4246 1485 1489 59.496
0 4249 1485 1488 59.5725
0 4257 1485 1488 59.6452
0 4263 1485 1488 59.723
0 4270 1485 1488 59.8
0 4274 1485 1488 59.8761
NaN 4277 1485 1488 59.9514
NaN 4278 1485 1488 60.0231
NaN 4279 1485 1488 60.0991
NaN 4280 1485 1488 60.1767
NaN 4280 1485 1488 60.2481
NaN 4280 1485 1488 60.3231
NaN 4281 1485 1488 60.3983
NaN 4281 1485 1488 60.4734
NaN 4281 1485 1488 60.5451
NaN 4281 1485 1488 60.6201
NaN 4281 1485 1488 60.6951
NaN 4280 1485 1488 60.7706
NaN 4280 1485 1488 60.8431
NaN 4280 1485 1488 60.9191
NaN 4278 1485 1488 60.9961
NaN 4273 1486 1488 61.0725
NaN 4270 1486 1488 61.1451
NaN 4267 1486 1488 61.2203
NaN 4266 1486 1488 61.2951
NaN 4265 1486 1488 61.3712
NaN 4265 1486 1488 61.4442
NaN 4264 1486 1488 61.5203
NaN 4264 1486 1488 61.5961
NaN 4264 1486 1488 61.6714
NaN 4264 1486 1488 61.7441
NaN 4264 1486 1488 61.8181
NaN 4262 1486 1488 61.8931
NaN 4261 1486 1488 61.9676
NaN 4261 1486 1488 62.0401
1 4261 1486 1488 62.1151
1 4260 1486 1488 62.1905
1 4260 1486 1488 62.2631
1 4259 1486 1488 62.3391
1 4259 1486 1488 62.4141
1 4258 1486 1488 62.4892
1 4257 1486 1488 62.5623
1 4255 1486 1488 62.6372
1 4250 1486 1489 62.7123
1 4238 1486 1489 62.7851
1 4220 1486 1490 62.8611
1 4208 1486 1490 62.9364
1 4202 1485 1490 63.0122
1 4200 1485 1491 63.0852
1 4198 1485 1491 63.1605
1 4198 1485 1491 63.2356
1 4199 1485 1491 63.3107
1 4205 1484 1491 63.3832
1 4215 1484 1492 63.4582
1 4225 1483 1492 63.5342
1 4237 1483 1492 63.6072
1 4247 1482 1492 63.6824
1 4251 1481 1492 63.7582
1 4258 1480 1492 63.8346
1 4270 1479 1492 63.9073
1 4285 1478 1492 63.9832
1 4289 1476 1492 64.0582
1 4286 1475 1492 64.1339
1 4279 1474 1492 64.2084
1 4268 1473 1492 64.2833
1 4261 1472 1492 64.3572
1 4259 1471 1492 64.4327
1 4263 1470 1492 64.5042
1 4269 1469 1492 64.5804
1 4276 1468 1492 64.6553
1 4283 1468 1492 64.7314
1 4291 1467 1492 64.8043
1 4302 1466 1493 64.8792
1 4313 1466 1493 64.9543
1 4322 1465 1493 65.0297
1 4327 1464 1493 65.1033
1 4310 1464 1493 65.1812
1 4284 1463 1492 65.2562
1 4262 1462 1492 65.3317
1 4243 1462 1492 65.405
1 4229 1462 1492 65.4803
1 4222 1461 1492 65.5563
1 4220 1461 1492 65.6329
1 4222 1460 1492 65.7053
1 4227 1460 1492 65.7814
1 4233 1459 1492 65.8571
1 4238 1458 1492 65.9323
1 4241 1458 1492 66.0054
1 4244 1458 1492 66.0803
1 4249 1457 1492 66.1553
1 4254 1456 1493 66.2321
1 4259 1456 1493 66.3073
1 4264 1455 1493 66.3834
1 4270 1454 1493 66.4593
1 4276 1453 1493 66.5344
1 4282 1453 1493 66.6103
1 4287 1452 1494 66.6853
1 4292 1451 1494 66.7614
1 4295 1450 1494 66.8353
1 4300 1450 1494 66.9095
1 4302 1450 1493 66.9813
1 4302 1450 1493 67.0553
1 4303 1449 1493 67.1299
1 4304 1449 1492 67.2015
1 4304 1449 1492 67.277
1 4305 1449 1492 67.3509
1 4305 1449 1492 67.4233
1 4305 1449 1492 67.4974
1 4305 1449 1492 67.5731
1 4306 1449 1492 67.6453
1 4306 1449 1492 67.7205
1 4307 1449 1492 67.7975
1 4308 1448 1492 67.8732
1 4308 1448 1492 67.9464
1 4308 1448 1492 68.0215
1 4308 1448 1492 68.0973
1 4308 1448 1492 68.1728
1 4308 1448 1492 68.2454
1 4308 1448 1492 68.3204
1 4308 1448 1492 68.3954
1 4308 1448 1492 68.4709
1 4309 1448 1492 68.5434
1 4309 1448 1492 68.6184
1 4310 1448 1492 68.6938
1 4311 1448 1492 68.7664
1 4312 1447 1493 68.8414
1 4313 1447 1493 68.9154
1 4314 1447 1493 68.9898
1 4315 1447 1493 69.0614
1 4316 1446 1493 69.1374
1 4317 1446 1493 69.212
1 4318 1446 1493 69.2834
1 4319 1446 1493 69.3574
1 4321 1445 1493 69.4318
1 4322 1445 1493 69.5044
1 4323 1444 1493 69.5794
1 4323 1444 1493 69.6544
1 4323 1444 1493 69.73
1 4323 1444 1493 69.8025
1 4324 1444 1493 69.8776
1 4324 1444 1493 69.954
1 4324 1444 1493 70.0264
1 4324 1444 1493 70.1014
1 4324 1444 1493 70.1764
1 4324 1444 1493 70.252
1 4324 1444 1493 70.3244
1 4324 1444 1493 70.4015
1 4324 1444 1493 70.4764
1 4324 1444 1493 70.5514
1 4321 1444 1493 70.6259
1 4311 1443 1493 70.7115
1 4305 1443 1493 70.7867
1 4301 1442 1493 70.8601
1 4299 1442 1493 70.9345
1 4297 1442 1493 71.0103
1 4297 1442 1493 71.0825
1 4296 1442 1493 71.1595
1 4296 1442 1493 71.2353
1 4296 1442 1493 71.3075
1 4296 1442 1493 71.3835
1 4291 1441 1494 71.4595
1 4278 1441 1494 71.5342
1 4260 1440 1495 71.6065
1 4232 1440 1496 71.6855
1 4206 1439 1497 71.7605
1 4196 1438 1498 71.8356
1 4196 1438 1499 71.9101
1 4204 1437 1500 71.9815
1 4218 1437 1501 72.0567
1 4233 1437 1503 72.1319
1 4253 1438 1504 72.2045
1 4269 1438 1505 72.2805
1 4278 1438 1506 72.3565
1 4294 1438 1507 72.4333
1 4339 1440 1507 72.5075
1 4399 1441 1508 72.5845
1 4455 1442 1509 72.6595
1 4525 1443 1510 72.7346
1 4613 1445 1511 72.81
1 4710 1447 1511 72.8826
1 4804 1449 1512 72.9577
1 4900 1451 1512 73.0334
1 5010 1453 1512 73.1065
1 5116 1454 1512 73.1826
1 5226 1456 1514 73.2586
1 5347 1459 1516 73.335
1 5501 1461 1517 73.4076
1 5666 1464 1518 73.4835
1 5777 1466 1519 73.5596
1 5844 1467 1519 73.6345
1 5884 1467 1519 73.7164
1 5909 1468 1519 73.7876
1 5927 1468 1520 73.8627
1 5943 1468 1520 73.9367
1 5957 1469 1520 74.0117
1 5967 1469 1520 74.0836
1 5979 1469 1520 74.1586
1 5992 1469 1521 74.2336
1 6000 1469 1522 74.308
1 5992 1470 1523 74.3806
1 5957 1469 1524 74.4567
1 5928 1469 1526 74.5321
1 5912 1469 1526 74.6046
1 5902 1469 1527 74.6806
1 5903 1469 1527 74.7557
1 5914 1470 1528 74.8308
1 5936 1470 1528 74.9037
1 5962 1471 1529 74.9786
1 5987 1472 1530 75.054
1 6008 1472 1530 75.1312
1 6030 1473 1531 75.2037
1 6049 1474 1531 75.2786
1 6061 1474 1531 75.3547
1 6070 1474 1532 75.43
1 6085 1475 1532 75.5026
1 6110 1476 1533 75.5792
1 6136 1476 1533 75.6547
1 6156 1477 1534 75.7298
1 6168 1477 1534 75.8017
1 6176 1477 1534 75.8766
1 6189 1478 1534 75.9522
1 6220 1478 1534 76.0246
1 6272 1479 1534 76.0998
1 6314 1479 1534 76.1737
1 6340 1480 1534 76.2499
1 6362 1480 1533 76.3218
1 6389 1481 1533 76.3987
1 6419 1481 1533 76.4738
1 6458 1482 1532 76.5484
1 6505 1483 1532 76.6207
1 6549 1484 1532 76.6966
1 6586 1484 1532 76.7728
1 6623 1485 1532 76.8458
1 6651 1486 1532 76.9217
1 6673 1487 1531 76.9967
1 6689 1487 1532 77.0726
1 6705 1488 1532 77.1457
1 6716 1488 1532 77.2217
1 6721 1489 1532 77.2977
1 6725 1489 1532 77.373
1 6733 1489 1533 77.4457
1 6742 1490 1533 77.5218
1 6747 1490 1533 77.5977
1 6750 1490 1533 77.6747
1 6752 1491 1533 77.7496
1 6756 1491 1534 77.8357
1 6766 1492 1534 77.9112
1 6771 1492 1534 77.9862
1 6776 1493 1535 78.0588
1 6783 1494 1535 78.1347
1 6782 1494 1535 78.2088
1 6778 1495 1536 78.281
1 6775 1496 1536 78.3557
1 6774 1496 1536 78.4298
1 6774 1496 1536 78.5017
1 6776 1497 1536 78.5777
1 6777 1497 1536 78.6524
1 6775 1498 1536 78.7247
1 6772 1498 1537 78.8007
1 6767 1499 1537 78.8758
1 6762 1501 1537 78.9509
1 6758 1502 1538 79.0227
1 6754 1503 1538 79.0977
1 6753 1504 1538 79.1736
1 6760 1505 1539 79.2457
1 6767 1506 1540 79.3207
1 6774 1507 1540 79.3959
1 6780 1507 1541 79.4727
1 6785 1508 1541 79.5468
1 6796 1508 1541 79.6228
1 6820 1509 1540 79.6987
1 6858 1510 1540 79.7752
1 6908 1510 1540 79.852
1 6959 1511 1539 79.9269
1 7021 1512 1538 80.0021
1 7087 1513 1537 80.0777
1 7148 1514 1535 80.1508
1 7196 1515 1535 80.226
1 7238 1516 1534 80.3008
1 7285 1516 1532 80.3758
1 7326 1517 1531 80.4517
1 7353 1517 1530 80.5238
1 7371 1517 1530 80.5988
1 7383 1518 1530 80.6739
1 7397 1518 1529 80.7506
1 7412 1518 1529 80.8229
1 7440 1518 1528 80.899
1 7476 1518 1527 80.9738
1 7498 1518 1527 81.0492
1 7512 1518 1526 81.1208
1 7524 1519 1526 81.1948
1 7534 1519 1526 81.27
1 7543 1519 1525 81.3418
1 7557 1519 1525 81.4159
1 7575 1519 1525 81.4919
1 7591 1519 1524 81.5648
1 7603 1519 1524 81.6398
1 7613 1520 1523 81.7158
1 7614 1520 1523 81.7917
1 7604 1521 1522 81.8648
1 7592 1521 1522 81.9399
1 7583 1522 1521 82.0149
1 7576 1523 1521 82.0905
1 7569 1524 1520 82.163
1 7562 1524 1519 82.2379
1 7555 1525 1519 82.313
1 7544 1526 1518 82.3859
1 7527 1527 1518 82.462
1 7513 1528 1517 82.5369
1 7510 1528 1517 82.6133
1 7528 1529 1516 82.687
1 7563 1529 1514 82.7629
1 7591 1530 1513 82.8409
1 7609 1530 1512 82.9149
1 7622 1530 1512 82.9904
1 7633 1531 1511 83.0619
1 7641 1531 1511 83.1369
1 7647 1531 1510 83.2135
1 7652 1532 1509 83.2859
1 7661 1532 1509 83.361
1 7675 1532 1508 83.436
1 7692 1533 1507 83.5119
1 7704 1533 1506 83.5851
1 7712 1533 1506 83.6599
1 7722 1533 1505 83.7359
1 7737 1533 1505 83.8111
1 7762 1534 1504 83.885
1 7788 1534 1502 83.9601
1 7808 1534 1502 84.036
1 7823 1534 1501 84.1122
1 7841 1535 1500 84.1849
1 7862 1535 1499 84.2599
1 7880 1535 1498 84.335
1 7891 1535 1498 84.4104
1 7903 1535 1497 84.4829
1 7915 1535 1496 84.558
1 7927 1536 1496 84.6332
1 7937 1536 1495 84.7061
1 7947 1536 1495 84.7819
1 7956 1536 1494 84.8575
1 7962 1536 1494 84.9355
1 7964 1536 1494 85.008
1 7965 1536 1494 85.083
1 7965 1536 1493 85.1591
1 7965 1536 1493 85.234
1 7960 1537 1493 85.3103
1 7952 1537 1493 85.382
1 7944 1537 1493 85.457
1 7938 1538 1492 85.5308
1 7936 1539 1490 85.602
1 7939 1539 1489 85.678
1 7943 1540 1488 85.7522
1 7946 1540 1486 85.824
1 7953 1541 1485 85.898
1 7964 1541 1484 85.9731
1 7977 1542 1483 86.0493
1 7984 1542 1482 86.122
1 7985 1542 1481 86.1982
1 7985 1543 1480 86.2734
1 7986 1543 1480 86.3461
1 7991 1543 1479 86.421
1 7996 1543 1478 86.496
1 8000 1544 1477 86.5719
1 8004 1544 1477 86.644
1 8008 1544 1476 86.719
1 8004 1544 1475 86.795
1 7995 1543 1474 86.8702
1 7985 1543 1473 86.9431
1 7975 1542 1473 87.0206
1 7961 1542 1472 87.0961
1 7946 1541 1471 87.1712
1 7935 1540 1471 87.2451
1 7928 1540 1471 87.3211
1 7924 1540 1470 87.4024
1 7921 1540 1470 87.4777
1 7918 1539 1471 87.5501
1 7915 1539 1471 87.627
1 7919 1539 1471 87.7011
1 7940 1538 1471 87.7761
1 7972 1537 1471 87.8503
1 8011 1536 1472 87.9222
1 8056 1535 1473 87.9981
1 8085 1533 1474 88.073
1 8094 1533 1475 88.1451
1 8087 1532 1477 88.2202
1 8071 1531 1479 88.2953
1 8057 1531 1481 88.3707
1 8046 1530 1481 88.4431
1 8037 1530 1482 88.5171
1 8025 1530 1482 88.5923
1 8011 1530 1483 88.6651
1 7998 1529 1483 88.7402
1 7986 1529 1484 88.8151
1 7974 1529 1484 88.8898
1 7966 1529 1484 88.9623
1 7957 1529 1484 89.0387
1 7940 1528 1484 89.1139
1 7911 1528 1483 89.1861
1 7861 1526 1483 89.2612
1 7802 1525 1483 89.3361
1 7754 1523 1483 89.4119
1 7719 1523 1484 89.4851
1 7690 1522 1484 89.5612
1 7663 1521 1485 89.6362
1 7635 1521 1485 89.7119
1 7599 1520 1484 89.7841
1 7559 1519 1484 89.8602
1 7507 1517 1482 89.9362
1 7447 1516 1481 90.0126
1 7383 1515 1480 90.0982
1 7339 1514 1479 90.1733
1 7304 1514 1478 90.2477
1 7277 1514 1477 90.3191
1 7262 1514 1476 90.3942
1 7258 1514 1475 90.4695
1 7256 1514 1474 90.5437
1 7253 1515 1472 90.6202
1 7253 1515 1471 90.6952
1 7252 1516 1470 90.7698
1 7251 1516 1469 90.8422
1 7248 1517 1467 90.9162
1 7242 1518 1467 90.9913
1 7239 1519 1466 91.0642
1 7255 1520 1466 91.1392
1 7300 1521 1467 91.2142
1 7355 1523 1468 91.2893
1 7392 1524 1468 91.3622
1 7415 1524 1469 91.4372
1 7434 1525 1469 91.5141
1 7450 1525 1470 91.5901
1 7466 1526 1470 91.6722
1 7473 1526 1470 91.7478
1 7471 1527 1470 91.8202
1 7472 1527 1469 91.8957
1 7474 1527 1469 91.9719
1 7477 1528 1468 92.0442
1 7481 1528 1467 92.1202
1 7485 1528 1466 92.1953
1 7489 1528 1466 92.2689
1 7493 1528 1465 92.3404
1 7498 1528 1465 92.4162
1 7505 1528 1465 92.493
1 7514 1528 1465 92.5643
1 7518 1527 1465 92.6396
1 7510 1526 1464 92.7143
1 7494 1526 1464 92.7894
1 7472 1525 1463 92.8613
1 7447 1524 1462 92.9363
1 7434 1523 1461 93.0108
1 7430 1522 1461 93.0832
1 7425 1521 1461 93.1642
1 7416 1520 1460 93.2393
1 7393 1518 1459 93.3143
1 7352 1517 1458 93.3901
1 7310 1516 1457 93.4623
1 7286 1515 1456 93.5392
1 7266 1514 1456 93.6143
1 7230 1513 1455 93.6943
1 7183 1511 1454 93.7672
1 7147 1511 1453 93.8433
1 7123 1510 1453 93.9193
1 7099 1509 1452 93.9943
1 7064 1508 1452 94.0701
1 7027 1507 1451 94.1433
1 7003 1506 1450 94.2193
1 6991 1505 1450 94.2953
1 6977 1504 1449 94.3705
1 6948 1502 1449 94.4444
1 6918 1501 1448 94.5193
1 6896 1500 1447 94.5953
1 6882 1499 1447 94.6709
1 6872 1499 1447 94.744
1 6864 1499 1447 94.8194
1 6853 1498 1446 94.8954
1 6842 1497 1446 94.9697
1 6840 1497 1446 95.0413
1 6843 1496 1446 95.1189
1 6850 1496 1446 95.1999
1 6851 1495 1446 95.2749
1 6842 1494 1446 95.3475
1 6836 1493 1445 95.4224
1 6844 1491 1445 95.4973
1 6855 1490 1446 95.5741
1 6861 1490 1445 95.6463
1 6862 1489 1445 95.7223
1 6856 1488 1445 95.8114
1 6845 1488 1445 95.8864
1 6838 1487 1445 95.9626
1 6833 1486 1445 96.0376
1 6828 1485 1445 96.1136
1 6817 1483 1444 96.1866
1 6797 1482 1444 96.2614
1 6782 1481 1444 96.3383
1 6781 1480 1444 96.4144
1 6796 1479 1444 96.4915
1 6815 1478 1444 96.5654
1 6826 1477 1444 96.6407
1 6822 1477 1444 96.718
1 6800 1476 1444 96.7942
1 6773 1475 1443 96.8767
1 6754 1474 1443 96.9515
1 6737 1473 1443 97.0258
1 6723 1472 1443 97.0974
1 6714 1471 1443 97.1726
1 6711 1471 1443 97.2483
1 6716 1470 1443 97.3214
1 6725 1469 1443 97.3964
1 6733 1468 1443 97.4702
1 6720 1468 1443 97.5414
1 6692 1466 1443 97.6164
1 6663 1465 1442 97.6931
1 6646 1464 1442 97.7656
1 6636 1464 1442 97.8404
1 6633 1463 1442 97.9175
1 6638 1462 1442 97.9926
1 6645 1462 1443 98.0676
1 6654 1461 1443 98.1407
1 6664 1460 1443 98.2164
1 6672 1459 1443 98.2932
1 6677 1459 1444 98.3654
1 6680 1458 1444 98.4405
1 6678 1458 1444 98.5184
1 6642 1458 1444 98.5939
1 6602 1457 1444 98.6665
1 6573 1456 1443 98.7414
1 6548 1455 1444 98.8176
1 6527 1454 1444 98.8931
1 6511 1453 1445 98.9726
1 6496 1452 1446 99.0485
1 6483 1452 1447 99.1231
1 6471 1452 1448 99.1976
1 6461 1451 1449 99.2739
1 6452 1451 1450 99.3468
1 6446 1451 1451 99.4215
1 6451 1451 1452 99.4965
1 6470 1451 1453 99.5714
1 6503 1451 1454 99.6435
1 6542 1452 1455 99.7186
1 6560 1452 1457 99.7935
1 6565 1452 1458 99.8691
1 6566 1452 1459 99.9417
1 6568 1452 1460 100.016
1 6583 1452 1461 100.092
1 6602 1452 1462 100.165
1 6612 1452 1463 100.24
1 6613 1452 1464 100.315
1 6608 1452 1465 100.39
1 6597 1453 1466 100.463
1 6597 1453 1467 100.538
1 6606 1454 1468 100.615
1 6611 1454 1468 100.688
1 6611 1454 1469 100.764
1 6608 1454 1469 100.839
1 6604 1454 1469 100.914
1 6595 1454 1470 100.989
1 6577 1454 1471 101.062
1 6562 1454 1472 101.137
1 6552 1453 1472 101.212
1 6542 1453 1473 101.285
1 6519 1453 1474 101.359
1 6490 1453 1475 101.436
1 6467 1452 1476 101.511
1 6449 1452 1477 101.585
1 6417 1452 1478 101.66
1 6380 1451 1478 101.735
1 6349 1451 1479 101.81
1 6318 1451 1480 101.882
1 6274 1450 1480 101.961
1 6215 1449 1480 102.038
1 6168 1449 1480 102.115
1 6134 1448 1480 102.188
1 6087 1448 1480 102.263
1 6012 1447 1479 102.338
1 5951 1446 1479 102.413
1 5903 1446 1479 102.489
1 5857 1445 1480 102.562
1 5803 1445 1481 102.637
1 5758 1445 1483 102.713
1 5732 1445 1483 102.787
1 5716 1445 1484 102.863
1 5715 1445 1485 102.938
1 5731 1445 1486 103.014
1 5758 1446 1487 103.087
1 5797 1447 1488 103.177
1 5830 1449 1489 103.252
1 5824 1450 1491 103.328
1 5769 1451 1494 103.401
1 5703 1453 1497 103.477
1 5657 1455 1498 103.555
1 5627 1456 1499 103.628
1 5614 1458 1500 103.704
1 5622 1459 1500 103.779
1 5649 1461 1501 103.854
1 5696 1463 1502 103.928
1 5754 1464 1503 104
1 5801 1465 1504 104.075
1 5833 1466 1504 104.15
1 5859 1467 1505 104.226
1 5878 1467 1505 104.301
1 5890 1467 1506 104.376
1 5912 1468 1506 104.45
1 5953 1469 1507 104.523
1 5985 1469 1508 104.598
1 6004 1470 1508 104.674
1 6004 1470 1508 104.747
1 5992 1470 1508 104.822
1 5984 1469 1508 104.898
1 5977 1469 1508 104.974
1 5964 1469 1507 105.047
1 5946 1469 1507 105.122
1 5934 1469 1507 105.197
1 5927 1468 1507 105.272
1 5915 1468 1506 105.345
1 5888 1468 1506 105.42
1 5855 1467 1505 105.495
1 5832 1467 1505 105.571
1 5816 1466 1505 105.644
1 5799 1466 1505 105.72
1 5780 1466 1504 105.795
1 5766 1466 1504 105.87
1 5746 1465 1504 105.943
1 5710 1465 1504 106.021
1 5669 1464 1504 106.098
1 5633 1464 1504 106.175
1 5610 1464 1504 106.248
1 5596 1464 1504 106.323
1 5587 1464 1504 106.397
1 5581 1464 1504 106.475
1 5578 1464 1504 106.551
1 5575 1464 1504 106.627
1 5574 1464 1504 106.705
1 5573 1464 1504 106.779
1 5573 1464 1504 106.854
1 5572 1464 1504 106.929
1 5572 1464 1504 107.002
1 5571 1464 1504 107.077
1 5570 1464 1504 107.152
1 5569 1464 1504 107.225
1 5567 1464 1504 107.301
1 5560 1465 1504 107.376
1 5550 1466 1504 107.451
1 5534 1467 1503 107.524
1 5519 1468 1503 107.599
1 5499 1470 1503 107.766
