NaN 2700 1500 1498 15.3595
NaN 1620 1500 1497 15.4456
NaN 971 1500 1497 15.5215
NaN 583 1500 1496 15.5976
NaN 349 1500 1496 15.6735
NaN 209 1500 1496 15.7495
NaN 125 1500 1496 15.8256
NaN 75 1500 1496 15.9016
NaN 45 1500 1496 15.9776
NaN 27 1500 1496 16.0536
NaN 16 1500 1496 16.1306
NaN 9 1500 1496 16.2076
NaN 5 1500 1496 16.283
NaN 3 1500 1496 16.359
NaN 2 1500 1496 16.4316
NaN 1 1500 1496 16.5085
NaN 0 1500 1496 16.584
NaN 0 1500 1496 16.6565
NaN 0 1500 1496 16.7346
NaN 0 1500 1496 16.8116
NaN 0 1500 1496 16.8886
NaN 0 1500 1496 16.9656
NaN 0 1500 1496 17.0417
NaN 0 1500 1496 17.1177
NaN 0 1500 1496 17.1946
NaN 0 1500 1496 17.2726
NaN 0 1500 1496 17.3467
NaN 0 1500 1496 17.4216
NaN 0 1500 1496 17.4969
NaN 0 1500 1496 17.5697
NaN 0 1500 1496 17.6456
NaN 0 1500 1496 17.7217
NaN 0 1500 1496 17.7976
NaN 0 1500 1496 17.8746
NaN 0 1500 1496 17.9587
NaN 0 1500 1496 18.0376
NaN 0 1500 1496 18.1147
NaN 0 1500 1496 18.193
NaN 0 1500 1496 18.2706
NaN 0 1500 1496 18.3457
NaN 0 1500 1496 18.4216
NaN 0 1500 1496 18.4985
NaN 0 1500 1496 18.5706
NaN 0 1500 1496 18.6467
NaN 0 1500 1496 18.7227
NaN 0 1500 1496 18.7987
NaN 0 1500 1496 18.8717
NaN 0 1500 1496 18.9497
NaN 0 1500 1496 19.0288
NaN 0 1500 1496 19.1058
NaN 0 1500 1496 19.1826
NaN 0 1500 1496 19.2587
NaN 0 1500 1496 19.3347
NaN 0 1500 1496 19.4117
NaN 0 1500 1496 19.4988
NaN 0 1500 1496 19.5796
NaN 0 1500 1496 19.6557
NaN 0 1500 1496 19.7327
NaN 0 1500 1496 19.8087
NaN 0 1500 1496 19.8838
NaN 0 1500 1496 19.9587
NaN 0 1500 1496 20.0337
NaN 0 1500 1496 20.1087
NaN 0 1500 1496 20.1847
NaN 0 1500 1496 20.2598
NaN 0 1500 1496 20.3358
NaN 0 1500 1496 20.4127
NaN 0 1500 1496 20.4887
NaN 0 1500 1496 20.5657
NaN 0 1500 1496 20.6418
NaN 0 1500 1496 20.7178
NaN 0 1500 1496 20.7967
NaN 0 1500 1496 20.8738
NaN 0 1500 1496 20.9508
NaN 0 1500 1496 21.0278
NaN 0 1500 1496 21.1037
NaN 0 1500 1496 21.1798
NaN 0 1500 1496 21.2557
NaN 0 1500 1496 21.3317
NaN 0 1500 1496 21.4087
NaN 0 1500 1496 21.4847
NaN 0 1500 1496 21.5618
NaN 0 1500 1496 21.6377
NaN 0 1500 1496 21.7148
NaN 0 1500 1496 21.7918
NaN 0 1500 1496 21.8678
NaN 0 1500 1496 21.9443
NaN 0 1500 1496 22.0198
NaN 0 1500 1496 22.0958
NaN 0 1500 1496 22.1718
NaN 0 1500 1496 22.2478
NaN 0 1500 1496 22.3238
NaN 0 1500 1496 22.3998
NaN 0 1500 1496 22.4768
NaN 0 1500 1496 22.5518
NaN 0 1500 1496 22.6278
NaN 0 1500 1496 22.7038
NaN 0 1500 1496 22.7788
NaN 0 1500 1496 22.8559
NaN 0 1500 1496 22.9318
NaN 0 1500 1496 23.0079
NaN 0 1500 1496 23.0838
NaN 0 1500 1496 23.1598
NaN 0 1500 1496 23.2358
NaN 0 1500 1496 23.3118
NaN 0 1500 1496 23.3879
NaN 0 1500 1496 23.4639
NaN 0 1500 1496 23.5398
NaN 0 1500 1496 23.6149
NaN 0 1500 1496 23.6909
NaN 0 1500 1496 23.7948
NaN 0 1500 1496 23.8708
NaN 0 1500 1496 23.9458
NaN 0 1500 1496 24.0229
NaN 0 1500 1496 24.0971
NaN 0 1500 1496 24.1698
NaN 0 1500 1496 24.2438
NaN 0 1500 1496 24.3188
NaN 0 1500 1496 24.3938
NaN 0 1500 1496 24.4678
NaN 0 1500 1496 24.5428
NaN 0 1500 1496 24.6199
NaN 0 1500 1496 24.6948
NaN 0 1500 1496 24.7719
NaN 0 1500 1496 24.847
NaN 0 1500 1496 24.9219
NaN 0 1500 1496 24.9992
NaN 0 1500 1496 25.0728
NaN 0 1500 1496 25.1478
NaN 0 1500 1496 25.2229
NaN 0 1500 1496 25.2978
NaN 0 1500 1496 25.3729
NaN 0 1500 1496 25.4479
NaN 0 1500 1496 25.5229
NaN 0 1500 1496 25.6058
NaN 0 1500 1496 25.682
NaN 0 1500 1496 25.7569
NaN 0 1500 1496 25.8319
NaN 0 1500 1496 25.9079
NaN 0 1500 1496 25.984
NaN 0 1500 1496 26.0569
NaN 0 1500 1496 26.1326
NaN 0 1499 1496 26.2069
NaN 33 1496 1496 26.283
NaN 106 1493 1498 26.3559
NaN 122 1492 1500 26.4309
NaN 102 1493 1501 26.5079
NaN 106 1493 1501 26.583
NaN 175 1493 1499 26.6579
NaN 235 1491 1500 26.732
NaN 212 1490 1503 26.8059
NaN 241 1494 1506 26.8804
NaN 341 1501 1508 26.9548
NaN 424 1506 1508 27.0299
NaN 483 1507 1505 27.1051
NaN 484 1502 1502 27.18
NaN 447 1498 1499 27.2549
NaN 346 1495 1498 27.331
NaN 208 1494 1499 27.4059
NaN 124 1494 1500 27.4818
NaN 74 1496 1499 27.559
NaN 44 1497 1498 27.6377
NaN 26 1498 1498 27.7102
NaN 16 1499 1497 27.7839
NaN 9 1499 1497 27.8599
NaN 5 1499 1497 27.934
NaN 3 1499 1497 28.008
NaN 2 1499 1497 28.0863
NaN 1 1499 1497 28.1629
NaN 0 1499 1497 28.239
NaN 0 1499 1497 28.317
NaN 0 1499 1497 28.392
NaN 0 1499 1497 28.4679
NaN 0 1499 1497 28.5446
NaN 0 1499 1497 28.617
NaN 0 1499 1497 28.693
NaN 0 1499 1497 28.7691
NaN 0 1499 1497 28.8431
NaN 0 1499 1497 28.917
NaN 0 1499 1497 28.992
NaN 0 1499 1497 29.0661
NaN 0 1499 1497 29.1401
NaN 0 1499 1497 29.2159
NaN 0 1499 1497 29.287
NaN 0 1499 1497 29.3612
NaN 0 1499 1497 29.437
NaN 0 1499 1497 29.512
NaN 0 1499 1497 29.586
NaN 0 1499 1497 29.6659
NaN 0 1499 1497 29.7414
NaN 0 1499 1497 29.8167
NaN 0 1499 1497 29.889
NaN 0 1499 1497 29.9642
NaN 0 1499 1497 30.0392
NaN 0 1499 1497 30.1141
NaN 0 1499 1497 30.1894
NaN 0 1499 1497 30.2641
NaN 0 1499 1497 30.341
NaN 0 1499 1497 30.4166
NaN 0 1499 1497 30.491
NaN 0 1499 1497 30.5662
0 0 1499 1497 30.6411
0 0 1499 1497 30.7286
0 0 1499 1497 30.8001
0 0 1499 1497 30.877
0 0 1499 1497 30.952
0 0 1499 1497 31.028
0 0 1499 1497 31.1033
0 0 1499 1497 31.1778
0 0 1499 1497 31.2491
0 0 1498 1498 31.3243
0 0 1497 1498 31.4013
0 0 1497 1498 31.4771
0 15 1497 1499 31.5522
0 83 1497 1499 31.6274
0 175 1497 1499 31.7016
0 262 1497 1499 31.7766
0 329 1497 1499 31.8481
0 372 1497 1499 31.9243
0 410 1497 1499 31.9991
0 464 1497 1499 32.0742
0 514 1497 1499 32.1501
0 545 1497 1499 32.2261
0 564 1497 1499 32.3031
0 577 1497 1499 32.3801
0 586 1497 1499 32.4571
0 592 1497 1499 32.5321
0 596 1497 1499 32.6084
0 598 1497 1499 32.6839
0 599 1497 1499 32.7571
0 601 1497 1499 32.8322
0 606 1497 1499 32.9071
0 623 1496 1499 32.9828
0 661 1496 1499 33.0572
0 730 1496 1499 33.1301
0 798 1496 1499 33.2051
0 841 1496 1499 33.28
0 867 1496 1499 33.3557
0 885 1496 1499 33.4283
0 897 1496 1499 33.5051
0 905 1496 1499 33.5812
0 911 1496 1499 33.6572
0 924 1496 1499 33.7322
0 942 1495 1499 33.8071
0 968 1495 1499 33.8811
0 1001 1495 1499 33.9559
0 1036 1495 1499 34.0273
0 1067 1495 1499 34.1021
0 1094 1495 1499 34.1772
0 1130 1495 1499 34.2532
0 1170 1495 1499 34.3292
0 1211 1496 1499 34.405
0 1250 1496 1500 34.4812
0 1281 1496 1500 34.5564
0 1299 1496 1500 34.6313
0 1310 1496 1500 34.7062
0 1318 1496 1500 34.7853
0 1333 1496 1500 34.8608
0 1363 1495 1500 34.9357
0 1399 1494 1501 35.0082
0 1444 1494 1501 35.0832
0 1476 1494 1501 35.1582
0 1499 1494 1501 35.2342
0 1523 1494 1501 35.3103
0 1554 1493 1502 35.3862
0 1602 1493 1502 35.4624
0 1675 1493 1502 35.537
0 1759 1492 1501 35.6093
0 1835 1492 1501 35.6842
0 1894 1491 1501 35.7603
0 1932 1491 1501 35.8364
0 1956 1491 1500 35.9114
0 1976 1490 1500 35.9862
0 2002 1490 1500 36.0614
0 2026 1489 1500 36.1357
0 2044 1489 1500 36.2072
0 2068 1489 1500 36.2812
0 2095 1489 1500 36.3562
0 2115 1489 1500 36.4313
0 2133 1489 1500 36.5083
0 2152 1489 1500 36.5832
0 2181 1489 1500 36.6582
0 2232 1489 1500 36.7333
0 2294 1489 1500 36.8093
0 2346 1489 1500 36.8843
0 2380 1489 1500 36.9593
0 2404 1489 1500 37.0343
0 2422 1489 1500 37.1103
0 2434 1489 1500 37.1853
0 2449 1489 1500 37.2608
0 2465 1489 1500 37.3352
0 2480 1489 1500 37.4083
0 2495 1489 1501 37.4833
0 2515 1489 1501 37.5584
0 2542 1489 1501 37.6333
0 2571 1489 1501 37.7083
0 2598 1490 1501 37.7864
0 2634 1490 1501 37.8783
0 2668 1490 1501 37.9543
0 2700 1490 1501 38.0293
0 2732 1491 1501 38.1043
0 2764 1491 1501 38.1793
0 2797 1491 1501 38.2543
0 2840 1491 1501 38.3295
0 2895 1491 1501 38.4043
0 2949 1491 1501 38.4793
0 2995 1491 1501 38.5533
0 3029 1491 1501 38.6295
0 3053 1491 1501 38.7033
0 3069 1491 1501 38.7784
0 3080 1491 1501 38.8534
0 3089 1491 1501 38.9283
0 3097 1491 1501 39.0041
0 3104 1491 1501 39.0784
0 3119 1490 1501 39.1533
0 3147 1490 1501 39.2283
0 3184 1491 1501 39.3036
0 3224 1491 1501 39.3803
0 3262 1491 1501 39.4554
0 3288 1491 1501 39.5313
0 3304 1491 1501 39.6064
0 3314 1491 1501 39.6834
0 3320 1491 1501 39.7606
0 3325 1491 1501 39.8354
0 3331 1490 1501 39.9114
0 3346 1490 1501 39.9874
0 3365 1490 1501 40.0626
0 3395 1490 1501 40.1384
0 3427 1489 1501 40.2134
0 3448 1489 1501 40.2894
0 3463 1489 1501 40.3654
0 3483 1489 1501 40.4404
0 3503 1489 1501 40.5154
0 3517 1490 1501 40.5905
0 3532 1490 1502 40.6664
0 3553 1490 1502 40.7401
0 3573 1490 1502 40.8136
0 3590 1491 1502 40.8856
0 3609 1491 1502 40.9596
0 3633 1491 1502 41.0345
0 3660 1492 1502 41.1094
0 3690 1492 1502 41.1836
0 3714 1493 1502 41.2597
0 3731 1493 1502 41.3344
0 3744 1493 1502 41.4094
0 3755 1493 1502 41.4845
0 3772 1493 1502 41.5614
0 3794 1492 1502 41.6384
0 3820 1492 1502 41.7154
0 3844 1492 1501 41.7905
0 3869 1491 1501 41.8665
0 3905 1491 1501 41.9441
0 3954 1491 1501 42.0155
0 4013 1491 1501 42.0906
0 4070 1490 1501 42.1655
0 4114 1490 1500 42.241
0 4142 1490 1500 42.3305
0 4160 1490 1500 42.4025
0 4171 1490 1500 42.4775
0 4177 1490 1500 42.5535
0 4180 1490 1500 42.6295
0 4181 1490 1500 42.7045
0 4182 1490 1500 42.7805
0 4182 1490 1500 42.8565
0 4182 1490 1500 42.9315
0 4182 1490 1500 43.0065
0 4183 1490 1500 43.0811
0 4183 1490 1500 43.1556
0 4183 1490 1500 43.2277
0 4184 1490 1500 43.3035
0 4186 1490 1500 43.3795
0 4188 1490 1500 43.4535
0 4189 1490 1500 43.5275
0 4193 1490 1500 43.6027
0 4201 1490 1500 43.6788
0 4219 1490 1500 43.7525
0 4254 1489 1499 43.8275
0 4284 1489 1499 43.905
0 4302 1489 1499 43.9835
0 4315 1489 1499 44.0575
0 4324 1489 1499 44.1325
0 4330 1489 1499 44.2075
0 4336 1488 1499 44.2835
0 4339 1488 1499 44.3595
0 4345 1488 1499 44.4345
0 4353 1488 1499 44.5096
0 4358 1488 1499 44.5857
0 4366 1488 1499 44.6607
0 4378 1488 1498 44.7356
0 4386 1488 1498 44.8105
0 4391 1488 1498 44.8865
0 4394 1488 1498 44.962
NaN 4395 1488 1498 45.0368
NaN 4397 1488 1498 45.1085
NaN 4397 1488 1498 45.1845
NaN 4396 1488 1498 45.2596
NaN 4395 1488 1498 45.3369
NaN 4395 1488 1498 45.4116
NaN 4395 1488 1498 45.4866
NaN 4395 1488 1498 45.5607
NaN 4395 1488 1498 45.6354
NaN 4392 1488 1498 45.7066
NaN 4391 1488 1498 45.7816
NaN 4390 1488 1498 45.8566
NaN 4389 1488 1498 45.9308
NaN 4389 1488 1498 46.0086
NaN 4388 1488 1498 46.0836
NaN 4388 1488 1498 46.1596
NaN 4388 1488 1498 46.2346
NaN 4387 1488 1498 46.3106
NaN 4387 1488 1498 46.3856
NaN 4386 1488 1498 46.4618
NaN 4384 1488 1498 46.5368
NaN 4370 1489 1498 46.6097
NaN 4351 1489 1498 46.6846
NaN 4339 1490 1498 46.7598
NaN 4332 1490 1497 46.8348
NaN 4328 1490 1497 46.9107
NaN 4325 1490 1497 46.9856
NaN 4323 1490 1497 47.0611
NaN 4323 1491 1497 47.1365
1 4322 1491 1497 47.2086
1 4322 1491 1497 47.2846
1 4321 1491 1497 47.3596
1 4321 1491 1497 47.4378
1 4321 1490 1497 47.5144
1 4322 1490 1497 47.5897
1 4324 1490 1497 47.6646
1 4329 1490 1498 47.7407
1 4334 1490 1498 47.8158
1 4339 1489 1498 47.8907
1 4348 1489 1498 47.9678
1 4356 1488 1499 48.0432
1 4366 1488 1499 48.1157
1 4384 1487 1499 48.1907
1 4405 1486 1499 48.2646
1 4420 1485 1499 48.3401
1 4430 1485 1500 48.4155
1 4444 1484 1500 48.4877
1 4462 1484 1500 48.5637
1 4475 1483 1500 48.6397
1 4483 1483 1500 48.7157
1 4490 1482 1500 48.7917
1 4498 1482 1500 48.8667
1 4506 1481 1501 48.9445
1 4514 1481 1501 49.023
1 4523 1481 1501 49.1023
1 4536 1480 1501 49.1778
1 4553 1479 1501 49.2517
1 4571 1478 1501 49.3298
1 4587 1477 1502 49.4047
1 4600 1476 1502 49.4807
1 4609 1476 1502 49.5567
1 4617 1476 1502 49.6328
1 4626 1475 1502 49.7077
1 4636 1474 1502 49.7828
1 4645 1474 1503 49.8577
1 4652 1473 1503 49.9318
1 4662 1473 1503 50.0057
1 4673 1472 1503 50.0812
1 4683 1471 1503 50.1555
1 4692 1471 1504 50.2267
1 4704 1470 1504 50.3017
1 4718 1469 1504 50.3768
1 4733 1467 1504 50.4528
1 4747 1466 1505 50.5288
1 4761 1465 1505 50.6048
1 4774 1464 1505 50.6811
1 4785 1463 1506 50.7568
1 4792 1462 1506 50.8318
1 4796 1461 1506 50.9078
1 4800 1461 1506 50.9827
1 4802 1461 1506 51.0598
1 4804 1461 1506 51.14
1 4804 1460 1506 51.2158
1 4802 1460 1506 51.2909
1 4794 1460 1506 51.3658
1 4786 1460 1506 51.4416
1 4780 1460 1506 51.518
1 4777 1460 1506 51.5909
1 4775 1460 1506 51.6658
1 4768 1460 1505 51.7544
1 4763 1459 1505 51.8258
1 4760 1459 1505 51.9018
1 4757 1459 1505 51.976
1 4737 1458 1504 52.0509
1 4698 1457 1502 52.1269
1 4649 1456 1499 52.2034
1 4618 1454 1498 52.2777
1 4603 1453 1497 52.3499
1 4598 1452 1497 52.4238
1 4604 1451 1496 52.4996
1 4617 1451 1495 52.5732
1 4630 1451 1495 52.645
1 4640 1451 1495 52.7198
1 4648 1450 1494 52.8019
1 4655 1449 1495 52.8758
1 4659 1448 1495 52.9509
1 4671 1448 1494 53.0278
1 4687 1448 1494 53.103
1 4696 1448 1494 53.1789
1 4703 1448 1494 53.2538
1 4707 1448 1494 53.3289
1 4709 1448 1493 53.4038
1 4712 1448 1493 53.4779
1 4727 1448 1493 53.5539
1 4750 1448 1492 53.6309
1 4764 1448 1492 53.7058
1 4773 1448 1491 53.7809
1 4778 1448 1491 53.8559
1 4781 1448 1491 53.9289
1 4783 1448 1491 54.0039
1 4784 1448 1491 54.0789
1 4785 1448 1491 54.1539
1 4785 1448 1491 54.229
1 4785 1448 1491 54.3039
1 4785 1448 1491 54.3779
1 4785 1448 1491 54.4529
1 4786 1448 1491 54.5269
1 4786 1448 1491 54.6039
1 4786 1448 1491 54.6781
1 4786 1448 1491 54.7549
1 4792 1448 1491 54.8299
1 4811 1448 1490 54.905
1 4827 1449 1490 54.9792
1 4837 1449 1489 55.0531
1 4843 1449 1489 55.126
1 4847 1449 1489 55.2019
1 4849 1449 1489 55.2769
1 4850 1449 1489 55.3531
1 4853 1448 1489 55.43
1 4855 1448 1489 55.506
1 4857 1448 1489 55.5826
1 4858 1447 1489 55.6549
1 4858 1447 1489 55.7309
1 4858 1447 1489 55.8061
1 4859 1447 1489 55.8826
1 4859 1447 1489 55.9549
1 4859 1447 1489 56.0299
1 4859 1447 1489 56.1052
1 4859 1447 1489 56.1802
1 4858 1447 1489 56.2585
1 4857 1447 1489 56.3309
1 4855 1447 1489 56.407
1 4850 1447 1490 56.4831
1 4844 1447 1490 56.558
1 4837 1447 1490 56.6341
1 4835 1447 1491 56.7091
1 4834 1447 1491 56.7852
1 4829 1447 1492 56.861
1 4825 1447 1493 56.936
1 4820 1447 1494 57.012
1 4812 1447 1494 57.087
1 4801 1447 1495 57.162
1 4790 1447 1496 57.2371
1 4787 1447 1496 57.312
1 4784 1447 1497 57.388
1 4776 1447 1498 57.4652
1 4767 1447 1498 57.54
1 4759 1447 1499 57.615
1 4754 1447 1499 57.6932
1 4757 1447 1500 57.768
1 4760 1447 1501 57.8453
1 4760 1447 1501 57.921
1 4760 1446 1502 57.9961
1 4764 1446 1503 58.071
1 4776 1446 1504 58.146
1 4798 1446 1505 58.2217
1 4827 1446 1506 58.2961
1 4855 1446 1507 58.369
1 4880 1446 1508 58.4441
1 4906 1447 1509 58.5191
1 4944 1447 1510 58.5942
1 4992 1448 1511 58.67
1 5041 1449 1512 58.746
1 5091 1449 1513 58.8229
1 5132 1450 1514 58.8983
1 5158 1451 1514 58.971
1 5175 1451 1514 59.0461
1 5193 1451 1515 59.1204
1 5216 1452 1516 59.1945
1 5243 1452 1516 59.266
1 5267 1453 1517 59.3411
1 5289 1453 1517 59.4171
1 5307 1453 1518 59.4921
1 5317 1454 1518 59.5672
1 5324 1454 1518 59.6422
1 5328 1453 1518 59.7171
1 5331 1453 1518 59.7921
1 5333 1453 1518 59.8661
1 5335 1453 1518 59.9425
1 5355 1453 1519 60.0172
1 5401 1454 1520 60.0902
1 5461 1455 1521 60.1651
1 5506 1455 1522 60.2405
1 5533 1455 1523 60.3167
1 5554 1456 1523 60.3893
1 5576 1456 1524 60.4663
1 5598 1456 1524 60.5441
1 5615 1457 1524 60.6202
1 5632 1457 1525 60.6961
1 5663 1458 1525 60.7711
1 5714 1458 1526 60.8461
1 5767 1459 1526 60.9215
1 5811 1460 1527 60.9965
1 5837 1461 1528 61.0691
1 5854 1461 1528 61.1451
1 5875 1461 1528 61.2213
1 5896 1462 1528 61.2952
1 5918 1462 1528 61.3721
1 5940 1462 1528 61.4471
1 5962 1463 1528 61.5222
1 5981 1463 1529 61.5942
1 5992 1464 1529 61.6683
1 6002 1464 1529 61.7431
1 6019 1464 1529 61.8185
1 6039 1465 1530 61.8942
1 6060 1465 1530 61.9681
1 6084 1466 1531 62.0433
1 6118 1467 1531 62.1182
1 6164 1467 1532 62.1955
1 6216 1468 1532 62.2702
1 6279 1469 1532 62.3461
1 6342 1470 1532 62.4223
1 6386 1471 1532 62.5
1 6448 1471 1531 62.5755
1 6525 1472 1530 62.6482
1 6580 1473 1529 62.7233
1 6624 1473 1529 62.7982
1 6702 1474 1528 62.877
1 6810 1476 1528 62.9532
1 6878 1476 1527 63.0304
1 6918 1477 1527 63.1052
1 6942 1477 1526 63.1803
1 6960 1477 1526 63.2589
1 6975 1478 1526 63.3335
1 6998 1478 1527 63.4062
1 7024 1479 1527 63.4822
1 7039 1479 1528 63.5574
1 7050 1480 1528 63.6332
1 7065 1480 1528 63.7092
1 7086 1481 1529 63.7852
1 7099 1481 1529 63.8623
1 7107 1482 1530 63.9372
1 7115 1482 1530 64.0122
1 7127 1483 1530 64.0862
1 7135 1483 1531 64.1634
1 7140 1483 1531 64.2383
1 7146 1484 1531 64.3163
1 7156 1484 1531 64.3923
1 7172 1485 1532 64.4672
1 7185 1485 1533 64.5422
1 7193 1486 1533 64.6183
1 7199 1487 1533 64.6972
1 7200 1487 1533 64.7722
1 7197 1488 1533 64.8472
1 7192 1488 1533 64.9222
1 7194 1489 1533 64.9983
1 7204 1489 1533 65.0743
1 7215 1490 1532 65.1493
1 7231 1491 1531 65.2254
1 7251 1491 1531 65.3015
1 7267 1492 1530 65.3774
1 7278 1493 1529 65.4523
1 7283 1493 1529 65.5273
1 7290 1494 1528 65.6023
1 7295 1495 1527 65.6793
1 7298 1496 1527 65.7553
1 7306 1496 1526 65.8304
1 7317 1497 1526 65.9075
1 7330 1497 1525 65.9819
1 7340 1497 1525 66.0565
1 7346 1498 1524 66.1285
1 7347 1498 1524 66.2033
1 7349 1499 1524 66.2803
1 7358 1499 1524 66.3566
1 7363 1500 1525 66.4313
1 7366 1501 1525 66.5063
1 7372 1502 1525 66.5806
1 7385 1503 1526 66.6548
1 7405 1504 1527 66.7265
1 7421 1505 1528 66.8015
1 7428 1506 1528 66.8775
1 7436 1507 1528 66.9524
1 7442 1507 1528 67.0324
1 7440 1508 1528 67.1085
1 7433 1510 1527 67.1834
1 7422 1511 1527 67.2593
1 7405 1512 1527 67.3362
1 7384 1513 1527 67.4124
1 7361 1515 1526 67.4873
1 7338 1516 1526 67.5633
1 7317 1517 1525 67.6384
1 7298 1518 1525 67.7134
1 7275 1519 1525 67.7915
1 7248 1520 1524 67.8674
1 7216 1521 1523 67.9434
1 7185 1523 1523 68.0194
1 7160 1524 1522 68.0966
1 7135 1525 1521 68.1714
1 7107 1526 1520 68.2474
1 7084 1528 1520 68.3242
1 7078 1528 1519 68.3974
1 7101 1529 1518 68.4801
1 7142 1530 1516 68.5555
1 7182 1531 1514 68.6294
1 7213 1531 1513 68.7036
1 7240 1531 1512 68.7777
1 7274 1532 1511 68.8494
1 7311 1532 1509 68.9247
1 7339 1532 1508 68.9996
1 7361 1532 1507 69.0749
1 7379 1533 1507 69.1474
1 7400 1533 1506 69.2224
1 7424 1533 1506 69.2976
1 7444 1533 1505 69.3725
1 7464 1533 1505 69.4495
1 7494 1533 1503 69.5364
1 7532 1533 1502 69.6115
1 7563 1533 1501 69.6867
1 7584 1534 1500 69.762
1 7597 1534 1499 69.8345
1 7609 1534 1499 69.9125
1 7622 1534 1498 69.9888
1 7635 1534 1498 70.0635
1 7649 1534 1497 70.1415
1 7663 1534 1496 70.2195
1 7678 1534 1496 70.2955
1 7692 1535 1495 70.3716
1 7707 1535 1494 70.4474
1 7721 1535 1494 70.5265
1 7736 1535 1493 70.6016
1 7749 1535 1492 70.6756
1 7761 1535 1491 70.7495
1 7772 1536 1491 70.8245
1 7784 1536 1490 70.8999
1 7794 1536 1489 70.9752
1 7805 1536 1489 71.0465
1 7819 1536 1488 71.1216
1 7833 1537 1487 71.1965
1 7848 1537 1486 71.2725
1 7860 1537 1485 71.3496
1 7870 1537 1484 71.4245
1 7877 1537 1484 71.4998
1 7883 1538 1483 71.5776
1 7889 1538 1483 71.6505
1 7896 1538 1482 71.7255
1 7903 1538 1481 71.8008
1 7911 1538 1481 71.8788
1 7918 1538 1480 71.9543
1 7926 1538 1479 72.0286
1 7933 1539 1479 72.1045
1 7942 1539 1478 72.1816
1 7949 1539 1477 72.2577
1 7956 1539 1476 72.3335
1 7963 1539 1476 72.4096
1 7967 1540 1475 72.4866
1 7970 1540 1475 72.5631
1 7974 1540 1475 72.6435
1 7978 1540 1475 72.7175
1 7982 1540 1474 72.7925
1 7988 1540 1474 72.8676
1 7996 1540 1473 72.9425
1 8005 1540 1472 73.0167
1 8013 1540 1472 73.0938
1 8023 1540 1471 73.1688
1 8033 1540 1470 73.2436
1 8043 1540 1470 73.3198
1 8055 1539 1470 73.3958
1 8067 1539 1469 73.4717
1 8079 1538 1469 73.5467
1 8092 1538 1468 73.6216
1 8115 1537 1468 73.6966
1 8142 1536 1468 73.7716
1 8159 1535 1468 73.8468
1 8177 1534 1468 73.9217
1 8206 1533 1468 73.9966
1 8244 1532 1468 74.0729
1 8280 1531 1468 74.1486
1 8316 1530 1468 74.2246
1 8352 1529 1468 74.3006
1 8375 1527 1468 74.3756
1 8392 1526 1468 74.4526
1 8421 1524 1467 74.5297
1 8452 1522 1467 74.6046
1 8468 1520 1467 74.6799
1 8454 1518 1466 74.7576
1 8422 1517 1465 74.8306
1 8402 1515 1464 74.9066
1 8393 1514 1464 74.9818
1 8385 1514 1463 75.0546
1 8377 1513 1463 75.1308
1 8371 1513 1463 75.2047
1 8356 1512 1462 75.2804
1 8335 1511 1462 75.3554
1 8323 1511 1461 75.4267
1 8317 1510 1461 75.5006
1 8314 1510 1461 75.5747
1 8314 1510 1460 75.6576
1 8315 1511 1459 75.7326
1 8317 1511 1458 75.8077
1 8319 1511 1458 75.8827
1 8320 1511 1457 75.9577
1 8322 1511 1457 76.0348
1 8323 1511 1456 76.1119
1 8324 1511 1456 76.1877
1 8325 1511 1455 76.2637
1 8327 1511 1455 76.3409
1 8336 1510 1455 76.4148
1 8354 1509 1455 76.4905
1 8379 1508 1455 76.5678
1 8373 1507 1454 76.6427
1 8349 1505 1453 76.7188
1 8351 1503 1453 76.7937
1 8337 1502 1452 76.8687
1 8300 1500 1451 76.9447
1 8275 1499 1451 77.0197
1 8263 1498 1450 77.0957
1 8262 1498 1450 77.1737
1 8269 1497 1450 77.2507
1 8263 1496 1450 77.3267
1 8244 1496 1449 77.404
1 8225 1495 1448 77.4788
1 8212 1495 1447 77.5537
1 8197 1495 1447 77.6287
1 8181 1495 1446 77.7049
1 8170 1495 1446 77.7787
1 8167 1494 1445 77.8547
1 8174 1494 1445 77.9307
1 8187 1493 1446 78.0068
1 8205 1492 1446 78.0828
1 8227 1492 1446 78.1557
1 8244 1491 1446 78.2308
1 8251 1491 1446 78.3059
1 8263 1490 1446 78.3813
1 8284 1489 1447 78.4585
1 8314 1488 1447 78.5334
1 8340 1487 1447 78.6057
1 8362 1486 1448 78.6808
1 8385 1485 1448 78.7558
1 8399 1484 1448 78.8307
1 8412 1483 1448 78.9052
1 8431 1482 1448 78.983
1 8453 1481 1449 79.0558
1 8469 1480 1449 79.1308
1 8482 1480 1449 79.2058
1 8491 1479 1449 79.2819
1 8499 1478 1449 79.3591
1 8510 1478 1450 79.4355
1 8524 1477 1450 79.5089
1 8544 1476 1450 79.5858
1 8566 1474 1450 79.6618
1 8585 1473 1451 79.7448
1 8599 1472 1451 79.8198
1 8612 1471 1451 79.8948
1 8623 1471 1452 79.9688
1 8630 1470 1452 80.0428
1 8634 1469 1452 80.1168
1 8628 1469 1452 80.1908
1 8582 1468 1451 80.2659
1 8531 1467 1450 80.3403
1 8499 1467 1450 80.4137
1 8476 1466 1449 80.4858
1 8445 1466 1449 80.5609
1 8405 1465 1448 80.6389
1 8378 1465 1448 80.7148
1 8353 1464 1448 80.7918
1 8326 1464 1447 80.868
1 8294 1464 1447 80.9428
1 8270 1463 1446 81.0259
1 8255 1463 1446 81.0999
1 8251 1462 1446 81.1749
1 8256 1461 1446 81.2498
1 8265 1460 1446 81.3248
1 8272 1460 1447 81.4003
1 8280 1459 1447 81.476
1 8288 1458 1447 81.5489
1 8296 1457 1447 81.6239
1 8302 1457 1448 81.699
1 8307 1456 1448 81.7929
1 8314 1455 1449 81.8679
1 8321 1454 1449 81.944
1 8328 1454 1449 82.0199
1 8335 1453 1449 82.0959
1 8341 1452 1450 82.1719
1 8352 1452 1451 82.2469
1 8366 1452 1452 82.3219
1 8398 1452 1453 82.3979
1 8430 1452 1454 82.4739
1 8442 1452 1455 82.5489
1 8459 1452 1457 82.623
1 8492 1452 1458 82.7018
1 8526 1453 1459 82.7759
1 8544 1453 1460 82.8499
1 8553 1453 1461 82.9249
1 8553 1453 1462 83.0011
1 8541 1452 1463 83.0762
1 8539 1452 1465 83.1489
1 8540 1452 1466 83.2239
1 8536 1452 1467 83.2989
1 8537 1452 1469 83.374
1 8533 1452 1471 83.4489
1 8528 1451 1472 83.5239
1 8516 1451 1473 83.5999
1 8502 1451 1474 83.677
1 8492 1450 1475 83.753
1 8487 1450 1475 83.8309
1 8486 1449 1476 83.9069
1 8486 1448 1476 83.9839
1 8485 1446 1477 84.06
1 8484 1445 1477 84.135
1 8478 1445 1477 84.2099
1 8471 1444 1478 84.285
1 8462 1444 1478 84.3598
1 8455 1443 1478 84.4343
1 8444 1443 1478 84.507
1 8429 1442 1479 84.581
1 8413 1441 1480 84.656
1 8404 1441 1480 84.731
1 8393 1441 1481 84.806
1 8381 1440 1482 84.8809
1 8364 1440 1482 84.9553
1 8345 1440 1483 85.028
1 8332 1440 1484 85.102
1 8322 1439 1485 85.177
1 8324 1440 1486 85.2511
1 8332 1440 1488 85.326
1 8342 1440 1489 85.4011
1 8350 1440 1489 85.4741
1 8364 1440 1490 85.5491
1 8406 1441 1491 85.625
1 8489 1443 1492 85.7001
1 8572 1444 1493 85.7755
1 8623 1445 1494 85.8487
1 8653 1446 1495 85.9261
1 8673 1447 1495 86.001
1 8686 1448 1495 86.0742
1 8696 1449 1494 86.149
1 8709 1449 1494 86.225
1 8722 1450 1494 86.3004
1 8733 1451 1494 86.3755
1 8743 1451 1494 86.448
1 8759 1452 1494 86.523
1 8781 1452 1495 86.5981
1 8810 1453 1495 86.6768
1 8846 1454 1496 86.7521
1 8877 1454 1496 86.8271
1 8902 1455 1497 86.903
1 8932 1455 1497 86.978
1 8951 1456 1498 87.0531
1 8968 1456 1498 87.1271
1 8980 1457 1498 87.201
1 8988 1457 1499 87.2761
1 8993 1457 1499 87.3511
1 8995 1458 1499 87.4261
1 8997 1458 1500 87.5002
1 8998 1458 1500 87.575
1 8999 1459 1501 87.6492
1 8999 1459 1502 87.7241
1 8999 1459 1502 87.7991
1 8999 1459 1503 87.8751
1 8999 1459 1504 87.9501
1 8999 1460 1505 88.0251
1 8999 1460 1506 88.1006
1 8999 1461 1507 88.1752
1 8999 1461 1507 88.2485
1 8999 1461 1508 88.3261
1 8999 1461 1508 88.4021
1 8999 1461 1509 88.4773
1 8999 1461 1509 88.5533
1 8999 1461 1509 88.6283
1 8999 1461 1509 88.7065
1 8999 1461 1509 88.7811
1 8999 1461 1510 88.8561
1 8999 1461 1510 88.9421
1 8999 1461 1510 89.0172
1 8999 1461 1510 89.0914
1 8999 1461 1510 89.1681
1 8999 1461 1510 89.2431
1 8999 1461 1510 89.3182
1 8999 1461 1510 89.3971
1 8999 1461 1511 89.4711
1 8999 1461 1511 89.5451
1 8999 1461 1511 89.6198
1 8999 1461 1511 89.6952
1 8999 1461 1511 89.7672
1 8999 1461 1511 89.8512
1 8999 1461 1511 89.9252
1 8999 1461 1511 90.0003
1 8999 1461 1511 90.0742
1 8999 1461 1511 90.1502
1 8999 1461 1511 90.2282
1 8999 1461 1511 90.3052
1 8999 1461 1511 90.3814
1 8999 1461 1511 90.4572
1 8999 1461 1511 90.5322
1 8999 1461 1511 90.6072
1 8999 1461 1511 90.6825
1 8999 1461 1511 90.7605
1 8999 1461 1511 90.8362
1 8999 1461 1511 90.9122
1 8999 1461 1511 90.9882
1 8999 1461 1511 91.0632
1 8999 1461 1511 91.1392
1 8999 1461 1511 91.2152
1 8999 1461 1511 91.2912
1 8999 1461 1511 91.3682
1 8999 1461 1511 91.4432
1 8999 1461 1511 91.5202
1 8999 1461 1511 91.5983
1 8999 1461 1511 91.6732
1 8999 1461 1511 91.7482
1 8999 1461 1511 91.8257
1 8999 1461 1511 91.9002
1 8999 1461 1511 91.9742
1 8999 1461 1511 92.0492
1 8999 1461 1511 92.1233
1 8999 1461 1511 92.1981
1 8999 1461 1511 92.2712
1 8999 1461 1511 92.3475
1 8999 1461 1511 92.4222
1 8999 1461 1511 92.4963
1 8999 1461 1511 92.5723
1 8999 1461 1511 92.6493
1 8999 1461 1511 92.7243
1 8999 1461 1511 92.7996
1 8999 1461 1511 92.8743
1 8999 1461 1511 92.9473
1 8999 1461 1511 93.0223
1 8999 1461 1511 93.1974
