NaN 2700 1500 1499 15.4525
NaN 1620 1500 1498 15.5374
NaN 971 1500 1498 15.6135
NaN 583 1500 1498 15.6915
NaN 349 1500 1497 15.7675
NaN 209 1500 1497 15.8445
NaN 125 1500 1497 15.9198
NaN 75 1500 1497 15.9945
NaN 45 1500 1497 16.0691
NaN 27 1500 1497 16.143
NaN 16 1500 1497 16.2197
NaN 9 1500 1497 16.2966
NaN 5 1500 1497 16.3725
NaN 3 1500 1497 16.4477
NaN 2 1500 1497 16.5229
NaN 1 1500 1497 16.5977
NaN 0 1500 1497 16.6704
NaN 0 1500 1497 16.7455
NaN 0 1500 1497 16.8214
NaN 0 1500 1497 16.8974
NaN 0 1500 1497 16.9742
NaN 0 1500 1497 17.0511
NaN 0 1500 1497 17.1314
NaN 0 1500 1497 17.208
NaN 0 1500 1497 17.2837
NaN 0 1500 1497 17.3594
NaN 0 1500 1497 17.4326
NaN 0 1500 1497 17.5095
NaN 0 1500 1497 17.5855
NaN 0 1500 1497 17.6613
NaN 0 1500 1497 17.7368
NaN 0 1500 1497 17.8203
NaN 0 1500 1497 17.9023
NaN 0 1500 1497 17.9806
NaN 0 1500 1497 18.0649
NaN 0 1500 1497 18.146
NaN 0 1500 1497 18.2221
NaN 0 1500 1497 18.2974
NaN 0 1500 1497 18.3737
NaN 0 1500 1497 18.4485
NaN 0 1500 1497 18.5239
NaN 0 1500 1497 18.5998
NaN 0 1500 1497 18.6759
NaN 0 1500 1497 18.753
NaN 0 1500 1497 18.8286
NaN 0 1500 1497 18.9049
NaN 0 1500 1497 18.98
NaN 0 1500 1497 19.055
NaN 0 1500 1497 19.13
NaN 0 1500 1497 19.2051
NaN 0 1500 1497 19.2808
NaN 0 1500 1497 19.358
NaN 0 1500 1497 19.4345
NaN 0 1500 1497 19.5129
NaN 0 1500 1497 19.5891
NaN 0 1500 1497 19.6648
NaN 0 1500 1497 19.7413
NaN 0 1500 1497 19.817
NaN 0 1500 1497 19.8926
NaN 0 1500 1497 19.9687
NaN 0 1500 1497 20.0459
NaN 0 1500 1497 20.1217
NaN 0 1500 1497 20.1995
NaN 0 1500 1497 20.2747
NaN 0 1500 1497 20.3507
NaN 0 1500 1497 20.4265
NaN 0 1500 1497 20.5011
NaN 0 1500 1497 20.5789
NaN 0 1500 1497 20.6546
NaN 0 1500 1497 20.7296
NaN 0 1500 1497 20.8047
NaN 0 1500 1497 20.8793
NaN 0 1500 1497 20.9506
NaN 0 1500 1497 21.0266
NaN 0 1500 1497 21.1026
NaN 0 1500 1497 21.179
NaN 0 1500 1497 21.2518
NaN 0 1500 1497 21.3277
NaN 0 1500 1497 21.4037
NaN 0 1500 1497 21.4805
NaN 0 1500 1497 21.5598
NaN 0 1500 1497 21.6363
NaN 0 1500 1497 21.7115
NaN 0 1500 1497 21.7871
NaN 0 1500 1497 21.8626
NaN 0 1500 1497 21.9381
NaN 0 1500 1497 22.0108
NaN 0 1500 1497 22.0867
NaN 0 1500 1497 22.1648
NaN 0 1500 1497 22.2414
NaN 0 1500 1497 22.3175
NaN 0 1500 1497 22.3887
NaN 0 1500 1497 22.4647
NaN 0 1500 1497 22.5409
NaN 0 1500 1497 22.6194
NaN 0 1500 1497 22.7222
NaN 0 1500 1497 22.7981
NaN 0 1500 1497 22.8754
NaN 0 1500 1497 22.9491
NaN 0 1500 1497 23.0233
NaN 0 1500 1497 23.0983
NaN 0 1500 1497 23.1709
NaN 0 1500 1497 23.2458
NaN 0 1500 1497 23.3256
NaN 0 1500 1497 23.401
NaN 0 1500 1497 23.4748
NaN 0 1500 1497 23.5492
NaN 0 1500 1497 23.6232
NaN 0 1500 1497 23.6985
NaN 0 1500 1497 23.7744
NaN 0 1500 1497 23.851
NaN 0 1500 1497 23.9263
NaN 0 1500 1497 24.0009
NaN 0 1500 1497 24.0764
NaN 0 1500 1497 24.1511
NaN 0 1500 1497 24.2261
NaN 0 1500 1497 24.301
NaN 0 1500 1497 24.3843
NaN 0 1500 1497 24.4579
NaN 0 1500 1497 24.5328
NaN 0 1500 1497 24.609
NaN 0 1500 1497 24.6846
NaN 0 1500 1497 24.76
NaN 0 1501 1497 24.8351
NaN 0 1500 1498 24.9106
NaN 82 1495 1499 24.9859
NaN 136 1489 1502 25.0609
NaN 127 1488 1503 25.1362
NaN 76 1491 1503 25.2119
NaN 60 1491 1502 25.2867
NaN 102 1488 1503 25.3615
NaN 89 1489 1504 25.435
NaN 53 1493 1503 25.5098
NaN 105 1492 1502 25.5846
NaN 198 1487 1504 25.6582
NaN 231 1485 1505 25.7299
NaN 232 1486 1505 25.8038
NaN 224 1486 1505 25.8782
NaN 134 1487 1504 25.9508
NaN 80 1491 1503 26.0258
NaN 48 1494 1502 26.1017
NaN 29 1496 1501 26.1761
NaN 17 1498 1501 26.2522
NaN 10 1499 1501 26.3275
NaN 6 1500 1501 26.4144
NaN 3 1500 1501 26.4893
NaN 2 1501 1500 26.5642
NaN 1 1501 1500 26.6393
NaN 0 1501 1500 26.7144
NaN 0 1501 1500 26.7896
NaN 0 1501 1500 26.8644
NaN 0 1501 1500 26.9397
NaN 0 1501 1500 27.0151
NaN 0 1501 1500 27.0903
NaN 0 1501 1500 27.1652
NaN 0 1501 1500 27.2421
NaN 0 1501 1500 27.3185
NaN 0 1501 1500 27.3923
NaN 0 1501 1500 27.467
NaN 0 1501 1500 27.5419
NaN 0 1501 1501 27.616
NaN 0 1501 1501 27.6914
NaN 0 1501 1501 27.7657
NaN 0 1501 1501 27.8397
NaN 0 1501 1501 27.9133
NaN 0 1501 1501 27.9879
NaN 0 1501 1501 28.0643
NaN 0 1501 1501 28.1396
NaN 0 1501 1501 28.2139
NaN 0 1501 1501 28.288
0 0 1501 1501 28.3625
0 0 1501 1501 28.4397
0 0 1501 1501 28.5133
0 0 1501 1501 28.5886
0 0 1501 1501 28.663
0 0 1501 1501 28.7384
0 0 1500 1501 28.8109
0 0 1500 1501 28.8859
0 0 1500 1501 28.9612
0 0 1500 1501 29.0362
0 0 1501 1501 29.1114
0 0 1501 1502 29.1865
0 26 1500 1503 29.2619
0 73 1499 1504 29.3374
0 124 1499 1505 29.4121
0 178 1499 1506 29.5002
0 226 1499 1507 29.5737
0 260 1499 1507 29.6477
0 284 1499 1507 29.7221
0 304 1499 1508 29.7972
0 323 1499 1508 29.8727
0 336 1498 1508 29.9488
0 353 1499 1508 30.0221
0 371 1499 1508 30.0974
0 390 1499 1508 30.1708
0 415 1499 1508 30.2442
0 445 1498 1509 30.3194
0 481 1498 1508 30.3963
0 518 1498 1508 30.4712
0 545 1497 1508 30.5459
0 561 1497 1508 30.6214
0 572 1497 1508 30.6965
0 580 1497 1508 30.7705
0 587 1497 1508 30.845
0 594 1497 1508 30.9205
0 616 1498 1508 30.9958
0 662 1498 1508 31.071
0 720 1498 1508 31.1469
0 766 1498 1508 31.2221
0 795 1498 1507 31.2987
0 818 1498 1507 31.3734
0 854 1498 1508 31.45
0 895 1498 1508 31.5317
0 926 1498 1508 31.6067
0 951 1498 1508 31.6816
0 973 1497 1508 31.756
0 988 1497 1508 31.8315
0 998 1497 1508 31.9061
0 1007 1497 1508 31.9815
0 1022 1497 1508 32.0561
0 1046 1497 1508 32.1301
0 1065 1497 1508 32.2054
0 1083 1496 1508 32.2796
0 1108 1496 1507 32.354
0 1126 1496 1507 32.4279
0 1137 1495 1507 32.5012
0 1144 1495 1507 32.5764
0 1148 1495 1507 32.6501
0 1153 1495 1507 32.7241
0 1171 1495 1507 32.7986
0 1188 1495 1506 32.8702
0 1199 1495 1506 32.9452
0 1207 1496 1506 33.0204
0 1213 1495 1506 33.0943
0 1224 1495 1506 33.1689
0 1251 1495 1506 33.244
0 1285 1495 1506 33.3204
0 1310 1495 1507 33.3959
0 1327 1495 1507 33.4704
0 1340 1495 1507 33.5453
0 1347 1495 1507 33.6204
0 1355 1495 1507 33.6956
0 1363 1495 1507 33.7703
0 1373 1495 1507 33.8454
0 1383 1495 1507 33.9204
0 1393 1494 1507 33.9955
0 1406 1494 1507 34.0717
0 1421 1494 1507 34.1469
0 1447 1494 1507 34.2225
0 1495 1494 1507 34.2975
0 1527 1494 1507 34.3713
0 1546 1494 1507 34.4461
0 1558 1494 1507 34.5215
0 1569 1494 1507 34.606
0 1594 1494 1507 34.6793
0 1620 1494 1507 34.7535
0 1640 1494 1507 34.8274
0 1654 1494 1507 34.9011
0 1668 1494 1507 34.9761
0 1681 1494 1507 35.0507
0 1698 1494 1507 35.1253
0 1714 1493 1506 35.1995
0 1733 1493 1506 35.2737
0 1760 1493 1506 35.3476
0 1782 1493 1506 35.4224
0 1803 1493 1506 35.4971
0 1819 1493 1506 35.5701
0 1830 1493 1506 35.6451
0 1838 1493 1506 35.7206
0 1853 1493 1506 35.7951
0 1877 1494 1506 35.8707
0 1901 1494 1506 35.9454
0 1918 1494 1506 36.0202
0 1930 1494 1506 36.0961
0 1938 1494 1506 36.1722
0 1943 1494 1505 36.2477
0 1947 1495 1505 36.3222
0 1949 1495 1505 36.3972
0 1951 1495 1505 36.4702
0 1952 1495 1505 36.5458
0 1957 1495 1505 36.6298
0 1979 1494 1505 36.7049
0 2008 1494 1504 36.78
0 2031 1494 1504 36.8543
0 2051 1494 1504 36.9288
0 2063 1494 1504 37.0027
0 2076 1494 1503 37.0763
0 2086 1494 1503 37.1523
0 2093 1494 1503 37.2265
0 2097 1494 1503 37.3003
0 2100 1494 1503 37.3754
0 2101 1494 1503 37.45
0 2102 1494 1503 37.5235
0 2103 1494 1503 37.6005
0 2105 1494 1503 37.6795
0 2113 1494 1503 37.7538
0 2131 1494 1503 37.8283
0 2142 1495 1503 37.9038
0 2157 1494 1504 37.9784
0 2179 1494 1504 38.0522
0 2197 1493 1504 38.1272
0 2208 1493 1504 38.2022
0 2220 1493 1504 38.2779
0 2234 1493 1504 38.3502
0 2253 1493 1503 38.4252
0 2270 1493 1503 38.5017
0 2289 1493 1503 38.5765
0 2320 1493 1502 38.6518
0 2347 1492 1502 38.7266
0 2364 1492 1502 38.8013
0 2375 1492 1501 38.8766
0 2396 1492 1501 38.9514
0 2413 1492 1502 39.0275
0 2424 1492 1502 39.1032
0 2436 1492 1502 39.1785
0 2446 1492 1502 39.2513
0 2455 1492 1502 39.3263
0 2461 1492 1502 39.4003
0 2466 1492 1502 39.4769
0 2472 1492 1502 39.5508
0 2481 1491 1502 39.6265
0 2488 1491 1502 39.7082
0 2493 1491 1502 39.7827
0 2498 1491 1501 39.8568
0 2515 1491 1502 39.9309
0 2549 1491 1502 40.0054
0 2582 1491 1502 40.0803
0 2610 1491 1502 40.1553
0 2629 1491 1502 40.2304
0 2645 1492 1502 40.3064
0 2676 1492 1502 40.3817
0 2715 1492 1502 40.4573
0 2758 1492 1502 40.5323
0 2803 1492 1502 40.6098
0 2840 1492 1502 40.6853
0 2873 1493 1502 40.7606
0 2902 1493 1502 40.836
0 2921 1493 1502 40.9111
0 2933 1493 1502 40.9868
0 2942 1493 1502 41.0622
0 2959 1493 1502 41.1395
0 2978 1493 1502 41.2145
0 2996 1494 1502 41.2906
0 3014 1494 1502 41.3664
0 3034 1494 1502 41.4415
0 3054 1494 1502 41.5156
0 3075 1494 1502 41.5911
0 3099 1494 1502 41.6661
0 3123 1495 1502 41.7482
0 3144 1495 1501 41.8229
0 3163 1495 1501 41.8975
0 3190 1495 1501 41.9693
0 3217 1495 1501 42.0444
0 3239 1495 1501 42.1186
0 3259 1495 1501 42.1904
0 3273 1495 1501 42.2655
0 3283 1495 1501 42.3404
0 3295 1495 1501 42.4157
0 3315 1495 1501 42.4905
0 3331 1495 1501 42.5661
0 3342 1495 1501 42.6406
0 3349 1495 1501 42.7254
0 3355 1495 1501 42.801
0 3360 1495 1501 42.8753
0 3363 1495 1501 42.9503
0 3366 1495 1501 43.0261
0 3370 1495 1501 43.101
0 3373 1495 1501 43.1764
0 3379 1495 1501 43.2648
0 3396 1495 1501 43.3381
0 3409 1495 1501 43.4104
0 3418 1495 1501 43.4864
0 3425 1495 1501 43.5616
0 3436 1495 1501 43.6382
0 3459 1495 1501 43.7094
0 3489 1495 1502 43.7844
0 3525 1495 1502 43.8601
0 3565 1495 1502 43.9331
0 3601 1495 1502 44.0075
0 3631 1496 1502 44.0821
0 3652 1496 1502 44.1558
0 3671 1496 1502 44.2298
0 3689 1496 1502 44.3035
0 3709 1496 1502 44.3785
0 3734 1497 1502 44.4525
0 3754 1497 1502 44.5263
0 3769 1497 1502 44.6025
0 3781 1497 1502 44.6783
0 3790 1497 1502 44.7494
0 3800 1496 1502 44.8244
0 3814 1496 1501 44.9001
0 3826 1496 1501 44.9742
0 3836 1496 1501 45.0487
0 3847 1496 1501 45.1233
0 3865 1496 1501 45.199
0 3882 1496 1501 45.2736
0 3896 1496 1501 45.3511
0 3907 1496 1501 45.4258
0 3916 1496 1501 45.5006
0 3927 1496 1501 45.576
0 3941 1496 1500 45.6507
0 3956 1496 1500 45.7257
0 3975 1496 1499 45.8013
0 3991 1496 1499 45.8771
0 4000 1497 1499 45.9526
0 4006 1497 1499 46.0279
0 4009 1497 1498 46.1027
0 4014 1496 1498 46.1768
0 4020 1496 1498 46.2525
0 4024 1496 1498 46.3279
0 4028 1496 1498 46.407
0 4030 1496 1498 46.4819
0 4032 1496 1498 46.556
0 4032 1496 1499 46.6308
0 4033 1496 1499 46.7052
0 4033 1496 1499 46.7794
0 4035 1496 1499 46.8634
0 4039 1496 1499 46.9371
0 4052 1496 1499 47.0117
0 4073 1496 1499 47.0873
0 4098 1496 1499 47.162
0 4130 1496 1499 47.2377
0 4158 1496 1499 47.3152
0 4180 1497 1499 47.39
0 4203 1497 1499 47.4652
0 4216 1497 1500 47.5401
0 4224 1497 1500 47.6148
0 4229 1497 1500 47.6895
0 4232 1497 1500 47.7645
NaN 4234 1497 1500 47.8407
NaN 4235 1497 1500 47.9164
NaN 4235 1497 1500 47.9908
NaN 4236 1497 1500 48.0656
NaN 4236 1497 1500 48.1416
NaN 4236 1497 1500 48.2178
NaN 4236 1497 1500 48.2897
NaN 4236 1497 1500 48.3667
NaN 4236 1497 1500 48.4416
NaN 4236 1497 1500 48.5189
NaN 4236 1497 1500 48.5929
NaN 4236 1497 1500 48.6684
NaN 4236 1497 1500 48.7427
NaN 4236 1497 1500 48.8172
NaN 4236 1497 1500 48.9032
NaN 4236 1497 1500 48.9777
NaN 4236 1497 1500 49.0524
NaN 4236 1497 1500 49.1268
NaN 4236 1497 1500 49.2007
NaN 4236 1497 1500 49.2759
NaN 4236 1497 1500 49.3505
NaN 4236 1497 1500 49.4249
NaN 4236 1497 1500 49.5
NaN 4236 1497 1500 49.5748
NaN 4234 1497 1500 49.6499
NaN 4233 1497 1500 49.7252
NaN 4233 1497 1500 49.7996
NaN 4232 1497 1499 49.876
NaN 4232 1497 1499 49.9509
NaN 4232 1497 1499 50.0258
NaN 4232 1497 1499 50.1008
NaN 4232 1497 1499 50.176
NaN 4232 1497 1499 50.2505
NaN 4232 1497 1499 50.3256
NaN 4232 1497 1499 50.402
NaN 4232 1497 1499 50.4772
NaN 4232 1497 1499 50.5496
NaN 4232 1497 1499 50.6239
NaN 4232 1497 1499 50.6986
NaN 4232 1497 1499 50.7717
NaN 4232 1497 1499 50.8456
NaN 4232 1497 1499 50.9217
NaN 4232 1497 1499 50.997
NaN 4232 1497 1499 51.0687
NaN 4232 1497 1499 51.1437
NaN 4232 1497 1499 51.2175
NaN 4232 1497 1499 51.2887
NaN 4232 1497 1499 51.3627
NaN 4232 1497 1499 51.4376
NaN 4233 1497 1499 51.5099
1 4234 1497 1500 51.5838
1 4234 1497 1500 51.6588
1 4236 1497 1500 51.7326
1 4241 1497 1500 51.8076
1 4243 1497 1500 51.8826
1 4245 1497 1500 51.9591
1 4245 1497 1500 52.0343
1 4245 1497 1500 52.1089
1 4244 1497 1500 52.1838
1 4247 1497 1500 52.2588
1 4256 1496 1500 52.3342
1 4266 1496 1500 52.4094
1 4277 1496 1500 52.484
1 4285 1495 1500 52.5589
1 4290 1495 1500 52.6353
1 4293 1495 1500 52.7105
1 4295 1495 1500 52.7852
1 4297 1495 1500 52.86
1 4315 1494 1500 52.9361
1 4343 1493 1501 53.0136
1 4364 1492 1501 53.0895
1 4378 1492 1501 53.1643
1 4389 1491 1501 53.2402
1 4396 1491 1501 53.3146
1 4400 1491 1501 53.3897
1 4403 1491 1502 53.466
1 4412 1490 1502 53.54
1 4423 1490 1502 53.615
1 4428 1489 1502 53.6895
1 4433 1489 1502 53.7636
1 4445 1488 1503 53.8381
1 4459 1487 1503 53.9099
1 4474 1486 1504 53.9848
1 4487 1486 1504 54.0599
1 4497 1485 1504 54.1361
1 4501 1484 1504 54.2114
1 4502 1484 1505 54.2866
1 4498 1484 1505 54.3618
1 4490 1483 1506 54.4377
1 4484 1483 1506 54.5109
1 4483 1483 1506 54.5878
1 4482 1483 1506 54.663
1 4481 1482 1506 54.7462
1 4478 1482 1507 54.821
1 4475 1482 1507 54.8967
1 4472 1482 1507 54.9726
1 4470 1482 1507 55.0479
1 4468 1481 1507 55.1232
1 4468 1480 1508 55.1982
1 4468 1480 1508 55.2709
1 4468 1480 1509 55.3458
1 4471 1479 1509 55.4198
1 4475 1479 1509 55.4948
1 4477 1479 1509 55.5703
1 4479 1479 1509 55.6438
1 4482 1478 1509 55.7184
1 4485 1478 1509 55.7898
1 4487 1478 1509 55.8638
1 4491 1478 1509 55.9379
1 4497 1477 1510 56.0098
1 4502 1477 1510 56.0848
1 4504 1477 1510 56.1624
1 4506 1476 1510 56.2389
1 4513 1475 1510 56.3144
1 4522 1475 1511 56.3895
1 4535 1474 1511 56.4643
1 4550 1473 1511 56.5386
1 4561 1472 1511 56.6109
1 4560 1471 1511 56.6861
1 4536 1469 1511 56.7619
1 4507 1468 1510 56.837
1 4492 1467 1510 56.9099
1 4483 1466 1510 56.985
1 4468 1465 1510 57.0599
1 4459 1464 1510 57.1347
1 4457 1464 1510 57.21
1 4457 1463 1510 57.2877
1 4456 1463 1510 57.3665
1 4456 1463 1510 57.4412
1 4451 1462 1509 57.5165
1 4434 1461 1509 57.591
1 4428 1461 1507 57.6665
1 4437 1460 1505 57.7399
1 4442 1460 1504 57.8147
1 4437 1460 1503 57.8902
1 4422 1459 1502 57.9656
1 4412 1458 1501 58.0391
1 4403 1458 1499 58.1127
1 4393 1457 1498 58.1863
1 4382 1457 1497 58.2596
1 4366 1456 1496 58.3342
1 4356 1455 1496 58.4097
1 4356 1454 1496 58.4831
1 4364 1453 1496 58.5585
1 4382 1453 1495 58.631
1 4395 1453 1494 58.707
1 4399 1453 1494 58.7819
1 4404 1452 1493 58.8574
1 4409 1452 1493 58.9345
1 4414 1451 1493 59.009
1 4419 1450 1493 59.0843
1 4422 1450 1493 59.1591
1 4425 1449 1493 59.234
1 4428 1449 1494 59.3089
1 4430 1448 1494 59.3842
1 4433 1447 1494 59.4597
1 4436 1447 1494 59.5355
1 4438 1446 1494 59.6105
1 4441 1445 1494 59.6858
1 4445 1445 1493 59.7617
1 4449 1445 1493 59.8368
1 4457 1444 1493 59.9117
1 4484 1445 1492 59.9896
1 4518 1445 1491 60.0645
1 4539 1445 1490 60.1404
1 4552 1445 1489 60.2154
1 4560 1445 1489 60.2898
1 4564 1445 1489 60.3633
1 4567 1445 1489 60.4375
1 4569 1445 1489 60.5091
1 4570 1445 1489 60.5841
1 4570 1445 1489 60.659
1 4571 1445 1489 60.7341
1 4571 1445 1489 60.8085
1 4571 1445 1489 60.8843
1 4571 1445 1489 60.9583
1 4571 1445 1489 61.0422
1 4571 1445 1489 61.1161
1 4571 1445 1489 61.1919
1 4573 1445 1489 61.2668
1 4574 1444 1489 61.3415
1 4576 1443 1489 61.4186
1 4576 1443 1489 61.4937
1 4577 1443 1489 61.5685
1 4578 1443 1489 61.6437
1 4578 1443 1489 61.7188
1 4578 1443 1489 61.7938
1 4578 1442 1489 61.8709
1 4579 1442 1489 61.9471
1 4579 1442 1489 62.0236
1 4579 1442 1489 62.1035
1 4579 1442 1489 62.1766
1 4579 1442 1489 62.2515
1 4579 1442 1489 62.3269
1 4579 1442 1489 62.4026
1 4579 1442 1489 62.4771
1 4579 1442 1489 62.5525
1 4579 1442 1489 62.6267
1 4579 1442 1489 62.7019
1 4579 1442 1489 62.7761
1 4579 1442 1489 62.8504
1 4579 1442 1489 62.9243
1 4579 1442 1489 63.0001
1 4579 1442 1489 63.0744
1 4579 1442 1489 63.1649
1 4580 1442 1490 63.2387
1 4581 1441 1490 63.3119
1 4582 1440 1490 63.3871
1 4581 1440 1490 63.4625
1 4580 1439 1490 63.538
1 4577 1439 1491 63.6111
1 4574 1439 1492 63.6871
1 4575 1438 1493 63.7641
1 4587 1438 1494 63.8403
1 4617 1439 1495 63.9158
1 4666 1439 1496 63.9916
1 4744 1440 1497 64.0682
1 4823 1442 1498 64.1454
1 4893 1443 1499 64.2206
1 4948 1443 1500 64.2954
1 5011 1444 1501 64.3703
1 5061 1445 1502 64.4453
1 5092 1446 1502 64.5208
1 5137 1446 1503 64.5953
1 5213 1447 1504 64.67
1 5289 1449 1505 64.7448
1 5337 1449 1506 64.8195
1 5366 1450 1506 64.8935
1 5393 1450 1507 64.9692
1 5423 1451 1507 65.0441
1 5443 1451 1508 65.1203
1 5455 1451 1508 65.1963
1 5466 1452 1508 65.2715
1 5488 1452 1508 65.3456
1 5531 1453 1509 65.4208
1 5574 1453 1510 65.4946
1 5600 1454 1510 65.5685
1 5616 1454 1511 65.6435
1 5631 1454 1511 65.7183
1 5648 1454 1511 65.7934
1 5672 1453 1512 65.8685
1 5709 1453 1513 65.9434
1 5752 1453 1514 66.0182
1 5777 1452 1516 66.093
1 5778 1452 1517 66.1686
1 5770 1451 1518 66.2434
1 5770 1451 1519 66.3184
1 5775 1451 1519 66.3935
1 5790 1451 1520 66.4685
1 5804 1451 1522 66.5435
1 5811 1450 1522 66.6184
1 5822 1450 1523 66.6936
1 5841 1450 1524 66.7689
1 5866 1450 1525 66.8435
1 5896 1451 1526 66.9188
1 5923 1451 1527 66.995
1 5959 1452 1528 67.0682
1 6001 1453 1528 67.1437
1 6052 1453 1528 67.219
1 6113 1454 1528 67.2953
1 6189 1456 1528 67.3698
1 6269 1457 1527 67.4436
1 6320 1458 1527 67.5177
1 6354 1458 1527 67.5892
1 6389 1459 1527 67.6644
1 6444 1460 1527 67.7391
1 6507 1461 1527 67.8136
1 6557 1462 1527 67.8883
1 6615 1462 1527 67.9634
1 6697 1463 1526 68.0388
1 6769 1464 1526 68.1147
1 6823 1465 1526 68.1897
1 6884 1466 1525 68.2642
1 6959 1467 1523 68.3395
1 7017 1467 1522 68.4147
1 7053 1468 1521 68.4894
1 7082 1469 1520 68.5654
1 7103 1470 1520 68.6408
1 7115 1470 1519 68.7173
1 7124 1470 1519 68.7932
1 7140 1471 1519 68.8698
1 7168 1471 1520 68.9445
1 7196 1472 1520 69.0193
1 7217 1473 1521 69.0953
1 7231 1473 1521 69.1704
1 7247 1474 1521 69.246
1 7271 1475 1522 69.3195
1 7301 1476 1523 69.3986
1 7327 1477 1523 69.4739
1 7343 1477 1524 69.5477
1 7355 1478 1524 69.6225
1 7367 1478 1525 69.6964
1 7381 1478 1525 69.7683
1 7399 1479 1525 69.8434
1 7409 1480 1526 69.9185
1 7412 1480 1526 69.9939
1 7410 1481 1526 70.0675
1 7411 1482 1526 70.1425
1 7409 1483 1526 70.2176
1 7408 1484 1526 70.2904
1 7414 1485 1526 70.3653
1 7421 1485 1527 70.4411
1 7430 1486 1527 70.5161
1 7443 1486 1528 70.5921
1 7459 1487 1528 70.6666
1 7475 1488 1529 70.7416
1 7491 1488 1529 70.8169
1 7509 1489 1530 70.8894
1 7527 1490 1531 70.9654
1 7548 1491 1532 71.0419
1 7571 1492 1533 71.1166
1 7582 1493 1533 71.1896
1 7588 1494 1533 71.2674
1 7600 1494 1533 71.3436
1 7630 1496 1532 71.4297
1 7667 1497 1531 71.5051
1 7690 1497 1530 71.5797
1 7714 1498 1529 71.6558
1 7739 1498 1528 71.7296
1 7753 1499 1528 71.8041
1 7762 1500 1527 71.8775
1 7781 1500 1526 71.9495
1 7804 1501 1525 72.0244
1 7818 1502 1524 72.0988
1 7827 1502 1524 72.1738
1 7834 1502 1524 72.2531
1 7835 1503 1523 72.3288
1 7832 1503 1523 72.4034
1 7832 1504 1523 72.4786
1 7833 1504 1523 72.5541
1 7827 1505 1523 72.6295
1 7822 1506 1523 72.7043
1 7818 1506 1523 72.7791
1 7813 1507 1523 72.8535
1 7803 1508 1523 72.9291
1 7790 1508 1523 73.0041
1 7778 1509 1523 73.0786
1 7764 1510 1523 73.1535
1 7748 1510 1523 73.2291
1 7726 1511 1523 73.3053
1 7698 1512 1523 73.3811
1 7663 1513 1522 73.4562
1 7621 1515 1522 73.5312
1 7570 1516 1522 73.6061
1 7520 1518 1521 73.6807
1 7475 1520 1520 73.7556
1 7437 1521 1520 73.8309
1 7407 1522 1519 73.9055
1 7388 1524 1518 73.9806
1 7381 1525 1517 74.0556
1 7388 1526 1516 74.1309
1 7412 1527 1514 74.2053
1 7446 1528 1512 74.2831
1 7492 1529 1510 74.3569
1 7536 1530 1508 74.4285
1 7565 1530 1506 74.5025
1 7583 1530 1506 74.5779
1 7594 1530 1505 74.6495
1 7599 1531 1505 74.7245
1 7605 1531 1504 74.8
1 7604 1531 1504 74.8744
1 7609 1532 1504 74.9504
1 7623 1533 1505 75.0264
1 7627 1535 1505 75.1013
1 7651 1535 1504 75.1761
1 7691 1536 1503 75.2514
1 7725 1537 1501 75.3264
1 7750 1537 1500 75.4028
1 7772 1538 1499 75.48
1 7796 1538 1498 75.555
1 7822 1538 1497 75.6307
1 7843 1539 1495 75.707
1 7858 1539 1495 75.7814
1 7876 1539 1494 75.8567
1 7893 1539 1493 75.9306
1 7909 1539 1492 76.0056
1 7920 1540 1491 76.0818
1 7930 1540 1490 76.157
1 7944 1540 1490 76.2296
1 7958 1540 1489 76.3047
1 7968 1540 1488 76.3796
1 7979 1540 1488 76.4549
1 7998 1540 1487 76.5427
1 8025 1540 1487 76.6168
1 8049 1540 1486 76.6886
1 8074 1540 1485 76.7656
1 8106 1540 1484 76.8407
1 8143 1540 1483 76.9173
1 8173 1540 1482 76.9886
1 8196 1540 1481 77.0658
1 8212 1540 1480 77.1416
1 8223 1540 1480 77.2171
1 8233 1540 1479 77.2896
1 8246 1539 1479 77.3657
1 8266 1539 1478 77.4427
1 8293 1539 1478 77.5178
1 8313 1539 1477 77.5927
1 8326 1539 1476 77.6682
1 8335 1539 1476 77.7438
1 8340 1539 1475 77.8189
1 8342 1538 1474 77.8937
1 8350 1538 1474 77.9685
1 8364 1537 1474 78.0441
1 8377 1537 1473 78.1199
1 8381 1536 1473 78.1957
1 8381 1535 1473 78.2722
1 8391 1534 1472 78.3468
1 8408 1532 1472 78.4237
1 8419 1530 1471 78.4996
1 8415 1528 1470 78.5874
1 8410 1527 1469 78.6616
1 8399 1526 1469 78.7361
1 8378 1525 1468 78.8108
1 8355 1523 1467 78.885
1 8340 1521 1466 78.9594
1 8328 1520 1465 79.0341
1 8312 1519 1464 79.108
1 8282 1517 1464 79.1833
1 8252 1516 1463 79.2571
1 8234 1516 1462 79.3287
1 8223 1516 1462 79.4047
1 8209 1515 1462 79.482
1 8192 1515 1461 79.5571
1 8175 1514 1461 79.6299
1 8159 1514 1460 79.7048
1 8147 1514 1460 79.7803
1 8141 1514 1459 79.8552
1 8138 1514 1459 79.9301
1 8138 1514 1458 80.0064
1 8138 1514 1457 80.0823
1 8139 1514 1456 80.1623
1 8140 1514 1456 80.2372
1 8142 1514 1455 80.3097
1 8142 1515 1454 80.3889
1 8143 1515 1454 80.4647
1 8144 1515 1453 80.5407
1 8148 1515 1452 80.6234
1 8156 1515 1451 80.6982
1 8165 1515 1451 80.7737
1 8169 1515 1450 80.8479
1 8172 1515 1449 80.9314
1 8174 1515 1448 81.0053
1 8171 1515 1448 81.0807
1 8156 1515 1447 81.1552
1 8133 1514 1446 81.2299
1 8113 1513 1445 81.3037
1 8102 1512 1444 81.379
1 8089 1511 1443 81.4528
1 8064 1511 1442 81.5281
1 8046 1510 1441 81.6025
1 8038 1509 1440 81.6776
1 8028 1508 1440 81.7511
1 8022 1507 1439 81.8261
1 8024 1506 1439 81.9017
1 8025 1504 1438 81.9769
1 8033 1502 1438 82.0498
1 8045 1500 1438 82.1248
1 8053 1498 1438 82.2004
1 8064 1497 1438 82.275
1 8085 1495 1438 82.3502
1 8112 1494 1438 82.4253
1 8147 1492 1438 82.5022
1 8193 1491 1439 82.5772
1 8238 1490 1440 82.6498
1 8279 1489 1440 82.7259
1 8320 1488 1442 82.8021
1 8352 1487 1443 82.878
1 8378 1487 1444 82.9556
1 8407 1487 1446 83.0308
1 8432 1486 1447 83.1066
1 8451 1486 1448 83.1806
1 8465 1485 1449 83.2538
1 8476 1485 1449 83.3282
1 8483 1485 1450 83.4028
1 8487 1485 1450 83.4776
1 8489 1485 1450 83.5488
1 8491 1485 1450 83.6242
1 8487 1485 1450 83.703
1 8392 1483 1448 83.7767
1 8268 1481 1446 83.8488
1 8197 1480 1445 83.9238
1 8161 1479 1444 83.9993
1 8141 1479 1444 84.0739
1 8129 1478 1443 84.149
1 8121 1478 1443 84.224
1 8116 1478 1443 84.3004
1 8112 1478 1443 84.376
1 8110 1478 1443 84.4513
1 8111 1477 1443 84.526
1 8118 1477 1443 84.6014
1 8126 1477 1443 84.6773
1 8118 1476 1443 84.7517
1 8097 1476 1443 84.8263
1 8088 1475 1443 84.9014
1 8089 1475 1443 84.9768
1 8092 1474 1443 85.0548
1 8091 1473 1443 85.1337
1 8079 1472 1443 85.2085
1 8051 1472 1442 85.2836
1 8024 1471 1442 85.3589
1 8003 1471 1441 85.4389
1 7993 1470 1441 85.5158
1 7990 1469 1441 85.5913
1 7981 1469 1441 85.6665
1 7972 1468 1441 85.7475
1 7957 1467 1441 85.821
1 7927 1467 1440 85.897
1 7896 1466 1440 85.9716
1 7876 1465 1440 86.047
1 7861 1465 1439 86.1269
1 7849 1465 1439 86.202
1 7841 1465 1439 86.2775
1 7835 1464 1439 86.3491
1 7829 1464 1439 86.4239
1 7824 1464 1439 86.4995
1 7817 1464 1439 86.5745
1 7808 1464 1439 86.6498
1 7802 1464 1439 86.7254
1 7800 1463 1439 86.8008
1 7805 1463 1439 86.8762
1 7814 1462 1439 86.9511
1 7823 1462 1439 87.0264
1 7832 1461 1439 87.1021
1 7846 1461 1440 87.1774
1 7859 1460 1440 87.2501
1 7870 1460 1441 87.325
1 7882 1459 1441 87.3999
1 7898 1459 1442 87.4765
1 7907 1458 1443 87.5521
1 7914 1458 1443 87.6282
1 7923 1458 1444 87.7037
1 7931 1457 1444 87.7788
1 7939 1456 1444 87.8546
1 7950 1455 1444 87.9282
1 7962 1454 1445 88.0024
1 7973 1453 1445 88.0761
1 7979 1453 1445 88.148
1 7982 1452 1446 88.2312
1 7984 1451 1447 88.3035
1 7985 1451 1447 88.3778
1 7986 1450 1448 88.45
1 7987 1449 1449 88.525
1 7986 1449 1449 88.6
1 7988 1448 1450 88.6759
1 7997 1448 1451 88.7516
1 8005 1448 1452 88.834
1 8013 1448 1452 88.9097
1 8020 1448 1453 88.984
1 8024 1448 1454 89.0593
1 8040 1448 1454 89.1349
1 8145 1449 1456 89.2112
1 8240 1451 1457 89.2907
1 8299 1451 1458 89.3657
1 8334 1452 1459 89.4402
1 8356 1452 1459 89.5152
1 8369 1452 1460 89.592
1 8379 1452 1460 89.6694
1 8387 1451 1460 89.7449
1 8393 1451 1460 89.829
1 8393 1450 1460 89.9044
1 8386 1450 1460 89.9795
1 8369 1449 1460 90.0547
1 8352 1448 1460 90.1287
1 8343 1448 1460 90.2043
1 8338 1448 1460 90.2795
1 8337 1447 1460 90.354
1 8338 1446 1460 90.4291
1 8339 1446 1460 90.5046
1 8341 1445 1460 90.5784
1 8339 1444 1461 90.6531
1 8337 1444 1461 90.7273
1 8331 1443 1462 90.8033
1 8316 1443 1463 90.8778
1 8301 1442 1464 90.9502
1 8290 1442 1465 91.0251
1 8281 1442 1466 91.1001
1 8268 1441 1467 91.175
1 8262 1441 1467 91.251
1 8253 1441 1468 91.3286
1 8243 1440 1469 91.4036
1 8240 1440 1470 91.4787
1 8239 1440 1470 91.5546
1 8251 1440 1471 91.6296
1 8264 1440 1471 91.7045
1 8269 1440 1472 91.7789
1 8271 1440 1473 91.853
1 8273 1440 1473 91.9279
1 8272 1440 1474 92.0026
1 8273 1440 1475 92.078
1 8300 1441 1476 92.1513
1 8334 1441 1477 92.2273
1 8365 1442 1477 92.3023
1 8424 1443 1478 92.3794
1 8490 1444 1479 92.4543
1 8529 1444 1480 92.5304
1 8553 1445 1480 92.6062
1 8566 1445 1481 92.6809
1 8568 1445 1481 92.7616
1 8568 1445 1481 92.8351
1 8589 1445 1482 92.9097
1 8633 1446 1483 92.9835
1 8662 1447 1484 93.0572
1 8680 1447 1484 93.1302
1 8691 1447 1484 93.2043
1 8698 1447 1484 93.2792
1 8707 1447 1485 93.3539
1 8711 1447 1485 93.4287
1 8713 1447 1485 93.5035
1 8714 1447 1485 93.5783
1 8715 1447 1485 93.6533
1 8716 1448 1485 93.7283
1 8724 1448 1485 93.8048
1 8734 1448 1485 93.8794
1 8743 1448 1486 93.9546
1 8757 1448 1486 94.0301
1 8770 1448 1486 94.1064
1 8777 1449 1487 94.1815
1 8781 1449 1487 94.2571
1 8790 1449 1488 94.3319
1 8796 1449 1488 94.4079
1 8803 1449 1489 94.4838
1 8808 1449 1490 94.5596
1 8807 1449 1491 94.6348
1 8808 1450 1491 94.7086
1 8811 1450 1492 94.7828
1 8821 1450 1492 94.8587
1 8831 1450 1493 94.9385
1 8855 1451 1494 95.013
1 8876 1451 1494 95.0886
1 8889 1451 1495 95.1629
1 8906 1452 1495 95.2364
1 8935 1452 1496 95.3083
1 8953 1453 1496 95.3833
1 8963 1453 1496 95.4572
1 8971 1453 1496 95.5293
1 8975 1453 1496 95.6043
1 8982 1453 1496 95.6792
1 8985 1453 1496 95.7545
1 8988 1453 1496 95.8298
1 8991 1453 1497 95.9051
1 8994 1454 1497 95.9801
1 8996 1454 1497 96.0552
1 8990 1454 1497 96.1301
1 8985 1454 1498 96.2056
1 8982 1454 1499 96.2802
1 8975 1454 1499 96.3552
1 8960 1453 1500 96.4302
1 8946 1453 1501 96.5059
1 8945 1453 1501 96.5813
1 8944 1454 1502 96.6564
1 8937 1454 1503 96.7293
1 8932 1454 1503 96.8053
1 8929 1454 1503 96.8804
1 8928 1454 1504 96.9564
1 8927 1454 1504 97.0318
1 8926 1454 1504 97.1063
1 8926 1454 1504 97.1914
1 8926 1454 1504 97.2676
1 8926 1454 1504 97.3431
1 8925 1454 1504 97.4185
1 8925 1454 1504 97.4935
1 8925 1454 1504 97.5673
1 8925 1454 1504 97.6419
1 8925 1454 1504 97.7169
1 8925 1454 1504 97.7893
1 8925 1454 1504 97.8643
1 8925 1454 1504 97.9397
1 8925 1454 1504 98.016
1 8925 1454 1504 98.0902
1 8925 1454 1504 98.1664
1 8925 1454 1504 98.2419
1 8925 1454 1504 98.317
1 8925 1454 1504 98.3895
1 8925 1454 1504 98.4654
1 8925 1454 1504 98.5411
1 8925 1454 1504 98.6162
1 8925 1454 1504 98.6918
1 8925 1454 1504 98.7665
1 8925 1454 1504 98.8417
1 8925 1454 1504 98.9168
1 8925 1454 1504 99.0984
