NaN 2700 1499 1498 15.0154
NaN 1620 1499 1497 15.1066
NaN 971 1498 1497 15.1824
NaN 583 1498 1496 15.2591
NaN 349 1498 1496 15.3305
NaN 209 1498 1496 15.4064
NaN 125 1498 1496 15.4825
NaN 75 1498 1496 15.5587
NaN 45 1498 1496 15.6316
NaN 27 1498 1496 15.7075
NaN 16 1498 1496 15.7835
NaN 9 1498 1496 15.8595
NaN 5 1498 1496 15.9353
NaN 3 1498 1496 16.0097
NaN 2 1498 1496 16.0859
NaN 1 1498 1496 16.1615
NaN 0 1498 1496 16.2405
NaN 0 1498 1496 16.3185
NaN 0 1498 1496 16.3925
NaN 0 1498 1496 16.4686
NaN 0 1498 1496 16.5455
NaN 0 1498 1496 16.6225
NaN 0 1498 1496 16.7006
NaN 0 1498 1496 16.7776
NaN 0 1498 1496 16.8516
NaN 0 1498 1496 16.9286
NaN 0 1498 1496 17.0055
NaN 0 1498 1496 17.0805
NaN 0 1498 1496 17.16
NaN 0 1498 1496 17.2366
NaN 0 1498 1496 17.3105
NaN 0 1498 1496 17.3855
NaN 0 1498 1496 17.4616
NaN 0 1498 1496 17.5376
NaN 0 1498 1496 17.6098
NaN 0 1498 1496 17.6846
NaN 0 1498 1496 17.7626
NaN 0 1498 1496 17.8392
NaN 0 1498 1496 17.9106
NaN 0 1498 1496 17.9866
NaN 0 1498 1496 18.0605
NaN 0 1498 1496 18.1384
NaN 0 1498 1496 18.2116
NaN 0 1498 1496 18.2867
NaN 0 1498 1496 18.3626
NaN 0 1498 1496 18.4385
NaN 0 1498 1496 18.5116
NaN 0 1498 1496 18.5876
NaN 0 1498 1496 18.6737
NaN 0 1498 1496 18.7537
NaN 0 1498 1496 18.8306
NaN 0 1498 1496 18.9076
NaN 0 1498 1496 18.9836
NaN 0 1498 1496 19.0586
NaN 0 1498 1496 19.1346
NaN 0 1498 1496 19.2113
NaN 0 1498 1496 19.2885
NaN 0 1498 1496 19.3658
NaN 0 1498 1496 19.4423
NaN 0 1498 1496 19.5194
NaN 0 1498 1496 19.5926
NaN 0 1498 1496 19.6696
NaN 0 1498 1496 19.7467
NaN 0 1498 1496 19.8227
NaN 0 1498 1496 19.9007
NaN 0 1498 1496 19.9767
NaN 0 1498 1496 20.0527
NaN 0 1498 1496 20.1288
NaN 0 1498 1496 20.2051
NaN 0 1498 1496 20.2816
NaN 0 1498 1496 20.3571
NaN 0 1498 1496 20.4307
NaN 0 1498 1496 20.5057
NaN 0 1498 1496 20.5817
NaN 0 1498 1496 20.6585
NaN 0 1498 1496 20.7317
NaN 0 1498 1496 20.8066
NaN 0 1498 1496 20.8826
NaN 0 1498 1496 20.9576
NaN 0 1498 1496 21.0338
NaN 0 1498 1496 21.1108
NaN 0 1498 1496 21.1856
NaN 0 1498 1496 21.2618
NaN 0 1498 1496 21.3407
NaN 0 1498 1496 21.4173
NaN 0 1498 1496 21.4897
NaN 0 1498 1496 21.568
NaN 0 1498 1496 21.6437
NaN 0 1498 1496 21.7197
NaN 0 1498 1496 21.7957
NaN 0 1498 1496 21.8732
NaN 0 1498 1496 21.9495
NaN 0 1498 1496 22.0253
NaN 0 1498 1496 22.1014
NaN 0 1498 1496 22.177
NaN 0 1498 1496 22.2487
NaN 0 1498 1496 22.3247
NaN 0 1498 1496 22.4008
NaN 0 1498 1496 22.4775
NaN 0 1498 1496 22.5498
NaN 0 1498 1496 22.6258
NaN 0 1498 1496 22.7018
NaN 0 1498 1496 22.7782
NaN 0 1498 1496 22.8508
NaN 0 1498 1496 22.9268
NaN 0 1498 1496 23.0037
NaN 0 1498 1496 23.0808
NaN 0 1498 1496 23.1574
NaN 0 1498 1496 23.2303
NaN 0 1498 1496 23.3048
NaN 0 1498 1496 23.3808
NaN 0 1498 1496 23.457
NaN 0 1498 1496 23.5298
NaN 0 1498 1496 23.6057
NaN 0 1498 1496 23.6828
NaN 0 1498 1496 23.7626
NaN 0 1498 1496 23.85
NaN 0 1498 1496 23.9252
NaN 0 1498 1496 24.0011
NaN 0 1498 1496 24.0772
NaN 0 1498 1496 24.1498
NaN 0 1498 1496 24.2278
NaN 0 1498 1496 24.3028
NaN 0 1498 1496 24.3778
NaN 0 1498 1496 24.4518
NaN 0 1498 1496 24.5267
NaN 0 1498 1496 24.6057
NaN 0 1498 1496 24.6828
NaN 0 1498 1496 24.7609
NaN 0 1498 1496 24.8356
NaN 0 1498 1496 24.91
NaN 0 1498 1496 24.9853
NaN 0 1498 1496 25.0594
NaN 0 1498 1496 25.1343
NaN 0 1498 1496 25.2092
NaN 0 1498 1496 25.2893
NaN 0 1498 1496 25.3646
NaN 0 1498 1496 25.4389
NaN 0 1498 1496 25.5149
NaN 0 1498 1496 25.5904
NaN 0 1498 1496 25.6653
NaN 26 1497 1497 25.7405
NaN 232 1496 1498 25.8154
NaN 719 1496 1499 25.8907
NaN 1405 1497 1499 25.9662
NaN 2093 1497 1499 26.0421
NaN 2573 1497 1498 26.1169
NaN 2812 1497 1498 26.1899
NaN 2751 1499 1501 26.2648
NaN 2320 1501 1508 26.3479
NaN 1684 1502 1517 26.4228
NaN 1185 1507 1519 26.4978
NaN 790 1512 1519 26.5729
NaN 556 1515 1519 26.648
NaN 464 1516 1519 26.7219
NaN 555 1515 1519 26.7959
NaN 875 1512 1518 26.8713
NaN 1421 1508 1518 26.9469
NaN 2219 1507 1519 27.0209
NaN 3166 1508 1520 27.0962
NaN 3870 1510 1521 27.1679
NaN 3937 1510 1525 27.2428
NaN 3277 1505 1531 27.3178
NaN 2411 1500 1534 27.3929
NaN 1841 1501 1531 27.4699
NaN 1388 1503 1530 27.5448
NaN 976 1506 1527 27.62
NaN 585 1506 1518 27.6944
NaN 351 1504 1511 27.7696
NaN 210 1503 1507 27.8443
NaN 126 1503 1504 27.9201
NaN 75 1501 1502 27.9953
NaN 45 1500 1501 28.0705
NaN 27 1499 1500 28.1454
NaN 16 1499 1500 28.2204
NaN 9 1499 1499 28.2965
NaN 5 1498 1499 28.3713
NaN 3 1498 1499 28.45
NaN 2 1498 1499 28.5249
NaN 1 1498 1499 28.5999
NaN 0 1498 1499 28.6755
NaN 0 1498 1499 28.75
NaN 0 1498 1499 28.8266
NaN 0 1498 1499 28.9018
NaN 0 1498 1499 28.9767
NaN 0 1498 1499 29.0499
NaN 0 1498 1499 29.1261
NaN 0 1498 1499 29.2034
NaN 0 1498 1499 29.2792
NaN 0 1498 1499 29.354
NaN 0 1498 1499 29.4284
NaN 0 1498 1499 29.503
NaN 0 1498 1499 29.5775
NaN 0 1498 1499 29.6499
NaN 0 1498 1499 29.724
NaN 0 1498 1499 29.7979
NaN 0 1498 1499 29.8729
NaN 0 1498 1499 29.9496
NaN 0 1498 1499 30.0249
NaN 0 1498 1499 30.1027
NaN 0 1498 1499 30.1797
NaN 0 1498 1499 30.2557
NaN 0 1498 1499 30.3303
NaN 0 1498 1499 30.4218
NaN 0 1498 1499 30.4965
NaN 0 1498 1499 30.569
NaN 0 1498 1499 30.644
NaN 0 1498 1499 30.72
NaN 0 1498 1499 30.7956
NaN 0 1498 1499 30.8703
0 0 1498 1499 30.9464
0 0 1498 1499 31.0231
0 0 1498 1499 31.098
0 0 1498 1499 31.1717
0 0 1498 1499 31.2472
0 0 1498 1499 31.3242
0 0 1498 1499 31.3995
0 0 1498 1499 31.4742
0 0 1498 1499 31.5573
0 0 1498 1499 31.6314
0 0 1498 1499 31.7053
0 0 1497 1499 31.7801
0 0 1497 1499 31.8551
0 0 1496 1499 31.9301
0 0 1496 1499 32.005
0 3 1496 1499 32.0794
0 43 1495 1498 32.1535
0 105 1495 1498 32.2288
0 154 1495 1498 32.3034
0 184 1495 1498 32.3764
0 204 1495 1498 32.4518
0 230 1494 1498 32.5261
0 259 1493 1498 32.6011
0 279 1493 1498 32.6764
0 291 1492 1499 32.7492
0 299 1492 1499 32.8242
0 310 1492 1499 32.898
0 321 1492 1498 32.9733
0 328 1491 1498 33.0486
0 335 1491 1498 33.1242
0 348 1491 1498 33.2
0 382 1491 1498 33.2756
0 418 1491 1498 33.3482
0 442 1491 1498 33.4261
0 460 1492 1498 33.5081
0 487 1492 1499 33.5841
0 528 1493 1499 33.6591
0 577 1493 1499 33.734
0 626 1494 1499 33.8091
0 667 1494 1500 33.8851
0 699 1494 1500 33.9592
0 729 1495 1500 34.0331
0 762 1495 1500 34.1097
0 788 1496 1500 34.1836
0 806 1496 1500 34.2609
0 825 1496 1500 34.3356
0 839 1496 1500 34.4081
0 849 1496 1500 34.4821
0 864 1495 1500 34.5571
0 886 1495 1500 34.6323
0 910 1495 1500 34.7073
0 930 1494 1500 34.7832
0 946 1494 1500 34.8582
0 960 1494 1500 34.9341
0 978 1494 1499 35.009
0 995 1493 1499 35.0845
0 1007 1493 1499 35.16
0 1016 1493 1499 35.2353
0 1028 1493 1499 35.3081
0 1044 1493 1499 35.3841
0 1065 1492 1498 35.4601
0 1085 1492 1498 35.5394
0 1104 1492 1498 35.6147
0 1121 1491 1498 35.6891
0 1139 1491 1498 35.7651
0 1158 1491 1498 35.8405
0 1171 1490 1498 35.9155
0 1179 1490 1498 35.9881
0 1189 1490 1498 36.0642
0 1199 1490 1497 36.1403
0 1205 1490 1497 36.2171
0 1214 1489 1498 36.2902
0 1226 1489 1497 36.3662
0 1236 1489 1497 36.4412
0 1246 1489 1497 36.5162
0 1264 1489 1497 36.5882
0 1289 1489 1498 36.6632
0 1317 1489 1498 36.7383
0 1340 1489 1498 36.8163
0 1358 1489 1498 36.8902
0 1376 1490 1498 36.9656
0 1393 1490 1498 37.0404
0 1408 1490 1498 37.1158
0 1426 1490 1498 37.1894
0 1446 1491 1499 37.2632
0 1465 1491 1499 37.3392
0 1484 1491 1499 37.416
0 1503 1492 1500 37.4922
0 1518 1492 1500 37.5704
0 1530 1492 1500 37.6452
0 1546 1492 1500 37.7203
0 1566 1491 1500 37.7971
0 1593 1491 1500 37.8723
0 1632 1491 1500 37.9473
0 1677 1491 1500 38.0222
0 1714 1491 1500 38.0973
0 1744 1491 1500 38.1723
0 1770 1491 1500 38.2473
0 1791 1491 1501 38.3223
0 1803 1491 1501 38.3974
0 1810 1491 1501 38.4723
0 1821 1492 1501 38.5472
0 1840 1492 1501 38.6283
0 1851 1492 1502 38.7023
0 1858 1492 1502 38.7773
0 1862 1492 1502 38.8533
0 1867 1492 1502 38.9285
0 1879 1492 1502 39.0033
0 1898 1491 1502 39.0783
0 1913 1491 1502 39.153
0 1923 1491 1502 39.2275
0 1932 1491 1502 39.3052
0 1942 1490 1502 39.3814
0 1953 1490 1502 39.4587
0 1969 1490 1502 39.5316
0 2001 1490 1502 39.6076
0 2047 1490 1502 39.6825
0 2092 1489 1502 39.7573
0 2131 1489 1501 39.8324
0 2161 1489 1501 39.9083
0 2185 1489 1501 39.9843
0 2209 1490 1501 40.0603
0 2237 1490 1501 40.1362
0 2266 1490 1501 40.2083
0 2297 1490 1501 40.2843
0 2323 1490 1501 40.3603
0 2347 1490 1501 40.4358
0 2372 1490 1502 40.5083
0 2396 1491 1502 40.5853
0 2419 1491 1502 40.6703
0 2438 1491 1502 40.7453
0 2456 1491 1502 40.8233
0 2472 1491 1502 40.8993
0 2487 1491 1502 40.9765
0 2500 1491 1502 41.0511
0 2514 1491 1502 41.1254
0 2528 1491 1502 41.2005
0 2539 1491 1502 41.2753
0 2551 1491 1502 41.3504
0 2566 1491 1501 41.4265
0 2602 1491 1501 41.504
0 2663 1491 1501 41.5788
0 2745 1491 1501 41.6514
0 2822 1492 1501 41.7264
0 2880 1492 1500 41.8014
0 2918 1492 1500 41.8765
0 2944 1492 1500 41.9494
0 2963 1492 1500 42.0265
0 2976 1492 1500 42.1014
0 2986 1492 1500 42.179
0 3001 1492 1500 42.2515
0 3018 1492 1500 42.3265
0 3033 1492 1500 42.4024
0 3049 1492 1500 42.4787
0 3065 1492 1500 42.5535
0 3084 1492 1500 42.6312
0 3103 1491 1500 42.7127
0 3117 1491 1500 42.7886
0 3127 1491 1500 42.8641
0 3136 1491 1500 42.9397
0 3149 1491 1500 43.0152
0 3166 1491 1500 43.0977
0 3186 1491 1500 43.1734
0 3201 1491 1500 43.2476
0 3216 1492 1500 43.3218
0 3229 1492 1500 43.3964
0 3244 1492 1501 43.4694
0 3264 1492 1501 43.5434
0 3282 1492 1501 43.6196
0 3301 1493 1502 43.7074
0 3317 1493 1502 43.7828
0 3330 1493 1502 43.8571
0 3341 1493 1502 43.9295
0 3351 1493 1502 44.0044
0 3359 1494 1502 44.0794
0 3364 1494 1502 44.1678
0 3371 1494 1502 44.2404
0 3378 1494 1502 44.316
0 3389 1494 1502 44.3886
0 3404 1494 1502 44.4634
0 3419 1494 1502 44.5385
0 3434 1494 1502 44.6149
0 3444 1494 1502 44.6899
0 3454 1494 1502 44.7652
0 3462 1494 1502 44.8402
0 3471 1494 1502 44.9152
0 3477 1493 1502 44.9912
0 3482 1493 1502 45.0657
0 3485 1493 1502 45.1431
0 3491 1493 1502 45.2293
0 3501 1493 1502 45.303
0 3511 1493 1502 45.3788
0 3520 1493 1502 45.4534
0 3526 1493 1501 45.5299
0 3533 1493 1501 45.6055
0 3540 1493 1501 45.6799
0 3551 1493 1501 45.7577
0 3564 1493 1501 45.8316
0 3585 1493 1501 45.9061
0 3622 1493 1501 45.9804
0 3660 1493 1501 46.0551
0 3697 1493 1501 46.1289
0 3732 1493 1501 46.2048
0 3765 1493 1501 46.2871
0 3793 1493 1501 46.3616
0 3819 1493 1501 46.4365
0 3842 1493 1501 46.5095
0 3857 1493 1501 46.5846
0 3867 1493 1500 46.6597
0 3874 1493 1500 46.7357
0 3882 1493 1501 46.8107
0 3893 1493 1501 46.887
0 3906 1493 1501 46.9625
0 3920 1493 1501 47.0383
0 3938 1494 1501 47.1105
0 3957 1494 1501 47.1866
0 3976 1494 1501 47.2636
0 3997 1495 1501 47.3379
0 4022 1495 1501 47.4106
0 4048 1495 1501 47.4866
0 4077 1496 1501 47.5626
0 4109 1496 1501 47.6376
0 4130 1496 1501 47.7117
0 4146 1497 1501 47.7883
0 4158 1497 1501 47.8676
0 4170 1497 1501 47.9416
0 4179 1497 1501 48.0156
0 4187 1496 1501 48.0906
0 4198 1496 1501 48.1656
0 4211 1496 1501 48.2406
0 4223 1496 1501 48.3171
0 4234 1496 1501 48.3886
0 4247 1495 1501 48.4646
0 4263 1495 1500 48.5397
0 4277 1495 1500 48.6143
0 4288 1495 1500 48.6881
0 4298 1495 1500 48.7672
0 4309 1495 1500 48.8488
0 4319 1494 1500 48.9226
0 4334 1494 1500 48.9984
0 4356 1494 1500 49.0706
0 4384 1494 1500 49.1476
0 4408 1494 1500 49.2236
0 4435 1494 1500 49.2986
0 4468 1494 1500 49.3754
0 4510 1493 1500 49.4501
0 4563 1494 1500 49.5248
0 4612 1494 1500 49.6
0 4644 1494 1500 49.6751
0 4664 1494 1500 49.7595
0 4678 1494 1500 49.8342
0 4690 1494 1499 49.9093
0 4701 1493 1499 49.9847
0 4719 1493 1500 50.0599
0 4748 1493 1500 50.1342
0 4786 1493 1500 50.2078
0 4822 1493 1500 50.2833
0 4851 1493 1500 50.3581
0 4870 1493 1501 50.4334
0 4884 1493 1501 50.5077
0 4892 1493 1501 50.5827
0 4900 1494 1501 50.6577
0 4908 1494 1501 50.7324
0 4916 1494 1501 50.8083
0 4924 1494 1501 50.8908
0 4934 1494 1502 50.9635
0 4946 1494 1502 51.0383
0 4957 1495 1502 51.1107
0 4969 1495 1502 51.1867
0 4980 1495 1502 51.2637
0 4987 1495 1503 51.3397
0 4999 1495 1502 51.4155
0 5015 1496 1502 51.4928
0 5034 1496 1502 51.5677
0 5059 1496 1502 51.6437
0 5082 1495 1502 51.7187
0 5106 1495 1502 51.7941
0 5129 1495 1502 51.869
0 5145 1495 1502 51.9441
0 5158 1495 1502 52.0195
0 5175 1495 1502 52.0944
0 5194 1495 1502 52.1689
0 5208 1495 1501 52.2443
0 5218 1495 1501 52.3198
0 5226 1495 1501 52.3953
0 5231 1495 1501 52.4669
0 5236 1495 1501 52.5528
0 5242 1495 1501 52.6268
0 5253 1495 1501 52.7018
0 5262 1495 1501 52.777
0 5273 1495 1501 52.8518
0 5289 1495 1501 52.9358
0 5310 1495 1501 53.0098
0 5325 1495 1501 53.0848
0 5338 1495 1501 53.1598
0 5348 1495 1501 53.2371
0 5358 1495 1501 53.3105
0 5368 1494 1501 53.3859
0 5377 1494 1501 53.4628
0 5386 1494 1501 53.5386
0 5393 1494 1501 53.6108
0 5402 1494 1501 53.686
0 5413 1494 1501 53.7609
0 5424 1494 1501 53.8368
0 5435 1494 1501 53.9099
0 5447 1494 1501 53.9869
0 5457 1495 1501 54.0648
0 5467 1495 1502 54.1399
0 5476 1495 1502 54.2159
0 5482 1495 1502 54.289
0 5488 1495 1502 54.367
0 5494 1495 1502 54.444
0 5499 1495 1502 54.5218
0 5501 1495 1502 54.5972
0 5503 1495 1502 54.6699
0 5505 1495 1502 54.7458
0 5509 1495 1502 54.8199
0 5516 1495 1502 54.8955
0 5525 1495 1502 54.9669
0 5534 1495 1502 55.0418
0 5539 1495 1502 55.117
0 5544 1495 1502 55.191
0 5548 1495 1502 55.2659
0 5551 1495 1502 55.3409
0 5555 1495 1502 55.4159
0 5559 1495 1502 55.4879
0 5566 1495 1502 55.5629
0 5573 1494 1502 55.6379
0 5581 1494 1502 55.7136
0 5591 1494 1502 55.7882
0 5600 1494 1501 55.8627
0 5607 1494 1501 55.9378
0 5614 1494 1501 56.0109
0 5622 1493 1501 56.086
0 5630 1493 1501 56.1639
0 5638 1493 1501 56.2389
0 5645 1493 1501 56.315
0 5657 1493 1501 56.3879
0 5680 1493 1501 56.4629
0 5715 1493 1501 56.5389
0 5744 1492 1501 56.6156
0 5764 1492 1501 56.6902
0 5779 1492 1500 56.7701
0 5789 1492 1500 56.8443
0 5801 1492 1500 56.9193
0 5819 1492 1500 56.9957
0 5837 1493 1501 57.0726
0 5861 1493 1501 57.1484
0 5893 1493 1501 57.224
0 5933 1493 1501 57.2986
0 5976 1493 1501 57.372
0 6017 1494 1501 57.4459
0 6055 1494 1502 57.522
0 6081 1494 1502 57.5969
0 6098 1494 1502 57.6752
0 6113 1494 1502 57.7514
0 6128 1494 1502 57.8261
0 6142 1494 1502 57.9
0 6155 1494 1503 57.9756
0 6168 1494 1503 58.048
0 6180 1494 1503 58.123
0 6192 1494 1503 58.1979
0 6204 1494 1503 58.2734
0 6214 1494 1503 58.348
0 6223 1494 1503 58.4231
0 6230 1494 1503 58.498
0 6235 1494 1503 58.5712
0 6239 1494 1503 58.646
0 6242 1494 1503 58.721
0 6246 1494 1503 58.7963
0 6250 1494 1503 58.869
0 6259 1494 1502 58.945
0 6269 1494 1502 59.021
0 6277 1493 1502 59.0975
0 6285 1493 1502 59.17
0 6297 1493 1502 59.2471
0 6310 1493 1502 59.3221
0 6324 1493 1502 59.396
0 6342 1493 1502 59.473
0 6357 1493 1502 59.548
0 6370 1492 1502 59.623
0 6382 1492 1502 59.6992
0 6398 1492 1502 59.7748
0 6423 1493 1501 59.852
0 6468 1493 1501 59.9264
0 6522 1493 1501 60.001
0 6564 1493 1501 60.0763
0 6596 1493 1501 60.149
0 6624 1493 1501 60.2242
0 6651 1493 1501 60.3001
0 6681 1493 1501 60.3754
0 6713 1493 1501 60.4481
0 6740 1493 1501 60.5231
0 6763 1493 1502 60.5981
0 6787 1493 1502 60.6741
0 6812 1493 1502 60.7499
0 6831 1493 1502 60.8254
0 6846 1493 1502 60.9003
0 6870 1493 1502 60.9757
0 6897 1492 1502 61.0482
0 6918 1492 1503 61.1231
0 6938 1491 1503 61.1991
0 6956 1491 1503 61.2741
0 6975 1491 1503 61.3505
0 6991 1491 1503 61.4274
0 7010 1491 1503 61.502
0 7027 1491 1503 61.5808
0 7049 1491 1503 61.6554
0 7080 1491 1503 61.7305
0 7129 1491 1503 61.8056
0 7178 1492 1502 61.8812
0 7212 1492 1502 61.9631
0 7239 1492 1503 62.0382
0 7257 1492 1503 62.1133
0 7270 1492 1503 62.1877
0 7278 1492 1503 62.2622
0 7282 1492 1503 62.3366
0 7284 1492 1503 62.4082
0 7287 1492 1503 62.4834
0 7291 1492 1503 62.5583
0 7294 1492 1503 62.6332
0 7297 1492 1503 62.7087
0 7304 1492 1503 62.7834
0 7317 1492 1502 62.8596
0 7331 1491 1502 62.9343
0 7345 1491 1502 63.021
0 7370 1491 1502 63.0958
0 7413 1491 1502 63.1709
0 7454 1491 1502 63.2456
0 7488 1491 1502 63.3205
0 7517 1491 1502 63.3952
0 7546 1490 1502 63.4681
0 7576 1490 1502 63.5431
0 7598 1490 1502 63.6181
0 7614 1490 1502 63.6947
0 7628 1490 1502 63.7706
0 7642 1491 1502 63.8461
0 7650 1491 1502 63.9216
0 7655 1491 1502 63.9959
0 7658 1491 1502 64.0805
0 7664 1491 1503 64.1552
0 7673 1491 1503 64.2322
0 7679 1491 1503 64.3063
0 7683 1491 1503 64.3802
0 7686 1491 1503 64.457
0 7695 1491 1503 64.5292
0 7719 1490 1503 64.6042
0 7737 1490 1503 64.6792
0 7754 1489 1503 64.7549
0 7779 1489 1503 64.831
0 7815 1489 1503 64.9052
0 7861 1490 1503 64.9812
0 7909 1490 1503 65.0571
0 7942 1491 1502 65.131
0 7967 1491 1502 65.2054
0 7987 1491 1502 65.2802
0 8002 1491 1501 65.3558
0 8016 1492 1501 65.4283
0 8028 1492 1501 65.5093
0 8046 1492 1500 65.5847
0 8078 1492 1500 65.6612
0 8111 1492 1499 65.736
0 8137 1492 1499 65.8082
0 8161 1492 1498 65.8834
0 8185 1492 1498 65.9614
0 8210 1492 1498 66.0382
0 8232 1492 1497 66.1113
0 8249 1492 1497 66.1883
0 8260 1492 1497 66.2643
0 8269 1492 1497 66.3393
0 8275 1492 1497 66.4151
0 8278 1492 1497 66.496
0 8282 1492 1497 66.5706
0 8286 1491 1497 66.6454
0 8289 1491 1497 66.7193
0 8292 1491 1497 66.7943
0 8294 1491 1497 66.8684
0 8296 1491 1497 66.9426
0 8299 1491 1497 67.0158
0 8302 1491 1497 67.0883
0 8303 1491 1497 67.1633
0 8310 1491 1497 67.2424
0 8323 1491 1497 67.318
0 8332 1491 1497 67.3903
0 8340 1491 1497 67.4663
0 8349 1491 1497 67.5413
0 8360 1491 1498 67.6162
0 8372 1492 1498 67.6894
0 8381 1492 1498 67.7653
0 8386 1492 1498 67.8413
0 8390 1492 1498 67.9168
0 8392 1492 1498 67.9893
0 8393 1492 1498 68.0645
0 8394 1492 1498 68.1403
0 8394 1492 1498 68.2156
0 8397 1492 1498 68.2883
0 8401 1492 1498 68.3643
0 8403 1492 1498 68.4403
0 8405 1492 1498 68.5177
0 8406 1492 1498 68.5903
0 8407 1491 1498 68.6673
0 8408 1491 1498 68.7444
0 8415 1491 1498 68.8204
0 8432 1490 1498 68.8968
0 8447 1490 1499 68.9694
0 8459 1489 1499 69.0444
0 8484 1489 1499 69.1194
0 8533 1489 1499 69.1944
0 8607 1489 1498 69.2708
0 8657 1488 1498 69.3444
0 8688 1488 1498 69.4194
0 8706 1488 1498 69.4949
0 8718 1488 1498 69.5674
0 8725 1488 1498 69.6434
0 8730 1488 1498 69.7185
0 8732 1488 1498 69.7937
0 8734 1488 1498 69.8694
0 8735 1488 1498 69.9445
0 8736 1488 1498 70.0202
0 8737 1488 1498 70.0975
0 8738 1488 1498 70.1704
0 8740 1488 1498 70.2474
0 8740 1488 1498 70.3234
0 8741 1488 1498 70.3995
0 8741 1488 1498 70.4747
0 8743 1488 1498 70.5479
0 8746 1487 1498 70.6224
0 8748 1487 1498 70.6975
0 8750 1487 1498 70.7726
0 8750 1487 1498 70.8473
0 8751 1487 1498 70.9242
0 8751 1487 1498 70.9991
0 8751 1487 1498 71.0739
0 8751 1487 1498 71.1498
0 8751 1487 1498 71.2244
0 8752 1487 1498 71.2988
0 8752 1487 1498 71.3733
0 8752 1487 1498 71.4489
0 8752 1487 1498 71.5227
0 8752 1487 1498 71.5984
0 8752 1487 1498 71.6714
0 8752 1487 1498 71.7464
0 8752 1487 1498 71.8235
0 8752 1487 1498 71.8985
0 8752 1487 1498 71.9738
0 8752 1487 1498 72.0519
0 8752 1487 1498 72.1263
0 8752 1487 1498 72.2025
0 8752 1487 1498 72.2781
0 8752 1487 1498 72.3576
0 8752 1487 1498 72.4305
0 8752 1487 1498 72.5056
0 8752 1487 1498 72.5815
0 8752 1487 1498 72.6565
0 8752 1487 1498 72.7315
0 8752 1487 1498 72.8075
0 8752 1487 1498 72.8845
0 8752 1487 1498 72.9605
0 8752 1487 1498 73.037
0 8752 1487 1498 73.1095
0 8752 1487 1498 73.1855
0 8752 1487 1498 73.2616
0 8752 1487 1498 73.3391
0 8752 1487 1498 73.413
0 8752 1487 1498 73.488
0 8752 1487 1498 73.5635
0 8753 1487 1498 73.638
0 8753 1487 1498 73.7095
0 8754 1487 1498 73.7845
0 8754 1487 1498 73.8595
0 8755 1487 1498 73.9354
0 8755 1487 1498 74.0075
0 8756 1487 1498 74.0825
0 8762 1487 1498 74.1586
0 8775 1486 1498 74.2358
0 8790 1485 1499 74.3093
0 8801 1484 1499 74.3856
0 8807 1484 1499 74.4595
0 8811 1484 1499 74.5358
0 8814 1484 1499 74.6086
0 8815 1484 1499 74.6835
NaN 8816 1483 1499 74.7585
NaN 8817 1483 1499 74.8339
NaN 8817 1483 1499 74.9091
NaN 8817 1483 1499 74.9836
NaN 8817 1483 1499 75.0591
NaN 8817 1483 1499 75.1342
NaN 8817 1483 1499 75.2088
NaN 8817 1483 1499 75.2837
NaN 8817 1483 1499 75.3588
NaN 8817 1483 1499 75.4359
NaN 8817 1483 1499 75.5086
NaN 8817 1483 1499 75.5886
NaN 8817 1483 1499 75.6646
NaN 8817 1483 1499 75.7396
NaN 8817 1483 1499 75.8141
NaN 8817 1483 1499 75.889
NaN 8817 1483 1499 75.9633
NaN 8817 1483 1499 76.0384
NaN 8817 1483 1499 76.1096
NaN 8816 1483 1499 76.1846
NaN 8816 1483 1499 76.2591
NaN 8816 1483 1499 76.3346
NaN 8816 1483 1499 76.4096
NaN 8816 1483 1499 76.4849
NaN 8816 1483 1499 76.5601
NaN 8816 1483 1499 76.6367
NaN 8816 1483 1499 76.7096
NaN 8816 1483 1499 76.7848
NaN 8816 1483 1499 76.8598
NaN 8816 1483 1499 76.937
NaN 8814 1484 1499 77.0107
NaN 8814 1484 1499 77.0856
NaN 8813 1484 1499 77.1616
NaN 8813 1484 1499 77.2365
NaN 8813 1484 1499 77.3094
NaN 8813 1484 1499 77.3847
NaN 8813 1484 1499 77.4667
NaN 8813 1484 1499 77.5417
NaN 8812 1484 1499 77.6172
NaN 8811 1484 1499 77.6907
NaN 8810 1484 1499 77.7666
NaN 8809 1484 1499 77.8417
NaN 8807 1484 1499 77.9176
NaN 8807 1484 1499 77.9928
NaN 8806 1484 1499 78.0667
NaN 8806 1484 1499 78.1417
NaN 8805 1484 1499 78.2157
NaN 8805 1484 1499 78.2907
NaN 8804 1484 1499 78.3657
NaN 8804 1484 1499 78.4407
NaN 8803 1484 1499 78.5158
NaN 8803 1484 1499 78.5877
NaN 8803 1484 1499 78.6627
NaN 8803 1484 1499 78.7377
NaN 8803 1484 1499 78.8129
NaN 8803 1484 1499 78.8868
NaN 8803 1484 1499 78.9618
0 8803 1484 1499 79.0373
0 8803 1484 1499 79.1099
0 8803 1484 1499 79.1847
0 8803 1484 1499 79.2597
0 8803 1484 1499 79.3351
0 8805 1484 1499 79.4088
0 8806 1484 1499 79.4856
0 8807 1484 1499 79.5609
0 8808 1484 1499 79.6358
0 8808 1484 1499 79.7088
NaN 8808 1484 1499 79.7837
NaN 8808 1484 1499 79.8587
NaN 8808 1484 1499 79.9346
NaN 8808 1484 1499 80.0091
NaN 8808 1484 1499 80.0846
NaN 8808 1484 1499 80.1592
NaN 8808 1484 1499 80.2344
NaN 8808 1484 1499 80.309
NaN 8808 1484 1499 80.3838
NaN 8808 1484 1499 80.4606
NaN 8808 1484 1499 80.5441
NaN 8808 1484 1499 80.6166
NaN 8808 1484 1499 80.6878
NaN 8808 1484 1499 80.7638
NaN 8808 1484 1499 80.8387
NaN 8808 1484 1499 80.9127
NaN 8808 1484 1499 80.9878
NaN 8808 1484 1499 81.0622
NaN 8808 1484 1499 81.1357
NaN 8808 1484 1499 81.2088
NaN 8808 1484 1499 81.2839
1 8808 1484 1499 81.3598
1 8808 1484 1499 81.4361
1 8808 1484 1499 81.509
1 8808 1484 1499 81.584
1 8810 1484 1499 81.6589
1 8811 1484 1499 81.7345
1 8811 1483 1499 81.81
1 8812 1483 1499 81.8852
1 8812 1483 1499 81.96
1 8813 1483 1499 82.0354
1 8815 1483 1499 82.1079
1 8822 1483 1499 82.1828
1 8828 1482 1500 82.2568
1 8832 1482 1500 82.3326
1 8837 1482 1500 82.408
1 8847 1481 1500 82.4847
1 8860 1480 1500 82.5657
1 8875 1479 1501 82.6416
1 8891 1478 1501 82.7162
1 8907 1476 1501 82.7879
1 8924 1475 1502 82.8632
1 8942 1473 1502 82.938
1 8957 1472 1503 83.0121
1 8971 1470 1503 83.0884
1 8983 1469 1503 83.1624
1 8989 1468 1504 83.2361
1 8993 1467 1504 83.3079
1 8996 1466 1504 83.3831
1 8997 1465 1505 83.4589
1 8998 1464 1505 83.534
1 8999 1463 1505 83.6089
1 8999 1462 1505 83.6847
1 8999 1461 1506 83.7613
1 8999 1460 1506 83.8362
1 8990 1459 1505 83.9087
1 8960 1458 1505 83.9879
1 8894 1456 1503 84.0639
1 8811 1454 1502 84.1389
1 8754 1453 1501 84.216
1 8721 1452 1500 84.2927
1 8705 1452 1499 84.3674
1 8699 1452 1498 84.4427
1 8685 1451 1496 84.5173
1 8639 1450 1494 84.59
1 8572 1449 1492 84.6649
1 8496 1447 1491 84.7428
1 8436 1446 1489 84.8176
1 8394 1445 1489 84.8899
1 8360 1445 1488 84.967
1 8327 1444 1487 85.043
1 8298 1444 1487 85.1179
1 8270 1443 1487 85.1939
1 8241 1443 1486 85.2694
1 8219 1442 1486 85.3448
1 8206 1441 1486 85.4191
1 8197 1440 1486 85.4945
1 8191 1439 1486 85.566
1 8186 1438 1486 85.6482
1 8183 1437 1487 85.7241
1 8181 1437 1487 85.8011
1 8179 1436 1487 85.8764
1 8177 1436 1487 85.949
1 8176 1436 1487 86.034
1 8175 1436 1487 86.1089
1 8177 1436 1487 86.184
1 8181 1436 1487 86.259
1 8185 1436 1487 86.3347
1 8193 1436 1487 86.4072
1 8206 1436 1488 86.484
1 8222 1437 1488 86.563
1 8240 1437 1488 86.639
1 8254 1437 1488 86.7144
1 8261 1438 1488 86.787
1 8273 1438 1488 86.863
1 8290 1438 1488 86.9392
1 8301 1439 1489 87.014
1 8308 1439 1489 87.087
1 8312 1439 1489 87.163
1 8314 1439 1489 87.2381
1 8317 1439 1489 87.3132
1 8322 1439 1489 87.3887
1 8326 1440 1489 87.4628
1 8329 1440 1489 87.5388
1 8332 1440 1489 87.6122
1 8335 1440 1489 87.6993
1 8338 1441 1489 87.7737
1 8343 1441 1489 87.8476
1 8346 1441 1489 87.9223
1 8349 1441 1489 87.997
1 8350 1441 1489 88.07
1 8351 1441 1489 88.146
1 8351 1441 1489 88.2211
1 8351 1441 1489 88.2977
1 8354 1441 1489 88.3701
1 8359 1441 1489 88.445
1 8365 1442 1489 88.5211
1 8368 1442 1489 88.5976
1 8370 1442 1489 88.6702
1 8371 1442 1489 88.745
1 8378 1442 1489 88.82
1 8388 1442 1489 88.8949
1 8394 1442 1489 88.9676
1 8398 1442 1489 89.0443
1 8401 1442 1489 89.1201
1 8402 1442 1489 89.1958
1 8403 1442 1489 89.2681
1 8404 1442 1489 89.3442
1 8404 1442 1489 89.4191
1 8404 1442 1489 89.4955
1 8404 1442 1490 89.5681
1 8404 1442 1490 89.6441
1 8404 1442 1490 89.724
1 8409 1443 1490 89.7984
1 8427 1443 1490 89.8731
1 8456 1443 1490 89.9481
1 8479 1444 1491 90.0221
1 8493 1444 1491 90.0979
1 8501 1444 1491 90.175
1 8514 1444 1491 90.2502
1 8531 1445 1492 90.3243
1 8545 1445 1492 90.4001
1 8552 1445 1492 90.4757
1 8556 1445 1492 90.5481
1 8557 1445 1493 90.6231
1 8558 1444 1493 90.6981
1 8554 1444 1493 90.7732
1 8554 1443 1494 90.8514
1 8573 1443 1495 90.9264
1 8595 1443 1496 91.0009
1 8607 1443 1496 91.0765
1 8614 1443 1497 91.1493
1 8621 1442 1498 91.2241
1 8624 1442 1498 91.2991
1 8625 1441 1499 91.3744
1 8626 1441 1499 91.4472
1 8626 1440 1499 91.5221
1 8626 1440 1500 91.5992
1 8623 1440 1500 91.6763
1 8624 1440 1501 91.7551
1 8623 1440 1502 91.8302
1 8623 1439 1502 91.9062
1 8619 1439 1503 91.9812
1 8613 1438 1503 92.0572
1 8609 1438 1503 92.1322
1 8606 1438 1504 92.2082
1 8600 1437 1504 92.2842
1 8591 1436 1504 92.3582
1 8581 1436 1505 92.4327
1 8574 1436 1505 92.5066
1 8569 1435 1505 92.5816
1 8565 1435 1505 92.658
1 8562 1435 1505 92.7317
1 8564 1435 1505 92.8152
1 8583 1436 1506 92.8892
1 8615 1437 1506 92.9633
1 8641 1438 1506 93.0382
1 8654 1438 1507 93.1144
1 8675 1439 1508 93.19
1 8703 1441 1509 93.2676
1 8719 1441 1510 93.3486
1 8728 1442 1510 93.4232
1 8726 1442 1511 93.4991
1 8711 1442 1512 93.5749
1 8712 1443 1513 93.6472
1 8716 1443 1515 93.7222
1 8713 1444 1516 93.7994
1 8710 1444 1517 93.8747
1 8703 1444 1518 93.9472
1 8688 1444 1518 94.0232
1 8672 1444 1519 94.0982
1 8656 1444 1519 94.174
1 8644 1444 1520 94.25
1 8632 1444 1520 94.3244
1 8619 1443 1521 94.4059
1 8606 1443 1521 94.4786
1 8587 1443 1522 94.5533
1 8569 1443 1522 94.6278
1 8550 1443 1523 94.7034
1 8524 1443 1524 94.7794
1 8499 1443 1525 94.8543
1 8482 1443 1526 94.9284
1 8483 1443 1527 95.0042
1 8509 1444 1528 95.0794
1 8546 1446 1529 95.1534
1 8593 1447 1529 95.2297
1 8635 1447 1528 95.3034
1 8713 1449 1527 95.3784
1 8828 1451 1523 95.4536
1 8896 1453 1521 95.5288
1 8938 1454 1520 95.6039
1 8962 1455 1520 95.6787
1 8977 1456 1519 95.7537
1 8986 1457 1519 95.829
1 8991 1457 1519 95.9035
1 8995 1457 1518 95.978
1 8997 1457 1518 96.053
1 8998 1457 1518 96.1277
1 8998 1458 1518 96.2025
1 8999 1458 1518 96.2785
1 8997 1459 1518 96.3558
1 8977 1459 1519 96.4273
1 8947 1459 1520 96.5084
1 8928 1459 1521 96.5835
1 8917 1459 1521 96.6573
1 8910 1459 1521 96.7334
1 8906 1459 1522 96.8099
1 8903 1459 1522 96.8834
1 8902 1460 1522 96.9601
1 8901 1460 1522 97.0341
1 8900 1460 1522 97.109
1 8900 1460 1522 97.1827
1 8899 1461 1521 97.2565
1 8899 1461 1521 97.3284
1 8899 1462 1521 97.4035
1 8905 1462 1521 97.4814
1 8921 1462 1522 97.5564
1 8936 1463 1522 97.6314
1 8945 1463 1522 97.7064
1 8951 1463 1522 97.7814
1 8954 1463 1522 97.8574
1 8956 1464 1523 97.9334
1 8957 1464 1523 98.0104
1 8958 1464 1523 98.0854
1 8958 1464 1523 98.1606
1 8958 1464 1523 98.2384
1 8958 1464 1523 98.3166
1 8959 1464 1523 98.3918
1 8959 1464 1523 98.4678
1 8959 1464 1523 98.545
1 8959 1464 1523 98.6194
1 8959 1464 1523 98.6946
1 8958 1464 1523 98.7675
1 8963 1464 1523 98.8434
1 8978 1464 1523 98.9186
1 8986 1466 1524 98.9925
1 8992 1467 1525 99.068
1 8995 1468 1526 99.1462
1 8997 1468 1526 99.2204
1 8998 1469 1526 99.2985
1 8998 1470 1526 99.3736
1 8999 1472 1526 99.4477
1 8999 1473 1525 99.5222
1 8999 1475 1525 99.5961
1 8999 1475 1525 99.6674
1 8999 1476 1524 99.7425
1 8999 1477 1524 99.8175
1 8999 1478 1524 99.8928
1 8999 1479 1524 99.9686
1 8999 1481 1524 100.044
1 8999 1482 1524 100.119
1 8999 1483 1524 100.193
1 8999 1483 1524 100.269
1 8999 1484 1524 100.345
1 8999 1484 1524 100.421
1 8999 1485 1525 100.496
1 8999 1485 1525 100.568
1 8999 1486 1526 100.65
1 8999 1487 1526 100.724
1 8999 1488 1527 100.8
1 8999 1488 1527 100.875
1 8999 1489 1528 100.948
1 8999 1489 1529 101.023
1 8999 1490 1530 101.098
1 8999 1491 1532 101.173
1 8999 1492 1533 101.247
1 8999 1493 1534 101.324
1 8999 1493 1535 101.4
1 8999 1495 1536 101.476
1 8999 1496 1537 101.547
1 8999 1497 1538 101.625
1 8999 1498 1539 101.709
1 8999 1499 1539 101.783
1 8999 1500 1539 101.858
1 8999 1501 1539 101.932
1 8999 1501 1538 102.008
1 8999 1502 1538 102.085
1 8999 1503 1537 102.16
1 8999 1503 1537 102.236
1 8999 1503 1536 102.31
1 8999 1504 1535 102.386
1 8999 1504 1534 102.461
1 8999 1504 1534 102.536
1 8999 1504 1533 102.609
1 8999 1505 1532 102.685
1 8999 1505 1531 102.776
1 8999 1506 1530 102.851
1 8999 1506 1529 102.926
1 8999 1506 1528 103.001
1 8999 1506 1526 103.076
1 8999 1507 1525 103.149
1 8999 1507 1524 103.224
1 8999 1507 1523 103.3
1 8999 1507 1522 103.376
1 8999 1507 1521 103.45
1 8999 1507 1521 103.526
1 8999 1508 1520 103.602
1 8999 1508 1519 103.679
1 8999 1509 1518 103.753
1 8999 1509 1518 103.827
1 8999 1510 1517 103.903
1 8999 1510 1517 103.979
1 8999 1511 1517 104.053
1 8999 1511 1516 104.129
1 8999 1512 1516 104.203
1 8999 1513 1516 104.278
1 8999 1514 1515 104.352
1 8999 1515 1515 104.426
1 8999 1516 1515 104.501
1 8999 1516 1515 104.577
1 8999 1517 1515 104.65
1 8999 1518 1515 104.725
1 8999 1519 1515 104.802
1 8999 1521 1516 104.877
1 8999 1522 1516 104.952
1 8999 1522 1516 105.03
1 8999 1523 1516 105.105
1 8999 1523 1516 105.181
1 8999 1524 1517 105.259
1 8999 1524 1517 105.336
1 8999 1525 1517 105.409
1 8999 1525 1517 105.484
1 8999 1525 1516 105.56
1 8999 1525 1516 105.635
1 8999 1525 1516 105.708
1 8999 1526 1516 105.783
1 8999 1526 1516 105.859
1 8999 1526 1516 105.934
1 8999 1526 1515 106.007
1 8999 1526 1514 106.083
1 8999 1526 1514 106.158
1 8999 1525 1513 106.233
1 8999 1525 1513 106.307
1 8999 1525 1512 106.383
1 8999 1525 1511 106.458
1 8999 1525 1511 106.532
1 8999 1525 1510 106.607
1 8999 1525 1509 106.682
1 8999 1525 1509 106.758
1 8999 1525 1508 106.832
1 8999 1525 1507 106.907
1 8999 1525 1507 106.982
1 8999 1525 1506 107.057
1 8999 1525 1505 107.13
1 8999 1525 1504 107.205
1 8999 1525 1504 107.281
1 8999 1525 1503 107.356
1 8999 1525 1503 107.43
1 8999 1525 1503 107.505
1 8999 1526 1503 107.58
1 8999 1526 1502 107.656
1 8999 1527 1502 107.729
1 8999 1528 1502 107.805
1 8999 1529 1502 107.881
1 8999 1531 1502 107.969
1 8999 1532 1503 108.044
1 8999 1533 1503 108.12
1 8999 1534 1503 108.195
1 8999 1535 1503 108.268
1 8999 1535 1503 108.344
1 8999 1536 1502 108.419
1 8999 1537 1502 108.495
1 8999 1538 1501 108.567
1 8999 1538 1501 108.642
1 8999 1539 1500 108.718
1 8999 1539 1500 108.793
1 8999 1539 1499 108.868
1 8999 1539 1498 108.942
1 8999 1539 1497 109.019
1 8999 1539 1496 109.093
1 8999 1539 1495 109.168
1 8999 1539 1494 109.243
1 8999 1539 1494 109.318
1 8999 1538 1493 109.394
1 8999 1538 1493 109.468
1 8999 1538 1492 109.543
1 8999 1537 1491 109.618
1 8999 1537 1491 109.691
1 8999 1537 1490 109.769
1 8999 1537 1490 109.845
1 8999 1537 1489 109.921
1 8999 1536 1489 109.999
1 8999 1536 1488 110.093
1 8999 1536 1487 110.169
1 8999 1536 1487 110.244
1 8999 1536 1486 110.32
1 8999 1535 1486 110.396
1 8999 1535 1486 110.469
1 8999 1534 1485 110.544
1 8999 1534 1485 110.619
1 8999 1534 1484 110.695
1 8999 1534 1484 110.767
1 8999 1534 1483 110.841
1 8999 1533 1483 110.917
1 8999 1533 1483 110.992
1 8999 1532 1482 111.068
1 8999 1532 1482 111.143
1 8999 1532 1481 111.218
1 8999 1531 1480 111.292
1 8999 1531 1480 111.366
1 8999 1531 1479 111.441
1 8999 1531 1479 111.518
1 8999 1530 1478 111.592
1 8999 1530 1478 111.666
1 8999 1529 1477 111.741
1 8999 1529 1477 111.817
1 8999 1528 1477 111.89
1 8999 1527 1476 111.965
1 8999 1526 1476 112.04
1 8999 1526 1476 112.116
1 8999 1525 1475 112.189
1 8999 1525 1475 112.264
1 8999 1525 1475 112.339
1 8999 1524 1475 112.414
1 8999 1524 1475 112.487
1 8999 1524 1474 112.583
1 8999 1524 1474 112.66
1 8999 1524 1473 112.736
1 8999 1524 1473 112.811
1 8999 1524 1472 112.886
1 8999 1523 1472 112.964
1 8999 1523 1471 113.041
1 8999 1522 1470 113.116
1 8999 1522 1469 113.207
1 8999 1522 1469 113.282
1 8999 1521 1468 113.357
1 8999 1521 1467 113.432
1 8999 1520 1467 113.507
1 8999 1519 1465 113.583
1 8999 1519 1464 113.657
1 8999 1518 1464 113.732
1 8999 1518 1463 113.809
1 8999 1518 1462 113.884
1 8999 1517 1462 113.96
1 8999 1517 1462 114.035
1 8999 1517 1462 114.108
1 8999 1516 1461 114.183
1 8999 1515 1461 114.258
1 8999 1514 1460 114.333
1 8999 1513 1460 114.409
1 8999 1512 1460 114.483
1 8999 1512 1459 114.56
1 8999 1511 1459 114.637
1 8999 1509 1458 114.71
1 8982 1508 1457 114.786
1 8965 1507 1456 114.862
1 8951 1506 1455 114.939
1 8937 1505 1455 115.014
1 8919 1505 1454 115.087
1 8899 1504 1454 115.163
1 8886 1503 1453 115.243
1 8878 1502 1453 115.322
1 8864 1501 1453 115.396
1 8845 1500 1452 115.469
1 8827 1499 1452 115.544
1 8814 1499 1452 115.619
1 8808 1498 1451 115.695
1 8809 1497 1451 115.77
1 8809 1496 1451 115.843
1 8809 1495 1451 115.919
1 8810 1495 1451 115.994
1 8811 1494 1451 116.066
1 8805 1494 1451 116.142
1 8786 1493 1450 116.22
1 8755 1492 1450 116.296
1 8733 1492 1449 116.37
1 8719 1491 1449 116.446
1 8709 1491 1449 116.521
1 8697 1491 1449 116.596
1 8680 1490 1448 116.671
1 8660 1489 1448 116.746
1 8641 1488 1447 116.821
1 8620 1487 1447 116.896
1 8596 1485 1447 116.971
1 8557 1483 1446 117.049
1 8522 1481 1445 117.127
1 8506 1480 1445 117.203
1 8501 1479 1445 117.279
1 8503 1478 1445 117.355
1 8505 1478 1445 117.428
1 8508 1477 1445 117.504
1 8510 1477 1445 117.58
1 8511 1477 1445 117.654
1 8515 1476 1445 117.726
1 8524 1476 1445 117.803
1 8536 1475 1445 117.878
1 8550 1474 1446 117.952
1 8565 1473 1446 118.027
1 8572 1472 1446 118.101
1 8576 1472 1446 118.176
1 8585 1471 1446 118.247
1 8602 1470 1447 118.339
1 8614 1469 1447 118.413
1 8623 1469 1447 118.49
1 8627 1468 1447 118.565
1 8629 1467 1447 118.64
1 8635 1466 1447 118.716
1 8628 1465 1447 118.789
1 8614 1464 1447 118.865
1 8599 1463 1447 118.94
1 8584 1462 1447 119.016
1 8569 1461 1447 119.088
1 8555 1461 1447 119.164
1 8548 1460 1447 119.242
1 8544 1459 1447 119.318
1 8543 1458 1447 119.394
1 8542 1457 1448 119.469
1 8535 1457 1448 119.544
1 8522 1456 1448 119.619
1 8506 1455 1448 119.694
1 8484 1454 1448 119.766
1 8463 1453 1448 119.841
1 8450 1453 1448 119.916
1 8442 1452 1448 119.992
1 8441 1452 1448 120.068
1 8446 1452 1449 120.143
1 8465 1452 1450 120.218
1 8490 1451 1451 120.292
1 8506 1451 1452 120.372
1 8515 1451 1453 120.445
1 8520 1451 1453 120.52
1 8522 1450 1454 120.593
1 8523 1450 1454 120.665
1 8524 1449 1455 120.74
1 8524 1449 1455 120.814
1 8524 1449 1455 120.887
1 8523 1448 1456 120.963
1 8521 1448 1456 121.038
1 8520 1448 1457 121.117
1 8519 1447 1457 121.189
1 8518 1447 1457 121.267
1 8516 1447 1458 121.342
1 8514 1446 1458 121.417
1 8530 1446 1459 121.493
1 8559 1447 1459 121.568
1 8584 1447 1460 121.643
1 8605 1447 1461 121.718
1 8629 1447 1461 121.792
1 8652 1448 1462 121.868
1 8676 1448 1463 121.945
1 8704 1449 1464 122.021
1 8734 1449 1465 122.096
1 8754 1449 1466 122.169
1 8764 1449 1467 122.244
1 8765 1449 1468 122.318
1 8776 1449 1469 122.396
1 8794 1449 1470 122.471
1 8804 1450 1471 122.545
1 8804 1449 1472 122.622
1 8804 1449 1473 122.696
1 8802 1449 1474 122.767
1 8810 1449 1475 122.842
1 8819 1449 1476 122.918
1 8823 1449 1477 122.994
1 8819 1448 1478 123.067
1 8817 1448 1479 123.143
1 8814 1448 1479 123.218
1 8810 1447 1480 123.297
1 8809 1447 1481 123.37
1 8818 1447 1482 123.446
1 8826 1447 1483 123.522
1 8822 1447 1484 123.597
1 8817 1446 1485 123.678
1 8815 1446 1486 123.754
1 8816 1446 1487 123.826
1 8820 1446 1487 123.901
1 8820 1446 1488 123.976
1 8819 1446 1489 124.052
1 8814 1446 1489 124.128
1 8806 1446 1490 124.202
1 8799 1445 1490 124.278
1 8790 1445 1491 124.355
1 8777 1445 1492 124.427
1 8767 1445 1492 124.502
1 8756 1444 1493 124.578
1 8747 1444 1493 124.654
1 8740 1444 1494 124.725
1 8732 1443 1495 124.8
1 8721 1443 1496 124.875
1 8712 1443 1497 124.949
1 8712 1443 1498 125.024
1 8723 1444 1499 125.099
1 8751 1444 1501 125.177
1 8777 1445 1502 125.253
1 8792 1445 1503 125.333
1 8798 1446 1504 125.408
1 8799 1446 1505 125.487
1 8801 1446 1506 125.563
1 8808 1446 1507 125.637
1 8815 1446 1507 125.713
1 8820 1447 1508 125.788
1 8839 1447 1508 125.862
1 8864 1448 1509 125.938
1 8885 1449 1509 126.013
1 8900 1449 1510 126.087
1 8918 1450 1510 126.163
1 8937 1451 1511 126.239
1 8949 1451 1511 126.316
1 8957 1452 1511 126.388
1 8960 1452 1512 126.463
1 8966 1452 1513 126.539
1 8969 1453 1514 126.615
1 8972 1453 1514 126.688
1 8973 1453 1514 126.765
1 8974 1454 1514 126.843
1 8974 1454 1514 126.92
1 8974 1454 1514 126.994
1 8975 1454 1514 127.066
1 8975 1454 1514 127.142
1 8975 1454 1514 127.217
1 8975 1454 1514 127.291
1 8975 1454 1514 127.365
1 8975 1454 1514 127.44
1 8975 1454 1514 127.515
1 8975 1454 1514 127.587
1 8975 1454 1514 127.662
1 8975 1454 1514 127.738
1 8975 1454 1514 127.813
1 8975 1454 1514 127.96
