NaN 2700 1499 1499 15.2206
NaN 1620 1499 1499 15.2996
NaN 971 1499 1499 15.3756
NaN 583 1499 1498 15.4517
NaN 349 1499 1498 15.5276
NaN 209 1499 1498 15.6036
NaN 125 1499 1498 15.6796
NaN 75 1499 1498 15.7556
NaN 45 1499 1498 15.8316
NaN 27 1499 1498 15.9078
NaN 16 1499 1498 15.9837
NaN 9 1499 1498 16.0607
NaN 5 1499 1498 16.1366
NaN 3 1499 1498 16.2116
NaN 2 1499 1498 16.2906
NaN 1 1499 1498 16.3676
NaN 0 1499 1498 16.4446
NaN 0 1499 1498 16.5216
NaN 0 1499 1498 16.5986
NaN 0 1499 1498 16.6757
NaN 0 1499 1498 16.7516
NaN 0 1499 1498 16.8276
NaN 0 1499 1498 16.9037
NaN 0 1499 1498 16.9786
NaN 0 1499 1498 17.0536
NaN 0 1499 1498 17.1296
NaN 0 1499 1498 17.2046
NaN 0 1499 1498 17.2806
NaN 0 1499 1498 17.3577
NaN 0 1499 1498 17.4337
NaN 0 1499 1498 17.5097
NaN 0 1499 1498 17.5856
NaN 0 1499 1498 17.6618
NaN 0 1499 1498 17.7377
NaN 0 1499 1498 17.8126
NaN 0 1499 1498 17.8896
NaN 0 1499 1498 17.9657
NaN 0 1499 1498 18.0418
NaN 0 1499 1498 18.1177
NaN 0 1499 1498 18.1937
NaN 0 1499 1498 18.2697
NaN 0 1499 1498 18.3457
NaN 0 1499 1498 18.4218
NaN 0 1499 1498 18.4978
NaN 0 1499 1498 18.5747
NaN 0 1499 1498 18.6517
NaN 0 1499 1498 18.7277
NaN 0 1499 1498 18.8037
NaN 0 1499 1498 18.8837
NaN 0 1499 1498 18.9728
NaN 0 1499 1498 19.0538
NaN 0 1499 1498 19.1327
NaN 0 1499 1498 19.2107
NaN 0 1499 1498 19.2887
NaN 0 1499 1498 19.3637
NaN 0 1499 1498 19.4387
NaN 0 1499 1498 19.5137
NaN 0 1499 1498 19.5897
NaN 0 1499 1498 19.6647
NaN 0 1499 1498 19.7398
NaN 0 1499 1498 19.8148
NaN 0 1499 1498 19.8898
NaN 0 1499 1498 19.9657
NaN 0 1499 1498 20.0418
NaN 0 1499 1498 20.1178
NaN 0 1499 1498 20.1938
NaN 0 1499 1498 20.2697
NaN 0 1499 1498 20.3477
NaN 0 1499 1498 20.4258
NaN 0 1499 1498 20.5157
NaN 0 1499 1498 20.5927
NaN 0 1499 1498 20.6688
NaN 0 1499 1498 20.7457
NaN 0 1499 1498 20.8208
NaN 0 1499 1498 20.8967
NaN 0 1499 1498 20.9718
NaN 0 1499 1498 21.0518
NaN 0 1499 1498 21.1288
NaN 0 1499 1498 21.2058
NaN 0 1499 1498 21.2829
NaN 0 1499 1498 21.3629
NaN 0 1499 1498 21.4398
NaN 0 1499 1498 21.5178
NaN 0 1499 1498 21.5948
NaN 0 1499 1498 21.6719
NaN 0 1499 1498 21.7488
NaN 0 1499 1498 21.8248
NaN 0 1499 1498 21.9008
NaN 0 1499 1498 21.9749
NaN 0 1499 1498 22.0509
NaN 0 1499 1498 22.1268
NaN 0 1499 1498 22.2039
NaN 0 1499 1498 22.2788
NaN 0 1499 1498 22.3538
NaN 0 1499 1498 22.4298
NaN 0 1499 1498 22.5058
NaN 0 1499 1498 22.5829
NaN 0 1499 1498 22.6589
NaN 0 1499 1498 22.7349
NaN 0 1499 1498 22.8108
NaN 0 1499 1498 22.8868
NaN 0 1499 1498 22.9628
NaN 0 1499 1498 23.0378
NaN 0 1499 1498 23.1139
NaN 0 1499 1498 23.1899
NaN 0 1499 1498 23.2669
NaN 0 1499 1498 23.3429
NaN 0 1499 1498 23.4188
NaN 0 1499 1498 23.4959
NaN 0 1499 1498 23.5729
NaN 0 1499 1498 23.6478
NaN 0 1499 1498 23.7229
NaN 0 1499 1498 23.798
NaN 0 1499 1498 23.8739
NaN 0 1499 1498 23.949
NaN 0 1499 1498 24.0238
NaN 0 1499 1498 24.0978
NaN 0 1499 1498 24.173
NaN 0 1499 1498 24.2478
NaN 0 1499 1498 24.3228
NaN 0 1499 1498 24.3979
NaN 0 1499 1498 24.473
NaN 0 1499 1498 24.5479
NaN 0 1499 1498 24.6229
NaN 0 1499 1498 24.698
NaN 0 1499 1498 24.7729
NaN 0 1499 1498 24.8481
NaN 0 1499 1498 24.9249
NaN 0 1499 1498 25.0024
NaN 0 1499 1498 25.0769
NaN 0 1499 1498 25.1519
NaN 0 1499 1498 25.2269
NaN 0 1499 1498 25.302
NaN 0 1499 1498 25.3769
NaN 45 1501 1500 25.4519
NaN 412 1503 1506 25.5269
NaN 1001 1505 1509 25.6019
NaN 1500 1507 1508 25.6779
NaN 1812 1509 1507 25.7539
NaN 1833 1511 1508 25.8301
NaN 1432 1518 1510 25.908
NaN 909 1522 1516 25.9841
NaN 641 1523 1520 26.0589
NaN 517 1522 1521 26.1349
NaN 401 1519 1519 26.2099
NaN 293 1516 1516 26.285
NaN 176 1511 1512 26.3599
NaN 105 1507 1506 26.435
NaN 63 1504 1502 26.5089
NaN 38 1502 1500 26.5849
NaN 22 1501 1499 26.6589
NaN 13 1500 1498 26.7341
NaN 8 1500 1498 26.8089
NaN 4 1500 1498 26.8851
NaN 2 1500 1498 26.9611
NaN 1 1499 1498 27.036
NaN 1 1499 1499 27.111
NaN 0 1499 1499 27.1859
NaN 0 1499 1500 27.261
NaN 0 1499 1500 27.3372
NaN 0 1499 1500 27.4121
NaN 0 1499 1500 27.4881
NaN 0 1499 1500 27.5631
NaN 0 1499 1500 27.639
NaN 0 1499 1500 27.714
NaN 0 1499 1500 27.7891
NaN 0 1499 1500 27.865
NaN 0 1499 1500 27.941
NaN 0 1499 1500 28.016
NaN 0 1499 1500 28.106
NaN 0 1499 1500 28.1811
NaN 0 1499 1500 28.257
NaN 0 1499 1500 28.332
NaN 0 1499 1500 28.408
NaN 0 1499 1500 28.4851
NaN 0 1499 1500 28.5601
NaN 0 1499 1500 28.636
NaN 0 1499 1500 28.7112
NaN 0 1499 1500 28.785
NaN 0 1499 1500 28.8626
0 0 1499 1500 28.9392
0 0 1499 1500 29.0142
0 0 1499 1500 29.0979
0 0 1499 1500 29.1731
0 0 1499 1500 29.2491
0 0 1499 1500 29.3241
0 0 1499 1500 29.3992
0 0 1499 1500 29.4741
0 0 1498 1500 29.549
0 0 1497 1501 29.625
0 4 1496 1501 29.7001
0 14 1495 1501 29.7751
0 40 1495 1501 29.8501
0 102 1495 1502 29.9261
0 169 1495 1502 30.0011
0 213 1495 1502 30.0773
0 239 1496 1502 30.1531
0 255 1496 1502 30.2282
0 268 1495 1502 30.304
0 286 1495 1501 30.3791
0 298 1495 1501 30.4541
0 306 1495 1501 30.5301
0 311 1495 1501 30.6051
0 317 1495 1501 30.6811
0 332 1495 1501 30.7561
0 353 1495 1500 30.8311
0 366 1495 1500 30.9063
0 374 1495 1500 30.9821
0 379 1495 1500 31.0591
0 383 1495 1499 31.1351
0 391 1495 1499 31.2102
0 400 1495 1500 31.2861
0 406 1495 1500 31.3611
0 411 1494 1500 31.4362
0 420 1494 1500 31.5102
0 432 1494 1500 31.5851
0 447 1494 1500 31.6611
0 457 1494 1500 31.7362
0 467 1493 1500 31.8121
0 474 1493 1500 31.8871
0 478 1493 1500 31.9623
0 487 1493 1500 32.0373
0 506 1494 1500 32.1137
0 529 1494 1500 32.1992
0 551 1494 1501 32.2743
0 567 1494 1501 32.3491
0 576 1494 1501 32.4243
0 585 1495 1501 32.4992
0 599 1495 1501 32.5742
0 610 1495 1501 32.6493
0 619 1495 1501 32.7243
0 632 1495 1501 32.8001
0 649 1495 1501 32.8793
0 661 1494 1501 32.9562
0 675 1494 1501 33.0327
0 705 1494 1501 33.1082
0 736 1494 1501 33.1864
0 766 1494 1501 33.2612
0 796 1494 1501 33.3362
0 827 1494 1501 33.4123
0 850 1494 1501 33.4872
0 866 1494 1501 33.5612
0 881 1494 1501 33.6354
0 898 1494 1501 33.7092
0 914 1493 1501 33.7854
0 935 1493 1501 33.8602
0 955 1493 1501 33.9352
0 973 1493 1501 34.0102
0 988 1493 1501 34.0853
0 999 1493 1501 34.1602
0 1008 1493 1500 34.2353
0 1017 1493 1500 34.3112
0 1026 1493 1500 34.3862
0 1034 1493 1500 34.4623
0 1042 1493 1500 34.5378
0 1048 1493 1500 34.6102
0 1058 1493 1500 34.6852
0 1074 1493 1500 34.7613
0 1099 1493 1500 34.8367
0 1129 1493 1500 34.9113
0 1160 1493 1500 34.9862
0 1185 1493 1500 35.0613
0 1203 1493 1500 35.1364
0 1226 1493 1500 35.2094
0 1259 1493 1500 35.2842
0 1290 1493 1500 35.3604
0 1308 1493 1500 35.4352
0 1321 1492 1500 35.5114
0 1330 1492 1501 35.5862
0 1342 1493 1501 35.6606
0 1359 1493 1501 35.7359
0 1380 1493 1501 35.8083
0 1401 1493 1501 35.8833
0 1425 1494 1501 35.9573
0 1445 1494 1501 36.0333
0 1460 1494 1502 36.1085
0 1479 1494 1502 36.1833
0 1494 1494 1502 36.2583
0 1511 1494 1502 36.3333
0 1526 1494 1502 36.4083
0 1535 1494 1502 36.4833
0 1541 1494 1502 36.5584
0 1557 1494 1502 36.6333
0 1573 1493 1502 36.7087
0 1584 1493 1502 36.7853
0 1592 1493 1502 36.8604
0 1600 1493 1502 36.9354
0 1608 1493 1502 37.0114
0 1633 1493 1502 37.0883
0 1659 1493 1502 37.1634
0 1681 1493 1502 37.2363
0 1707 1493 1502 37.3113
0 1741 1493 1502 37.3873
0 1781 1493 1502 37.4635
0 1816 1493 1502 37.5383
0 1838 1493 1502 37.6159
0 1854 1493 1502 37.6913
0 1871 1493 1502 37.7673
0 1885 1493 1502 37.8432
0 1898 1493 1502 37.9199
0 1909 1492 1502 37.9945
0 1921 1492 1501 38.0705
0 1931 1492 1501 38.1469
0 1938 1492 1501 38.2214
0 1960 1492 1501 38.3022
0 1994 1492 1501 38.3784
0 2017 1492 1501 38.4534
0 2038 1492 1501 38.5295
0 2060 1492 1501 38.6044
0 2079 1491 1501 38.6803
0 2106 1491 1501 38.7555
0 2133 1491 1500 38.8306
0 2156 1491 1500 38.9054
0 2174 1491 1500 38.9806
0 2189 1491 1500 39.0554
0 2200 1491 1499 39.1306
0 2209 1491 1499 39.206
0 2217 1491 1499 39.2804
0 2238 1492 1499 39.3555
0 2259 1492 1499 39.4324
0 2273 1492 1499 39.5075
0 2282 1492 1499 39.5836
0 2287 1492 1499 39.6584
0 2291 1493 1499 39.7336
0 2304 1493 1499 39.8084
0 2324 1493 1499 39.8834
0 2340 1493 1499 39.9584
0 2351 1494 1499 40.0335
0 2363 1494 1499 40.1096
0 2372 1494 1499 40.1854
0 2379 1494 1499 40.2604
0 2387 1493 1499 40.3355
0 2398 1493 1499 40.4105
0 2409 1493 1499 40.4876
0 2421 1493 1499 40.5614
0 2435 1493 1499 40.6366
0 2456 1493 1498 40.7114
0 2480 1493 1498 40.7884
0 2507 1493 1498 40.8635
0 2530 1493 1498 40.9396
0 2547 1492 1498 41.0145
0 2558 1492 1498 41.0905
0 2571 1492 1498 41.1667
0 2581 1492 1497 41.2415
0 2594 1492 1497 41.3166
0 2609 1492 1497 41.3925
0 2622 1492 1497 41.4685
0 2634 1492 1497 41.5435
0 2645 1492 1497 41.6195
0 2661 1492 1497 41.6957
0 2679 1492 1497 41.7736
0 2692 1492 1497 41.8485
0 2705 1492 1496 41.9237
0 2718 1492 1496 41.9995
0 2732 1491 1496 42.0746
0 2747 1491 1496 42.1515
0 2761 1491 1496 42.2275
0 2777 1491 1496 42.3036
0 2792 1490 1496 42.3828
0 2805 1490 1495 42.4576
0 2816 1490 1495 42.5337
0 2842 1490 1495 42.6095
0 2868 1490 1495 42.6855
0 2886 1490 1495 42.7636
0 2896 1491 1495 42.8425
0 2904 1491 1495 42.9155
0 2911 1491 1495 42.9905
0 2914 1491 1495 43.0656
0 2919 1491 1495 43.1396
0 2928 1491 1495 43.2146
0 2943 1491 1494 43.2897
0 2956 1491 1494 43.3656
0 2970 1491 1494 43.4405
0 2986 1491 1494 43.5155
0 3003 1491 1494 43.5905
0 3016 1491 1494 43.6655
0 3028 1491 1493 43.7406
0 3041 1491 1493 43.8156
0 3054 1491 1493 43.9017
0 3069 1490 1493 43.9766
0 3087 1490 1492 44.0526
0 3110 1490 1492 44.1285
0 3139 1490 1492 44.2038
0 3173 1490 1492 44.2786
0 3206 1490 1492 44.3537
0 3230 1490 1491 44.4286
0 3247 1490 1491 44.5037
0 3261 1490 1491 44.5797
0 3274 1490 1491 44.6556
0 3289 1490 1491 44.7316
0 3303 1490 1490 44.8066
0 3323 1490 1490 44.8826
0 3353 1490 1490 44.9566
0 3387 1491 1490 45.0316
0 3414 1491 1490 45.1067
0 3433 1491 1489 45.1817
0 3448 1491 1489 45.2566
0 3457 1491 1489 45.3306
0 3462 1491 1489 45.4066
0 3466 1491 1489 45.4816
0 3468 1491 1489 45.5566
0 3470 1491 1489 45.6317
0 3470 1491 1489 45.7066
0 3471 1491 1489 45.7818
0 3473 1491 1489 45.8566
0 3474 1491 1489 45.9316
0 3480 1491 1489 46.0066
0 3489 1490 1489 46.0816
0 3519 1490 1489 46.1567
0 3572 1491 1489 46.2318
0 3626 1491 1489 46.3066
0 3660 1490 1489 46.3826
0 3680 1490 1489 46.4587
0 3693 1490 1489 46.5351
0 3700 1490 1489 46.6101
0 3709 1490 1489 46.6864
0 3716 1490 1489 46.7617
0 3725 1490 1489 46.8388
0 3738 1489 1489 46.9137
0 3751 1489 1489 46.9896
0 3761 1489 1489 47.0717
0 3769 1489 1489 47.1478
0 3776 1489 1489 47.2228
0 3781 1489 1488 47.2977
0 3785 1489 1488 47.3727
0 3799 1489 1488 47.4479
0 3820 1489 1488 47.5227
0 3842 1489 1489 47.5967
0 3856 1489 1489 47.6707
0 3865 1489 1489 47.7448
0 3875 1489 1489 47.8197
0 3883 1489 1489 47.8968
0 3892 1489 1488 47.9728
0 3903 1489 1488 48.0477
0 3914 1489 1488 48.1227
0 3927 1489 1488 48.1977
0 3940 1489 1488 48.2729
0 3952 1489 1488 48.3477
0 3969 1489 1488 48.423
0 4005 1489 1488 48.4986
0 4043 1489 1488 48.5738
0 4067 1489 1488 48.6487
0 4082 1489 1487 48.7248
0 4091 1489 1487 48.7999
0 4096 1489 1487 48.8751
0 4099 1489 1487 48.9487
0 4104 1489 1487 49.0237
0 4109 1489 1487 49.1019
0 4112 1489 1487 49.1788
0 4120 1489 1487 49.2548
0 4127 1489 1488 49.3298
0 4134 1489 1488 49.4049
0 4141 1489 1487 49.4807
0 4146 1489 1487 49.5618
0 4158 1489 1487 49.6377
0 4177 1489 1487 49.7144
0 4199 1490 1488 49.7888
0 4221 1490 1488 49.8659
0 4243 1490 1488 49.9448
0 4263 1491 1488 50.0208
0 4281 1491 1488 50.0969
0 4292 1491 1488 50.1765
0 4299 1491 1488 50.2508
0 4308 1491 1488 50.3258
0 4318 1491 1488 50.4016
0 4325 1491 1488 50.4755
0 4331 1491 1488 50.5478
0 4339 1490 1488 50.6228
0 4346 1490 1488 50.6988
0 4351 1490 1488 50.7739
0 4355 1490 1488 50.8488
0 4357 1490 1488 50.9251
0 4358 1490 1488 50.9998
0 4359 1490 1488 51.0759
0 4361 1490 1488 51.1509
0 4364 1490 1488 51.2258
0 4365 1490 1488 51.3014
0 4366 1490 1488 51.3764
0 4366 1490 1488 51.4489
0 4367 1490 1488 51.5248
0 4367 1490 1488 51.5998
0 4367 1490 1488 51.6758
0 4368 1490 1488 51.7509
0 4368 1490 1488 51.827
0 4369 1490 1488 51.9021
0 4369 1490 1488 51.9762
0 4369 1490 1488 52.048
NaN 4369 1490 1488 52.1228
NaN 4369 1490 1488 52.1999
NaN 4369 1490 1488 52.2779
NaN 4370 1490 1488 52.353
NaN 4370 1490 1488 52.4269
NaN 4370 1490 1488 52.5019
NaN 4369 1490 1488 52.5769
NaN 4369 1490 1488 52.652
NaN 4368 1490 1488 52.7268
NaN 4368 1490 1488 52.8019
NaN 4366 1490 1488 52.8769
NaN 4365 1490 1488 52.9539
NaN 4363 1490 1488 53.0304
NaN 4363 1490 1488 53.1049
NaN 4362 1490 1488 53.18
NaN 4362 1490 1488 53.2559
NaN 4361 1490 1488 53.3369
NaN 4360 1490 1488 53.413
NaN 4357 1490 1488 53.4879
NaN 4351 1490 1488 53.563
NaN 4320 1490 1489 53.6389
NaN 4300 1490 1490 53.7139
NaN 4288 1489 1491 53.7896
NaN 4281 1489 1491 53.8654
NaN 4276 1489 1491 53.942
1 4274 1489 1491 54.0191
1 4272 1489 1491 54.0949
1 4271 1489 1491 54.172
1 4274 1489 1491 54.2479
1 4281 1489 1491 54.3259
1 4292 1489 1491 54.4059
1 4307 1488 1491 54.4809
1 4322 1488 1491 54.5559
1 4340 1487 1491 54.6309
1 4363 1486 1491 54.7059
1 4392 1485 1491 54.7811
1 4413 1484 1492 54.8559
1 4427 1483 1492 54.9291
1 4434 1483 1491 55.003
1 4449 1481 1492 55.077
1 4468 1480 1492 55.1531
1 4481 1479 1492 55.229
1 4477 1477 1491 55.3061
1 4466 1476 1491 55.379
1 4457 1475 1491 55.455
1 4451 1474 1490 55.5301
1 4464 1472 1491 55.6051
1 4484 1471 1491 55.679
1 4504 1469 1491 55.754
1 4517 1468 1491 55.8327
1 4519 1467 1491 55.9071
1 4512 1465 1491 55.9823
1 4513 1463 1491 56.058
1 4516 1462 1491 56.135
1 4522 1461 1491 56.213
1 4527 1460 1491 56.2881
1 4530 1460 1491 56.363
1 4532 1460 1491 56.4381
1 4534 1459 1491 56.514
1 4535 1459 1491 56.59
1 4537 1459 1491 56.6671
1 4540 1459 1491 56.7434
1 4543 1458 1492 56.8171
1 4545 1458 1492 56.892
1 4547 1458 1492 56.966
1 4548 1458 1492 57.0411
1 4549 1458 1492 57.1161
1 4549 1458 1492 57.191
1 4551 1458 1492 57.2671
1 4558 1458 1491 57.3412
1 4570 1458 1491 57.416
1 4582 1458 1491 57.492
1 4591 1458 1490 57.567
1 4598 1458 1490 57.642
1 4603 1458 1490 57.717
1 4611 1458 1490 57.792
1 4625 1458 1489 57.8671
1 4640 1458 1489 57.9462
1 4649 1458 1488 58.0222
1 4654 1458 1488 58.0992
1 4659 1458 1488 58.1753
1 4667 1458 1488 58.2511
1 4674 1459 1487 58.3291
1 4681 1458 1487 58.4042
1 4690 1458 1487 58.4803
1 4699 1457 1487 58.5851
1 4707 1457 1487 58.6601
1 4714 1456 1488 58.7351
1 4719 1456 1488 58.8111
1 4723 1455 1488 58.8872
1 4725 1455 1488 58.9621
1 4728 1455 1488 59.0371
1 4732 1454 1489 59.1112
1 4736 1454 1489 59.1861
1 4740 1454 1489 59.2612
1 4744 1453 1489 59.3371
1 4747 1453 1489 59.4121
1 4750 1452 1490 59.4871
1 4753 1452 1490 59.5628
1 4755 1452 1490 59.6373
1 4757 1451 1490 59.7121
1 4759 1451 1490 59.7881
1 4760 1450 1490 59.8631
1 4761 1450 1490 59.9381
1 4763 1450 1490 60.0131
1 4765 1449 1490 60.0882
1 4766 1449 1490 60.1641
1 4768 1449 1491 60.2393
1 4769 1448 1491 60.3141
1 4770 1448 1491 60.3902
1 4771 1448 1491 60.4653
1 4771 1448 1491 60.5403
1 4771 1448 1491 60.6162
1 4772 1448 1491 60.6912
1 4772 1448 1491 60.7661
1 4772 1448 1491 60.8422
1 4772 1448 1491 60.9172
1 4772 1448 1491 60.9922
1 4772 1448 1491 61.0681
1 4772 1448 1491 61.1432
1 4772 1448 1491 61.2194
1 4772 1448 1491 61.2942
1 4772 1448 1491 61.3702
1 4772 1448 1491 61.4462
1 4772 1448 1491 61.5222
1 4772 1448 1491 61.5983
1 4772 1448 1491 61.6742
1 4772 1448 1491 61.7502
1 4772 1448 1491 61.8252
1 4772 1448 1491 61.9002
1 4772 1448 1491 61.9742
1 4772 1448 1491 62.0514
1 4772 1448 1491 62.1262
1 4772 1448 1491 62.2034
1 4772 1448 1491 62.2822
1 4774 1448 1491 62.3572
1 4790 1448 1491 62.4322
1 4814 1448 1491 62.5072
1 4832 1448 1492 62.5834
1 4846 1448 1492 62.6582
1 4865 1448 1492 62.7493
1 4885 1448 1493 62.8243
1 4910 1447 1494 62.8993
1 4940 1447 1495 62.9744
1 4974 1447 1496 63.0492
1 5012 1447 1497 63.1243
1 5047 1447 1497 63.2002
1 5076 1447 1498 63.2783
1 5096 1447 1499 63.3532
1 5120 1447 1500 63.4303
1 5152 1447 1501 63.5063
1 5192 1448 1502 63.5843
1 5227 1448 1503 63.6613
1 5258 1449 1504 63.7353
1 5289 1449 1505 63.8103
1 5313 1449 1506 63.8852
1 5330 1449 1506 63.9604
1 5351 1450 1507 64.0344
1 5383 1450 1508 64.1093
1 5415 1450 1509 64.1873
1 5448 1450 1510 64.2645
1 5496 1450 1511 64.3393
1 5561 1451 1512 64.4174
1 5618 1451 1513 64.4923
1 5666 1452 1514 64.5673
1 5705 1452 1515 64.6433
1 5732 1452 1515 64.7184
1 5754 1453 1516 64.7975
1 5780 1453 1516 64.8733
1 5805 1454 1517 64.9484
1 5831 1454 1517 65.0243
1 5862 1454 1518 65.0993
1 5888 1454 1519 65.1743
1 5906 1454 1519 65.2493
1 5920 1454 1520 65.3253
1 5932 1454 1520 65.4014
1 5945 1454 1520 65.4763
1 5959 1454 1520 65.5513
1 5980 1454 1521 65.6263
1 6010 1455 1522 65.7013
1 6041 1455 1523 65.7774
1 6059 1455 1523 65.8543
1 6072 1455 1523 65.9313
1 6080 1456 1524 66.0063
1 6086 1456 1524 66.0813
1 6094 1456 1524 66.1564
1 6108 1456 1524 66.2313
1 6125 1456 1525 66.3055
1 6139 1457 1525 66.3794
1 6152 1457 1525 66.4546
1 6172 1457 1525 66.5304
1 6188 1458 1526 66.6043
1 6198 1458 1526 66.6804
1 6213 1458 1526 66.7565
1 6238 1459 1527 66.8314
1 6268 1459 1528 66.9064
1 6290 1460 1528 66.9814
1 6305 1460 1528 67.0565
1 6323 1461 1529 67.1316
1 6346 1461 1529 67.2064
1 6370 1462 1530 67.2824
1 6391 1462 1530 67.3584
1 6417 1463 1530 67.4343
1 6447 1463 1530 67.5106
1 6478 1464 1531 67.5844
1 6515 1465 1531 67.6626
1 6555 1466 1532 67.7374
1 6589 1466 1533 67.8138
1 6613 1467 1533 67.8874
1 6641 1467 1533 67.9874
1 6687 1468 1533 68.0624
1 6742 1469 1533 68.1374
1 6784 1469 1532 68.2134
1 6828 1470 1532 68.2884
1 6883 1471 1532 68.3646
1 6940 1472 1531 68.4423
1 6980 1472 1531 68.5176
1 7010 1473 1532 68.593
1 7039 1474 1532 68.6665
1 7068 1474 1532 68.7418
1 7092 1475 1532 68.8175
1 7110 1475 1533 68.8934
1 7124 1476 1533 68.9685
1 7131 1476 1533 69.0436
1 7135 1476 1533 69.1185
1 7136 1477 1533 69.1936
1 7140 1477 1533 69.2687
1 7146 1478 1533 69.3425
1 7151 1479 1533 69.4176
1 7159 1479 1534 69.4926
1 7169 1480 1534 69.5677
1 7176 1481 1534 69.6425
1 7183 1482 1534 69.7185
1 7191 1483 1535 69.7935
1 7198 1484 1535 69.8685
1 7203 1485 1535 69.9456
1 7204 1486 1535 70.0205
1 7202 1487 1535 70.0957
1 7202 1488 1536 70.1705
1 7203 1488 1536 70.2455
1 7213 1489 1536 70.321
1 7229 1490 1537 70.3993
1 7248 1492 1538 70.474
1 7268 1493 1539 70.5465
1 7286 1493 1539 70.6206
1 7300 1494 1540 70.6955
1 7312 1494 1540 70.7716
1 7323 1495 1541 70.8457
1 7331 1495 1541 70.9205
1 7336 1496 1541 70.9955
1 7342 1496 1542 71.0706
1 7351 1497 1542 71.1465
1 7363 1497 1543 71.2227
1 7375 1498 1544 71.2976
1 7384 1499 1544 71.3727
1 7394 1499 1544 71.4476
1 7412 1499 1544 71.5225
1 7450 1500 1544 71.5986
1 7503 1501 1542 71.6747
1 7551 1501 1541 71.7496
1 7592 1502 1540 71.8247
1 7633 1502 1539 71.8986
1 7682 1502 1538 71.9746
1 7738 1503 1537 72.0496
1 7787 1503 1535 72.1247
1 7824 1504 1535 72.1995
1 7847 1504 1534 72.2746
1 7864 1504 1534 72.3506
1 7884 1504 1533 72.4256
1 7907 1504 1533 72.5017
1 7920 1504 1532 72.5766
1 7928 1505 1532 72.6528
1 7931 1505 1532 72.7286
1 7931 1506 1532 72.8047
1 7929 1506 1532 72.8806
1 7925 1507 1531 72.9578
1 7918 1508 1531 73.0328
1 7909 1508 1530 73.1076
1 7903 1509 1530 73.1826
1 7901 1510 1530 73.2588
1 7898 1510 1529 73.3336
1 7897 1511 1529 73.4087
1 7902 1511 1528 73.4828
1 7914 1512 1528 73.5576
1 7928 1512 1527 73.6337
1 7933 1513 1527 73.7087
1 7928 1514 1526 73.7826
1 7931 1514 1525 73.8597
1 7941 1515 1525 73.9346
1 7957 1515 1524 74.0108
1 7964 1516 1524 74.0886
1 7969 1516 1523 74.1637
1 7975 1517 1524 74.2396
1 7975 1518 1524 74.3146
1 7974 1519 1523 74.3897
1 7970 1519 1523 74.4646
1 7960 1520 1523 74.5397
1 7945 1521 1523 74.6148
1 7936 1522 1523 74.6908
1 7936 1522 1522 74.7666
1 7933 1523 1522 74.8427
1 7927 1524 1521 74.9178
1 7928 1525 1520 74.9948
1 7942 1526 1519 75.0717
1 7961 1527 1517 75.1517
1 7977 1527 1516 75.2278
1 7987 1528 1515 75.3027
1 7995 1528 1515 75.3768
1 8005 1528 1514 75.4527
1 8017 1529 1514 75.5288
1 8032 1529 1513 75.6037
1 8052 1529 1513 75.6787
1 8068 1529 1512 75.7567
1 8085 1530 1511 75.8318
1 8106 1530 1511 75.9067
1 8135 1531 1511 75.9817
1 8153 1532 1511 76.0568
1 8158 1533 1510 76.1327
1 8151 1533 1510 76.2077
1 8143 1534 1509 76.2843
1 8139 1535 1509 76.3607
1 8137 1535 1509 76.4359
1 8143 1536 1509 76.5107
1 8158 1536 1508 76.5858
1 8179 1536 1507 76.6619
1 8198 1536 1506 76.7367
1 8216 1537 1505 76.8118
1 8235 1537 1504 76.8879
1 8250 1537 1504 76.9635
1 8261 1537 1503 77.0397
1 8270 1537 1503 77.1149
1 8278 1537 1502 77.2018
1 8286 1537 1502 77.2767
1 8293 1537 1502 77.3528
1 8301 1538 1501 77.4287
1 8309 1538 1501 77.5049
1 8319 1538 1500 77.5798
1 8331 1538 1500 77.6559
1 8346 1538 1499 77.7308
1 8362 1538 1498 77.8068
1 8378 1538 1497 77.8849
1 8391 1539 1497 77.9598
1 8402 1539 1496 78.0349
1 8412 1539 1496 78.1098
1 8422 1539 1495 78.1887
1 8435 1539 1495 78.2718
1 8450 1539 1494 78.3468
1 8465 1539 1494 78.4219
1 8480 1539 1493 78.4968
1 8497 1539 1493 78.5718
1 8516 1539 1491 78.6478
1 8535 1539 1490 78.7229
1 8547 1540 1490 78.7988
1 8556 1540 1489 78.875
1 8563 1540 1489 78.9498
1 8568 1540 1488 79.0258
1 8577 1540 1487 79.1008
1 8587 1541 1486 79.1758
1 8595 1541 1485 79.2518
1 8601 1541 1485 79.3278
1 8608 1541 1484 79.403
1 8617 1541 1483 79.4778
1 8625 1541 1483 79.5538
1 8631 1542 1482 79.6298
1 8636 1542 1482 79.7048
1 8640 1542 1481 79.7799
1 8648 1542 1481 79.8559
1 8665 1541 1481 79.9318
1 8696 1541 1481 80.0078
1 8736 1540 1481 80.0839
1 8777 1539 1481 80.1609
1 8816 1538 1482 80.2369
1 8858 1536 1482 80.3119
1 8899 1535 1482 80.3869
1 8934 1533 1481 80.4649
1 8960 1532 1481 80.544
1 8976 1530 1481 80.6194
1 8985 1529 1481 80.6939
1 8991 1528 1481 80.769
1 8994 1527 1481 80.8439
1 8996 1526 1480 80.9189
1 8998 1525 1479 80.9939
1 8998 1524 1479 81.0689
1 8999 1523 1479 81.1439
1 8999 1523 1479 81.22
1 8999 1522 1479 81.2939
1 8999 1522 1478 81.37
1 8999 1521 1478 81.4459
1 8999 1521 1478 81.5219
1 8999 1521 1477 81.5969
1 8993 1520 1477 81.672
1 8974 1519 1476 81.7469
1 8972 1518 1475 81.8229
1 8983 1517 1475 81.9
1 8990 1516 1475 81.9759
1 8994 1516 1475 82.0519
1 8996 1515 1475 82.1279
1 8997 1515 1474 82.2029
1 8998 1514 1474 82.2779
1 8997 1514 1474 82.3529
1 8983 1513 1473 82.4281
1 8968 1513 1472 82.5019
1 8960 1513 1471 82.577
1 8960 1513 1470 82.652
1 8964 1513 1468 82.7259
1 8968 1513 1467 82.8009
1 8973 1513 1466 82.8759
1 8978 1513 1465 82.9509
1 8982 1514 1464 83.0262
1 8986 1514 1463 83.1021
1 8989 1514 1462 83.177
1 8991 1514 1462 83.254
1 8992 1514 1461 83.3321
1 8994 1514 1461 83.4079
1 8996 1515 1460 83.484
1 8997 1515 1460 83.5591
1 8997 1515 1460 83.634
1 8998 1515 1460 83.7091
1 8999 1515 1459 83.784
1 8997 1515 1459 83.86
1 8995 1515 1459 83.9361
1 8994 1515 1459 84.012
1 8988 1515 1459 84.0871
1 8981 1514 1458 84.164
1 8959 1514 1458 84.242
1 8936 1513 1457 84.317
1 8920 1512 1457 84.392
1 8906 1512 1456 84.468
1 8892 1511 1456 84.5442
1 8886 1510 1455 84.6211
1 8891 1508 1455 84.697
1 8894 1507 1455 84.772
1 8893 1506 1455 84.847
1 8890 1504 1454 84.923
1 8892 1503 1454 84.997
1 8894 1503 1454 85.074
1 8899 1502 1454 85.149
1 8906 1502 1454 85.2231
1 8900 1501 1454 85.2981
1 8881 1501 1453 85.3732
1 8870 1500 1453 85.448
1 8868 1500 1453 85.5231
1 8872 1499 1453 85.6
1 8872 1499 1453 85.675
1 8869 1499 1453 85.7501
1 8857 1498 1453 85.8251
1 8841 1498 1452 85.9003
1 8812 1497 1452 85.9768
1 8765 1497 1451 86.0491
1 8720 1495 1450 86.1251
1 8693 1494 1449 86.2013
1 8675 1494 1449 86.2781
1 8661 1493 1449 86.3541
1 8653 1493 1448 86.4292
1 8649 1492 1448 86.5052
1 8643 1491 1448 86.5822
1 8627 1491 1448 86.6571
1 8610 1490 1447 86.7322
1 8599 1489 1447 86.8071
1 8602 1489 1447 86.8833
1 8610 1488 1447 86.9581
1 8623 1487 1447 87.0331
1 8639 1486 1448 87.1082
1 8658 1485 1448 87.1841
1 8678 1484 1448 87.2592
1 8694 1483 1448 87.3343
1 8708 1483 1449 87.4081
1 8720 1482 1449 87.4831
1 8733 1481 1449 87.5591
1 8753 1480 1449 87.6342
1 8773 1479 1450 87.7091
1 8790 1478 1450 87.7841
1 8803 1478 1450 87.8591
1 8816 1477 1450 87.9343
1 8830 1476 1451 88.0101
1 8841 1476 1451 88.0862
1 8849 1475 1451 88.1613
1 8855 1475 1451 88.2361
1 8861 1475 1451 88.3112
1 8868 1474 1452 88.3871
1 8874 1474 1452 88.4632
1 8879 1473 1452 88.5393
1 8885 1473 1453 88.6142
1 8887 1472 1453 88.6902
1 8826 1471 1452 88.7651
1 8727 1469 1450 88.841
1 8655 1468 1449 88.9169
1 8612 1467 1449 88.9892
1 8586 1467 1448 89.0642
1 8570 1467 1448 89.1402
1 8562 1466 1448 89.2164
1 8562 1466 1448 89.2932
1 8568 1465 1448 89.3672
1 8576 1464 1448 89.4422
1 8586 1464 1448 89.5172
1 8598 1463 1449 89.5922
1 8609 1462 1449 89.6683
1 8618 1461 1450 89.7433
1 8624 1460 1450 89.8193
1 8629 1460 1450 89.8942
1 8635 1459 1451 89.9692
1 8643 1458 1452 90.0442
1 8652 1458 1453 90.1193
1 8658 1457 1453 90.1942
1 8662 1457 1454 90.2693
1 8669 1456 1454 90.3442
1 8675 1456 1455 90.4192
1 8681 1456 1456 90.4942
1 8690 1456 1456 90.5693
1 8695 1455 1457 90.6452
1 8699 1455 1457 90.7202
1 8705 1455 1458 90.7972
1 8714 1455 1459 90.8723
1 8723 1455 1459 90.9502
1 8729 1455 1460 91.0263
1 8731 1455 1460 91.1025
1 8735 1455 1461 91.1773
1 8747 1455 1462 91.2533
1 8759 1454 1463 91.3303
1 8767 1454 1463 91.4073
1 8776 1454 1464 91.4884
1 8781 1454 1465 91.5623
1 8783 1454 1465 91.6383
1 8784 1454 1465 91.7143
1 8780 1454 1466 91.7893
1 8772 1453 1467 91.8643
1 8768 1453 1468 91.9393
1 8765 1453 1468 92.0143
1 8763 1452 1468 92.0893
1 8756 1452 1469 92.1643
1 8752 1451 1470 92.2393
1 8748 1451 1470 92.3143
1 8745 1450 1470 92.3903
1 8742 1450 1470 92.4663
1 8741 1450 1471 92.5444
1 8737 1450 1471 92.6193
1 8731 1449 1471 92.6955
1 8725 1449 1472 92.7713
1 8720 1449 1472 92.8463
1 8713 1448 1473 92.9218
1 8708 1448 1473 92.9973
1 8703 1447 1474 93.0843
1 8699 1447 1474 93.1593
1 8695 1447 1474 93.2345
1 8695 1447 1474 93.3103
1 8702 1447 1475 93.3854
1 8714 1447 1475 93.4615
1 8726 1447 1475 93.5493
1 8749 1448 1476 93.6247
1 8779 1448 1476 93.6993
1 8797 1449 1477 93.7753
1 8811 1449 1477 93.8514
1 8832 1449 1478 93.9274
1 8857 1450 1478 94.0038
1 8875 1450 1479 94.0803
1 8889 1450 1479 94.1554
1 8902 1450 1479 94.2313
1 8911 1451 1480 94.3074
1 8926 1451 1481 94.3824
1 8942 1451 1482 94.4564
1 8952 1451 1483 94.533
1 8960 1452 1483 94.6186
1 8969 1452 1484 94.6934
1 8980 1452 1485 94.7684
1 8984 1452 1486 94.8434
1 8984 1452 1486 94.9194
1 8982 1452 1486 94.9954
1 8968 1452 1486 95.0714
1 8959 1452 1486 95.1495
1 8946 1452 1486 95.2245
1 8905 1451 1486 95.2996
1 8862 1450 1485 95.3744
1 8833 1450 1485 95.4504
1 8804 1449 1485 95.5264
1 8774 1449 1486 95.6034
1 8750 1448 1487 95.6784
1 8729 1448 1488 95.7535
1 8711 1448 1488 95.8304
1 8706 1448 1490 95.9054
1 8718 1448 1491 95.9814
1 8744 1449 1492 96.0574
1 8768 1449 1493 96.1334
1 8783 1450 1494 96.2094
1 8792 1450 1495 96.2834
1 8806 1450 1496 96.3595
1 8838 1451 1497 96.4354
1 8893 1452 1499 96.5096
1 8936 1453 1500 96.5899
1 8961 1453 1500 96.6644
1 8976 1454 1501 96.7394
1 8986 1455 1501 96.8136
1 8991 1455 1502 96.8884
1 8995 1457 1502 96.9645
1 8997 1458 1503 97.0394
1 8998 1458 1503 97.1144
1 8998 1459 1503 97.1895
1 8999 1459 1504 97.2654
1 8999 1459 1504 97.3405
1 8999 1459 1504 97.4156
1 8999 1460 1505 97.4905
1 8999 1460 1506 97.5655
1 8999 1460 1506 97.6416
1 8999 1460 1507 97.7165
1 8999 1461 1507 97.7915
1 8999 1461 1508 97.8686
1 8999 1462 1509 97.9445
1 8999 1463 1509 98.0206
1 8999 1463 1510 98.0955
1 8999 1464 1510 98.1705
1 8999 1464 1510 98.2465
1 8999 1464 1511 98.3225
1 8999 1464 1511 98.3975
1 8999 1464 1511 98.4725
1 8999 1464 1511 98.5485
1 8999 1464 1511 98.6235
1 8999 1464 1511 98.6996
1 8999 1464 1511 98.7745
1 8999 1464 1511 98.8497
1 8999 1464 1511 98.9245
1 8999 1464 1511 98.9986
1 8999 1464 1511 99.0725
1 8999 1464 1511 99.1476
1 8999 1464 1511 99.2225
1 8999 1464 1511 99.2985
1 8999 1464 1511 99.3735
1 8999 1464 1511 99.4486
1 8999 1464 1511 99.5235
1 8999 1464 1511 99.5996
1 8999 1464 1511 99.6746
1 8999 1464 1511 99.7496
1 8999 1464 1511 99.8247
1 8999 1464 1511 99.8996
1 8999 1464 1511 99.9747
1 8999 1464 1511 100.05
1 8999 1464 1511 100.125
1 8999 1464 1511 100.2
1 8999 1464 1511 100.275
1 8999 1464 1511 100.35
1 8999 1464 1511 100.426
1 8999 1464 1511 100.504
1 8999 1464 1511 100.583
1 8999 1464 1511 100.659
1 8999 1464 1511 100.735
1 8999 1464 1511 100.812
1 8999 1464 1511 100.89
1 8999 1464 1511 100.965
1 8999 1464 1511 101.04
1 8999 1464 1511 101.115
1 8999 1464 1511 101.191
1 8999 1464 1511 101.265
1 8999 1464 1511 101.341
1 8999 1464 1511 101.419
1 8999 1464 1511 101.494
1 8999 1464 1511 101.569
1 8999 1465 1511 101.644
NaN 8999 1465 1511 101.803
