NaN 2700 1500 1495 15.0456
NaN 1620 1501 1492 15.1327
NaN 971 1501 1491 15.2087
NaN 583 1501 1490 15.2846
NaN 349 1501 1489 15.3595
NaN 209 1501 1489 15.4366
NaN 125 1501 1489 15.5126
NaN 75 1501 1489 15.5887
NaN 45 1501 1488 15.6646
NaN 27 1501 1488 15.7436
NaN 16 1501 1488 15.8197
NaN 9 1501 1488 15.8957
NaN 5 1501 1488 15.9726
NaN 3 1501 1488 16.0496
NaN 2 1501 1488 16.1257
NaN 1 1501 1488 16.2026
NaN 0 1501 1488 16.2797
NaN 0 1501 1488 16.3566
NaN 0 1501 1488 16.4326
NaN 0 1501 1488 16.5076
NaN 0 1501 1488 16.5846
NaN 0 1501 1488 16.6607
NaN 0 1501 1488 16.7377
NaN 0 1501 1488 16.8137
NaN 0 1501 1488 16.8897
NaN 0 1501 1488 16.9646
NaN 0 1501 1488 17.0407
NaN 0 1501 1488 17.1167
NaN 0 1501 1488 17.1927
NaN 0 1501 1488 17.2687
NaN 0 1501 1488 17.3447
NaN 0 1501 1488 17.4406
NaN 0 1501 1488 17.5187
NaN 0 1501 1488 17.5988
NaN 0 1501 1488 17.6777
NaN 0 1501 1488 17.7577
NaN 0 1501 1488 17.8347
NaN 0 1501 1488 17.9107
NaN 0 1501 1488 17.9877
NaN 0 1501 1488 18.0638
NaN 0 1501 1488 18.1408
NaN 0 1501 1488 18.2187
NaN 0 1501 1488 18.2968
NaN 0 1501 1488 18.3737
NaN 0 1501 1488 18.4506
NaN 0 1501 1488 18.5267
NaN 0 1501 1488 18.6067
NaN 0 1501 1488 18.6987
NaN 0 1501 1488 18.7787
NaN 0 1501 1488 18.8538
NaN 0 1501 1488 18.9287
NaN 0 1501 1488 19.0037
NaN 0 1501 1488 19.0798
NaN 0 1501 1488 19.1548
NaN 0 1501 1488 19.2307
NaN 0 1501 1488 19.3067
NaN 0 1501 1488 19.3827
NaN 0 1501 1488 19.4587
NaN 0 1501 1488 19.5337
NaN 0 1501 1488 19.6109
NaN 0 1501 1488 19.6868
NaN 0 1501 1488 19.7638
NaN 0 1501 1488 19.8398
NaN 0 1501 1488 19.9168
NaN 0 1501 1488 19.9927
NaN 0 1501 1488 20.0688
NaN 0 1501 1488 20.1448
NaN 0 1501 1488 20.2208
NaN 0 1501 1488 20.2968
NaN 0 1501 1488 20.3718
NaN 0 1501 1488 20.4477
NaN 0 1501 1488 20.5238
NaN 0 1501 1488 20.5988
NaN 0 1501 1488 20.6748
NaN 0 1501 1488 20.7519
NaN 0 1501 1488 20.8278
NaN 0 1501 1488 20.9039
NaN 0 1501 1488 20.9798
NaN 0 1501 1488 21.0559
NaN 0 1501 1488 21.1318
NaN 0 1501 1488 21.2088
NaN 0 1501 1488 21.2847
NaN 0 1501 1488 21.3608
NaN 0 1501 1488 21.4359
NaN 0 1501 1488 21.5119
NaN 0 1501 1488 21.5868
NaN 0 1501 1488 21.6618
NaN 0 1501 1488 21.7379
NaN 0 1501 1488 21.8128
NaN 0 1501 1488 21.8889
NaN 0 1501 1488 21.9649
NaN 0 1501 1488 22.0409
NaN 0 1501 1488 22.1179
NaN 0 1501 1488 22.1938
NaN 0 1501 1488 22.2698
NaN 0 1501 1488 22.3458
NaN 0 1501 1488 22.4218
NaN 0 1501 1488 22.4978
NaN 0 1501 1488 22.5808
NaN 0 1501 1488 22.6558
NaN 0 1501 1488 22.7309
NaN 0 1501 1488 22.807
NaN 0 1501 1488 22.8828
NaN 0 1501 1488 22.9579
NaN 0 1501 1488 23.0328
NaN 0 1501 1488 23.1098
NaN 0 1501 1488 23.1859
NaN 0 1501 1488 23.2618
NaN 0 1501 1488 23.338
NaN 0 1501 1488 23.4128
NaN 0 1501 1488 23.4888
NaN 0 1501 1488 23.564
NaN 0 1501 1488 23.6378
NaN 0 1501 1488 23.7129
NaN 0 1501 1488 23.7889
NaN 0 1501 1488 23.8642
NaN 0 1501 1488 23.9379
NaN 0 1501 1488 24.0119
NaN 0 1501 1488 24.0869
NaN 0 1501 1488 24.1619
NaN 0 1501 1488 24.2369
NaN 0 1501 1488 24.3119
NaN 0 1501 1488 24.3869
NaN 0 1501 1488 24.4619
NaN 0 1501 1488 24.5369
NaN 0 1501 1488 24.612
NaN 0 1501 1488 24.6869
NaN 117 1503 1490 24.7619
NaN 529 1510 1493 24.8369
NaN 1309 1520 1495 24.9119
NaN 2203 1528 1498 24.9869
NaN 2750 1533 1499 25.0629
NaN 3032 1535 1500 25.1379
NaN 3080 1534 1502 25.2131
NaN 2824 1532 1506 25.289
NaN 2263 1530 1511 25.3675
NaN 1427 1527 1515 25.4439
NaN 887 1523 1516 25.5201
NaN 532 1517 1513 25.5951
NaN 319 1510 1506 25.6699
NaN 191 1506 1501 25.7459
NaN 115 1503 1499 25.821
NaN 69 1501 1498 25.8951
NaN 41 1498 1499 25.9701
NaN 24 1497 1499 26.0449
NaN 14 1496 1498 26.119
NaN 8 1497 1497 26.1956
NaN 5 1498 1497 26.27
NaN 3 1498 1497 26.3439
NaN 1 1498 1496 26.4202
NaN 1 1498 1496 26.4962
NaN 0 1498 1496 26.5699
NaN 0 1498 1496 26.647
NaN 0 1498 1496 26.7313
NaN 0 1498 1497 26.8063
NaN 0 1498 1497 26.882
NaN 0 1498 1497 26.9569
NaN 0 1498 1497 27.0321
NaN 0 1498 1497 27.107
NaN 0 1498 1497 27.1821
NaN 0 1498 1497 27.2572
NaN 0 1498 1497 27.333
NaN 0 1498 1497 27.408
NaN 0 1498 1497 27.483
NaN 0 1498 1497 27.5587
NaN 0 1498 1497 27.6351
NaN 0 1498 1497 27.7101
NaN 0 1498 1497 27.7861
NaN 0 1498 1497 27.861
NaN 0 1498 1497 27.9362
NaN 0 1498 1497 28.011
NaN 0 1498 1497 28.086
NaN 0 1498 1497 28.1622
NaN 0 1498 1497 28.2377
NaN 0 1498 1497 28.314
NaN 0 1498 1497 28.39
NaN 0 1498 1497 28.465
NaN 0 1498 1497 28.5411
NaN 0 1498 1497 28.6176
NaN 0 1498 1497 28.6921
NaN 0 1498 1497 28.7683
NaN 0 1498 1497 28.8472
NaN 0 1498 1497 28.922
NaN 0 1498 1497 28.997
0 0 1498 1497 29.073
0 0 1498 1497 29.147
0 0 1498 1497 29.2221
0 0 1497 1497 29.2991
0 0 1497 1497 29.3753
0 0 1497 1497 29.453
0 0 1496 1498 29.528
0 0 1496 1498 29.6042
0 0 1496 1498 29.68
0 0 1496 1498 29.7559
0 0 1496 1498 29.8321
0 0 1496 1498 29.907
0 0 1495 1498 29.9831
0 0 1495 1497 30.0591
0 16 1494 1497 30.1351
0 32 1493 1497 30.2101
0 41 1493 1497 30.2851
0 48 1492 1497 30.3601
0 55 1492 1497 30.4363
0 59 1492 1497 30.5121
0 66 1492 1497 30.5881
0 91 1492 1497 30.6631
0 112 1492 1497 30.7372
0 126 1491 1497 30.8121
0 138 1491 1497 30.8871
0 148 1491 1497 30.9621
0 155 1491 1497 31.0512
0 162 1490 1497 31.1262
0 172 1490 1497 31.2011
0 181 1490 1497 31.2761
0 190 1489 1498 31.3552
0 195 1489 1498 31.4301
0 200 1489 1498 31.5053
0 204 1489 1498 31.5811
0 208 1489 1498 31.6561
0 213 1489 1498 31.7312
0 216 1488 1498 31.8062
0 220 1488 1498 31.8812
0 224 1488 1498 31.9563
0 229 1488 1498 32.0312
0 234 1488 1498 32.1072
0 237 1488 1497 32.1821
0 242 1488 1497 32.2582
0 249 1488 1498 32.3332
0 255 1487 1498 32.4092
0 260 1487 1498 32.4842
0 264 1487 1498 32.5602
0 270 1487 1498 32.6353
0 275 1487 1498 32.7112
0 279 1486 1498 32.7882
0 281 1486 1498 32.8765
0 284 1486 1498 32.9532
0 286 1486 1498 33.0293
0 287 1486 1498 33.1032
0 299 1486 1498 33.1782
0 324 1487 1498 33.2532
0 366 1487 1499 33.3274
0 413 1488 1500 33.4022
0 447 1488 1500 33.4772
0 468 1488 1500 33.5523
0 482 1488 1500 33.6273
0 490 1488 1500 33.7033
0 495 1488 1500 33.7783
0 502 1488 1500 33.8533
0 514 1488 1500 33.9283
0 527 1487 1500 34.0032
0 540 1487 1500 34.0792
0 550 1487 1500 34.1542
0 556 1486 1500 34.2292
0 559 1486 1500 34.3043
0 562 1486 1500 34.3802
0 566 1486 1500 34.4554
0 570 1486 1500 34.5313
0 575 1486 1500 34.6063
0 578 1486 1500 34.6813
0 582 1486 1500 34.7572
0 584 1486 1500 34.8323
0 586 1486 1500 34.9083
0 587 1486 1500 34.9832
0 589 1486 1500 35.0582
0 592 1486 1500 35.1325
0 597 1486 1500 35.2073
0 600 1486 1500 35.2834
0 602 1486 1500 35.3574
0 610 1486 1500 35.4324
0 629 1486 1500 35.5083
0 649 1486 1501 35.5833
0 671 1487 1501 35.6583
0 692 1487 1501 35.7333
0 705 1487 1502 35.8073
0 713 1487 1502 35.8813
0 719 1488 1502 35.9573
0 723 1488 1502 36.0323
0 730 1487 1502 36.1073
0 740 1487 1502 36.1833
0 754 1487 1502 36.2695
0 765 1487 1502 36.3443
0 772 1487 1502 36.4203
0 778 1487 1503 36.4953
0 784 1487 1503 36.5703
0 798 1487 1503 36.6463
0 823 1487 1503 36.7214
0 841 1487 1503 36.7953
0 853 1487 1504 36.8717
0 862 1486 1504 36.9483
0 869 1486 1504 37.0233
0 877 1486 1504 37.0984
0 883 1486 1504 37.1744
0 888 1486 1504 37.2497
0 892 1486 1504 37.3256
0 897 1486 1503 37.4006
0 904 1486 1503 37.4754
0 909 1486 1503 37.5515
0 926 1486 1503 37.6275
0 956 1486 1503 37.7019
0 980 1486 1503 37.7763
0 1000 1486 1503 37.8513
0 1024 1486 1503 37.9256
0 1052 1485 1503 37.9994
0 1078 1484 1504 38.074
0 1106 1484 1504 38.1476
0 1134 1484 1504 38.2218
0 1158 1483 1504 38.2964
0 1173 1483 1504 38.3755
0 1182 1483 1504 38.4527
0 1188 1483 1504 38.528
0 1191 1483 1504 38.603
0 1193 1483 1504 38.6783
0 1202 1483 1504 38.7537
0 1216 1483 1504 38.8294
0 1229 1483 1504 38.9082
0 1238 1483 1504 38.9907
0 1245 1483 1504 39.0656
0 1249 1483 1504 39.141
0 1252 1483 1504 39.2157
0 1254 1483 1504 39.2924
0 1256 1483 1504 39.3691
0 1258 1483 1504 39.4438
0 1263 1483 1504 39.5188
0 1267 1483 1504 39.5934
0 1271 1483 1504 39.6694
0 1278 1483 1504 39.7491
0 1296 1483 1504 39.8248
0 1311 1483 1504 39.9006
0 1325 1484 1504 39.9781
0 1334 1484 1505 40.0519
0 1341 1484 1505 40.1258
0 1345 1484 1505 40.2001
0 1352 1484 1505 40.2749
0 1373 1484 1505 40.3496
0 1395 1485 1505 40.4307
0 1412 1485 1505 40.5056
0 1425 1485 1505 40.5814
0 1437 1485 1505 40.6567
0 1448 1485 1505 40.7313
0 1458 1485 1505 40.8068
0 1468 1484 1505 40.8821
0 1479 1484 1505 40.9569
0 1492 1484 1505 41.041
0 1504 1484 1505 41.1183
0 1515 1484 1505 41.1931
0 1524 1483 1505 41.2692
0 1533 1483 1505 41.3468
0 1542 1483 1505 41.4238
0 1553 1483 1504 41.4987
0 1568 1483 1504 41.5739
0 1585 1483 1504 41.6496
0 1599 1482 1504 41.7251
0 1612 1482 1504 41.7997
0 1622 1482 1503 41.8747
0 1629 1482 1503 41.9496
0 1637 1482 1503 42.026
0 1648 1482 1503 42.1007
0 1660 1482 1503 42.1764
0 1683 1482 1503 42.2523
0 1705 1482 1503 42.3271
0 1722 1482 1503 42.4016
0 1736 1482 1503 42.4763
0 1749 1481 1503 42.5476
0 1760 1481 1503 42.6226
0 1770 1481 1503 42.6976
0 1777 1481 1503 42.7716
0 1783 1481 1503 42.8475
0 1790 1481 1503 42.9226
0 1798 1481 1503 42.9975
0 1804 1481 1503 43.0726
0 1816 1481 1503 43.1475
0 1834 1481 1503 43.2226
0 1848 1481 1503 43.2976
0 1857 1482 1503 43.3727
0 1870 1482 1503 43.4476
0 1891 1482 1503 43.5237
0 1909 1482 1503 43.5986
0 1924 1482 1502 43.6746
0 1937 1483 1502 43.7495
0 1945 1483 1502 43.8256
0 1953 1483 1502 43.9006
0 1968 1483 1502 43.9766
0 1980 1483 1502 44.0517
0 1989 1483 1502 44.1297
0 1999 1483 1502 44.2046
0 2010 1483 1502 44.2797
0 2020 1483 1502 44.3556
0 2030 1483 1502 44.4317
0 2046 1482 1501 44.5066
0 2059 1482 1501 44.5838
0 2071 1482 1501 44.6606
0 2081 1482 1501 44.7356
0 2090 1481 1501 44.8106
0 2096 1481 1501 44.8866
0 2110 1481 1501 44.9639
0 2130 1481 1501 45.0393
0 2147 1481 1501 45.1146
0 2161 1481 1501 45.1897
0 2174 1481 1501 45.2656
0 2184 1481 1500 45.3407
0 2192 1481 1500 45.4157
0 2197 1481 1500 45.4906
0 2205 1481 1500 45.5656
0 2217 1481 1500 45.6418
0 2228 1481 1500 45.7178
0 2239 1481 1500 45.7926
0 2250 1481 1499 45.8676
0 2263 1481 1499 45.9426
0 2284 1481 1499 46.0187
0 2312 1481 1499 46.0947
0 2333 1481 1499 46.1706
0 2353 1481 1499 46.2479
0 2379 1481 1499 46.3237
0 2402 1481 1499 46.3988
0 2419 1481 1499 46.4746
0 2430 1481 1498 46.5517
0 2439 1481 1498 46.6276
0 2445 1481 1498 46.7037
0 2454 1481 1498 46.7798
0 2468 1481 1498 46.8557
0 2477 1481 1498 46.9317
0 2483 1481 1498 47.0068
0 2492 1481 1498 47.0817
0 2508 1481 1498 47.1575
0 2521 1481 1498 47.2327
0 2529 1482 1498 47.3079
0 2534 1482 1498 47.3817
0 2547 1482 1498 47.4568
0 2558 1482 1498 47.5328
0 2567 1482 1498 47.6087
0 2578 1482 1498 47.6859
0 2588 1482 1498 47.7613
0 2599 1482 1498 47.8417
0 2611 1481 1498 47.9177
0 2621 1481 1498 47.9927
0 2630 1481 1498 48.0678
0 2640 1481 1498 48.1437
0 2653 1481 1498 48.2208
0 2679 1481 1498 48.2958
0 2702 1481 1498 48.3709
0 2718 1481 1498 48.4457
0 2731 1481 1498 48.5218
0 2743 1480 1498 48.5968
0 2753 1480 1498 48.6718
0 2760 1480 1497 48.7478
0 2767 1480 1497 48.8227
0 2772 1480 1497 48.8979
0 2776 1480 1497 48.9738
0 2779 1480 1497 49.0497
0 2781 1480 1497 49.1259
0 2784 1480 1497 49.2008
0 2790 1480 1497 49.2768
0 2799 1479 1497 49.3517
0 2807 1479 1497 49.4258
0 2815 1479 1497 49.5018
0 2823 1479 1497 49.5778
0 2828 1479 1497 49.6538
0 2833 1479 1497 49.7288
0 2837 1479 1496 49.8059
0 2853 1479 1497 49.8798
0 2879 1479 1497 49.9548
0 2901 1480 1497 50.0298
0 2920 1480 1497 50.1058
0 2938 1480 1497 50.1818
0 2957 1480 1497 50.2568
0 2976 1481 1497 50.3318
0 2989 1481 1497 50.4103
0 2998 1481 1497 50.4849
0 3003 1481 1497 50.5602
0 3012 1481 1497 50.6368
0 3024 1481 1497 50.7119
0 3032 1481 1497 50.7868
0 3039 1481 1497 50.8618
0 3047 1481 1497 50.9388
0 3055 1481 1497 51.014
0 3064 1481 1497 51.0889
0 3074 1481 1497 51.1648
0 3082 1481 1497 51.2408
0 3092 1481 1497 51.3168
0 3104 1480 1497 51.3918
0 3114 1480 1497 51.4668
0 3122 1480 1497 51.541
0 3127 1480 1496 51.6158
0 3132 1480 1496 51.6898
0 3141 1480 1496 51.765
0 3150 1480 1496 51.8399
0 3158 1480 1496 51.9169
0 3166 1480 1496 51.994
0 3181 1479 1496 52.0699
0 3202 1479 1496 52.1449
0 3219 1479 1496 52.22
0 3231 1479 1496 52.2949
0 3240 1479 1496 52.3699
0 3248 1479 1496 52.4449
0 3253 1479 1495 52.5199
0 3259 1479 1495 52.5949
0 3264 1479 1495 52.6709
0 3271 1479 1495 52.7459
0 3276 1479 1495 52.822
0 3284 1479 1495 52.8979
0 3300 1479 1495 52.9739
0 3324 1479 1495 53.0539
0 3338 1479 1495 53.1289
0 3347 1479 1495 53.2039
0 3352 1479 1495 53.279
0 3355 1479 1495 53.3539
0 3365 1479 1495 53.431
0 3390 1480 1495 53.5069
0 3419 1480 1495 53.5829
0 3438 1480 1495 53.661
0 3451 1481 1495 53.736
0 3459 1481 1495 53.8129
0 3465 1481 1495 53.8892
0 3471 1481 1495 53.964
0 3476 1481 1495 54.0396
0 3482 1481 1495 54.114
0 3489 1480 1495 54.19
0 3505 1480 1495 54.2649
0 3520 1480 1495 54.3412
0 3536 1480 1495 54.4161
0 3549 1480 1495 54.4921
0 3560 1480 1495 54.5691
0 3571 1479 1495 54.6462
0 3580 1479 1495 54.721
0 3589 1479 1495 54.796
0 3598 1479 1495 54.871
0 3606 1479 1495 54.946
0 3613 1478 1495 55.022
0 3619 1478 1495 55.0999
0 3625 1478 1495 55.175
0 3631 1478 1495 55.2512
0 3637 1478 1495 55.3261
0 3643 1478 1495 55.4021
0 3662 1478 1495 55.479
0 3682 1478 1495 55.556
0 3694 1478 1495 55.632
0 3703 1478 1495 55.7081
0 3709 1478 1495 55.7832
0 3713 1478 1495 55.859
0 3718 1478 1495 55.9351
0 3722 1478 1495 56.01
0 3728 1477 1495 56.0866
0 3733 1477 1495 56.1664
0 3746 1478 1495 56.241
0 3764 1478 1495 56.317
0 3781 1478 1495 56.3921
0 3795 1478 1495 56.4671
0 3807 1478 1495 56.5421
0 3819 1479 1495 56.618
0 3828 1479 1495 56.693
0 3833 1479 1495 56.7681
0 3836 1479 1495 56.843
0 3837 1479 1495 56.918
0 3839 1479 1495 56.9941
0 3841 1479 1495 57.0711
0 3847 1479 1495 57.151
0 3858 1479 1495 57.2271
0 3871 1479 1495 57.302
0 3893 1479 1495 57.377
0 3912 1480 1496 57.4521
0 3923 1480 1496 57.5271
0 3931 1480 1496 57.6031
0 3939 1480 1496 57.6792
0 3950 1479 1496 57.7541
0 3961 1479 1496 57.8301
0 3972 1479 1496 57.9111
0 3989 1479 1496 57.9861
0 4001 1479 1496 58.0629
0 4010 1479 1496 58.1382
0 4019 1479 1496 58.2141
0 4029 1478 1496 58.2891
0 4039 1478 1496 58.3642
0 4050 1478 1496 58.4391
0 4060 1478 1496 58.5141
0 4069 1478 1496 58.5901
0 4077 1478 1496 58.6671
0 4083 1477 1496 58.7441
0 4087 1477 1496 58.8191
0 4089 1477 1496 58.8961
0 4092 1477 1496 58.9739
0 4096 1477 1496 59.0481
0 4102 1477 1496 59.1252
0 4107 1477 1496 59.2014
0 4113 1477 1495 59.2782
0 4120 1477 1495 59.3532
0 4126 1477 1495 59.4282
0 4134 1477 1495 59.5032
0 4139 1477 1496 59.5783
0 4142 1477 1496 59.6531
0 4143 1477 1496 59.7282
0 4145 1477 1496 59.8032
NaN 4145 1477 1496 59.8791
NaN 4146 1477 1496 59.9542
NaN 4146 1477 1496 60.0291
NaN 4146 1477 1496 60.1063
NaN 4146 1477 1496 60.1833
NaN 4146 1477 1496 60.2582
NaN 4146 1477 1496 60.3373
NaN 4146 1477 1496 60.4122
NaN 4146 1477 1496 60.4872
NaN 4146 1477 1496 60.5623
NaN 4146 1477 1496 60.6372
NaN 4146 1477 1496 60.7132
NaN 4146 1477 1496 60.7872
NaN 4146 1477 1496 60.8633
NaN 4145 1477 1496 60.9382
NaN 4143 1477 1496 61.0132
NaN 4139 1477 1496 61.0882
NaN 4136 1477 1496 61.1634
NaN 4133 1477 1496 61.2406
NaN 4130 1477 1496 61.3153
NaN 4128 1477 1496 61.3917
NaN 4126 1477 1496 61.4663
NaN 4124 1477 1496 61.5414
NaN 4123 1477 1496 61.6163
NaN 4123 1477 1496 61.6912
NaN 4121 1477 1496 61.7663
NaN 4120 1477 1496 61.8413
NaN 4119 1477 1496 61.9172
NaN 4117 1477 1497 61.9948
NaN 4115 1477 1497 62.0702
NaN 4114 1477 1497 62.1452
NaN 4112 1477 1497 62.2233
NaN 4110 1477 1497 62.3013
NaN 4106 1477 1497 62.3762
NaN 4103 1477 1497 62.4653
NaN 4102 1477 1497 62.5392
NaN 4100 1477 1497 62.6142
NaN 4099 1477 1497 62.6903
NaN 4099 1477 1497 62.7672
NaN 4098 1477 1497 62.8433
NaN 4098 1477 1497 62.9272
NaN 4098 1477 1497 63.0024
NaN 4098 1477 1497 63.0782
1 4098 1477 1497 63.1543
1 4098 1477 1497 63.2294
1 4098 1477 1497 63.3053
1 4099 1477 1497 63.3812
1 4102 1477 1497 63.4563
1 4106 1476 1497 63.5353
1 4113 1476 1497 63.6115
1 4115 1476 1498 63.6863
1 4105 1475 1498 63.7615
1 4083 1475 1499 63.8363
1 4065 1475 1499 63.9103
1 4055 1475 1500 63.9863
1 4049 1475 1500 64.0613
1 4043 1474 1500 64.1373
1 4035 1474 1501 64.2123
1 4026 1474 1501 64.2875
1 4017 1474 1501 64.3623
1 4011 1474 1501 64.4373
1 4007 1474 1501 64.5123
1 4001 1474 1501 64.5879
1 3987 1473 1501 64.6623
1 3972 1472 1500 64.7373
1 3966 1472 1500 64.8123
1 3967 1472 1499 64.8873
1 3959 1471 1499 64.9623
1 3941 1470 1499 65.0375
1 3935 1469 1498 65.1125
1 3937 1467 1498 65.1874
1 3942 1466 1499 65.2633
1 3953 1465 1499 65.3385
1 3964 1464 1499 65.4134
1 3974 1462 1499 65.4883
1 3984 1461 1500 65.5653
1 3996 1460 1500 65.6404
1 4007 1459 1500 65.7143
1 4017 1458 1500 65.7893
1 4026 1456 1501 65.8645
1 4033 1455 1501 65.9404
1 4039 1455 1501 66.0156
1 4043 1454 1501 66.0894
1 4056 1454 1501 66.1644
1 4070 1454 1500 66.2396
1 4082 1453 1499 66.3156
1 4102 1453 1499 66.3924
1 4134 1454 1498 66.4674
1 4164 1454 1497 66.5424
1 4188 1454 1496 66.6184
1 4216 1454 1495 66.6944
1 4261 1454 1494 66.7694
1 4294 1454 1493 66.8444
1 4316 1454 1492 66.9204
1 4331 1454 1492 66.9956
1 4343 1453 1492 67.0714
1 4356 1452 1492 67.1464
1 4375 1452 1491 67.2224
1 4391 1452 1491 67.2976
1 4402 1452 1491 67.3745
1 4411 1452 1490 67.4514
1 4418 1451 1490 67.5274
1 4427 1451 1490 67.6047
1 4438 1451 1490 67.6804
1 4452 1451 1490 67.7566
1 4471 1450 1489 67.8324
1 4492 1450 1488 67.9075
1 4523 1450 1488 67.9814
1 4569 1449 1487 68.0594
1 4600 1448 1486 68.1344
1 4618 1448 1486 68.2095
1 4630 1447 1485 68.2846
1 4639 1447 1485 68.3595
1 4645 1446 1485 68.4344
1 4648 1445 1486 68.5084
1 4643 1445 1486 68.5836
1 4625 1444 1487 68.6675
1 4610 1444 1487 68.7424
1 4599 1443 1488 68.8175
1 4593 1443 1488 68.8925
1 4589 1443 1488 68.9674
1 4587 1443 1488 69.0426
1 4586 1443 1488 69.1175
1 4585 1443 1488 69.1925
1 4584 1443 1488 69.2685
1 4584 1443 1489 69.3445
1 4584 1443 1489 69.4195
1 4584 1443 1489 69.4957
1 4584 1443 1489 69.5712
1 4584 1443 1489 69.6455
1 4584 1443 1489 69.7206
1 4584 1443 1489 69.7965
1 4584 1443 1489 69.8716
1 4584 1443 1489 69.9477
1 4584 1443 1489 70.0225
1 4584 1443 1489 70.0975
1 4584 1443 1489 70.1727
1 4584 1443 1489 70.2485
1 4584 1443 1489 70.3245
1 4584 1443 1489 70.3985
1 4584 1443 1489 70.4736
1 4584 1443 1489 70.5475
1 4585 1443 1489 70.6215
1 4585 1442 1489 70.6957
1 4586 1442 1489 70.7706
1 4596 1441 1489 70.8456
1 4611 1440 1490 70.9205
1 4625 1440 1490 70.9966
1 4633 1439 1490 71.0717
1 4652 1439 1491 71.1465
1 4694 1438 1491 71.2217
1 4749 1438 1492 71.2975
1 4812 1438 1494 71.3716
1 4880 1438 1495 71.4468
1 4964 1438 1496 71.5216
1 5098 1440 1498 71.5966
1 5239 1441 1500 71.6716
1 5325 1442 1501 71.7466
1 5377 1443 1502 71.8215
1 5408 1443 1502 71.8977
1 5430 1444 1503 71.9736
1 5446 1444 1503 72.0497
1 5475 1444 1503 72.1246
1 5532 1445 1504 72.2006
1 5587 1446 1505 72.2756
1 5621 1446 1505 72.352
1 5648 1447 1505 72.4266
1 5698 1448 1506 72.5006
1 5765 1449 1507 72.5758
1 5838 1450 1508 72.6516
1 5926 1451 1510 72.7279
1 6008 1453 1511 72.8027
1 6058 1453 1512 72.8777
1 6094 1454 1513 72.9537
1 6135 1455 1514 73.0287
1 6176 1455 1514 73.1036
1 6209 1456 1515 73.1776
1 6246 1457 1516 73.2527
1 6293 1458 1517 73.3298
1 6346 1458 1517 73.4046
1 6385 1459 1518 73.4797
1 6417 1460 1518 73.5547
1 6453 1460 1519 73.6306
1 6478 1461 1519 73.7077
1 6495 1461 1519 73.7836
1 6517 1462 1520 73.8586
1 6546 1462 1520 73.9348
1 6568 1463 1521 74.0107
1 6581 1463 1521 74.0866
1 6589 1463 1521 74.1617
1 6602 1463 1522 74.2368
1 6634 1463 1522 74.3127
1 6674 1464 1523 74.3877
1 6701 1464 1524 74.4627
1 6718 1464 1525 74.5377
1 6728 1464 1525 74.6128
1 6739 1464 1525 74.6893
1 6759 1464 1526 74.7659
1 6781 1465 1526 74.8399
1 6795 1465 1527 74.9147
1 6803 1465 1527 74.9907
1 6811 1466 1527 75.0667
1 6827 1466 1527 75.1407
1 6849 1466 1528 75.2157
1 6868 1467 1528 75.2907
1 6879 1467 1529 75.3647
1 6887 1467 1529 75.4397
1 6896 1468 1529 75.5148
1 6904 1468 1529 75.5898
1 6910 1468 1529 75.6647
1 6915 1468 1530 75.7397
1 6925 1468 1530 75.8228
1 6932 1469 1530 75.8977
1 6937 1469 1530 75.9728
1 6939 1469 1530 76.0477
1 6941 1469 1530 76.1228
1 6942 1469 1530 76.1977
1 6944 1469 1530 76.2729
1 6946 1469 1530 76.3478
1 6947 1469 1530 76.4238
1 6949 1469 1530 76.4989
1 6954 1469 1530 76.5738
1 6960 1469 1530 76.6488
1 6976 1470 1530 76.724
1 7001 1470 1530 76.8034
1 7018 1470 1529 76.8778
1 7036 1470 1529 76.9538
1 7053 1470 1528 77.0299
1 7069 1471 1528 77.1058
1 7084 1471 1528 77.1807
1 7102 1471 1527 77.2558
1 7120 1471 1527 77.3308
1 7133 1471 1527 77.4068
1 7144 1471 1526 77.4838
1 7158 1471 1526 77.5589
1 7184 1472 1527 77.6328
1 7201 1472 1527 77.7088
1 7213 1473 1527 77.7848
1 7220 1473 1528 77.8598
1 7228 1473 1528 77.9348
1 7242 1473 1528 78.0098
1 7263 1474 1529 78.0848
1 7282 1475 1529 78.1615
1 7294 1475 1530 78.2358
1 7301 1475 1530 78.3119
1 7319 1476 1529 78.3868
1 7340 1476 1529 78.4618
1 7364 1477 1529 78.5379
1 7391 1478 1530 78.6128
1 7420 1479 1530 78.688
1 7445 1480 1531 78.764
1 7457 1481 1531 78.8398
1 7463 1482 1531 78.9159
1 7473 1482 1532 78.9908
1 7486 1483 1532 79.0659
1 7493 1484 1532 79.142
1 7499 1485 1533 79.2218
1 7511 1486 1533 79.2968
1 7536 1487 1534 79.371
1 7576 1488 1534 79.4468
1 7625 1489 1534 79.5228
1 7670 1490 1533 79.5969
1 7712 1491 1533 79.6709
1 7763 1491 1532 79.7539
1 7808 1492 1532 79.8358
1 7841 1493 1532 79.9111
1 7859 1494 1532 79.9868
1 7869 1495 1532 80.0629
1 7877 1495 1533 80.138
1 7874 1496 1533 80.2129
1 7866 1497 1533 80.2889
1 7858 1498 1533 80.3639
1 7853 1499 1533 80.4389
1 7851 1500 1533 80.5139
1 7851 1500 1532 80.589
1 7849 1501 1532 80.6639
1 7845 1502 1532 80.7389
1 7838 1503 1532 80.8139
1 7829 1505 1532 80.8899
1 7814 1506 1531 80.9659
1 7798 1507 1531 81.041
1 7782 1508 1530 81.1159
1 7768 1509 1530 81.1909
1 7758 1510 1530 81.2669
1 7750 1510 1529 81.3419
1 7749 1511 1529 81.4169
1 7747 1512 1528 81.4929
1 7741 1513 1527 81.5679
1 7728 1514 1527 81.644
1 7709 1515 1526 81.7189
1 7702 1517 1525 81.7939
1 7713 1518 1523 81.8699
1 7742 1519 1522 81.9459
1 7781 1520 1520 82.0211
1 7819 1521 1518 82.095
1 7855 1522 1516 82.17
1 7873 1522 1515 82.245
1 7874 1523 1514 82.3219
1 7867 1524 1514 82.397
1 7853 1525 1513 82.472
1 7841 1526 1513 82.547
1 7828 1527 1513 82.6219
1 7816 1528 1513 82.697
1 7802 1529 1512 82.772
1 7791 1529 1512 82.8469
1 7781 1530 1512 82.922
1 7770 1531 1512 82.997
1 7759 1532 1512 83.0721
1 7746 1532 1512 83.147
1 7732 1533 1512 83.224
1 7714 1534 1512 83.301
1 7697 1535 1512 83.3771
1 7678 1535 1512 83.453
1 7663 1536 1512 83.529
1 7660 1537 1511 83.604
1 7672 1537 1510 83.6792
1 7699 1538 1509 83.754
1 7729 1538 1508 83.829
1 7757 1538 1506 83.905
1 7781 1539 1505 83.98
1 7806 1539 1504 84.0562
1 7827 1539 1503 84.131
1 7843 1539 1502 84.207
1 7855 1540 1502 84.2821
1 7867 1540 1501 84.36
1 7881 1540 1501 84.4349
1 7900 1540 1500 84.5103
1 7923 1540 1499 84.585
1 7944 1540 1498 84.6603
1 7964 1540 1497 84.7351
1 7983 1541 1496 84.81
1 7998 1541 1496 84.8852
1 8011 1541 1495 84.9601
1 8026 1541 1494 85.035
1 8038 1541 1494 85.11
1 8048 1541 1493 85.185
1 8057 1541 1492 85.261
1 8071 1542 1492 85.3371
1 8089 1541 1491 85.4121
1 8113 1541 1491 85.4892
1 8140 1541 1490 85.5642
1 8176 1540 1490 85.6401
1 8219 1540 1490 85.7151
1 8262 1539 1490 85.7902
1 8300 1538 1490 85.8652
1 8324 1537 1490 85.9411
1 8337 1536 1490 86.0241
1 8345 1536 1490 86.1001
1 8354 1535 1490 86.1761
1 8365 1534 1489 86.2521
1 8374 1533 1489 86.3271
1 8377 1532 1488 86.4031
1 8382 1531 1487 86.4781
1 8390 1531 1487 86.5551
1 8398 1531 1486 86.6301
1 8403 1531 1486 86.7051
1 8408 1531 1485 86.7792
1 8417 1531 1485 86.8551
1 8426 1531 1484 86.932
1 8435 1531 1483 87.0061
1 8442 1531 1483 87.0811
1 8450 1532 1482 87.1561
1 8455 1532 1482 87.2311
1 8459 1532 1481 87.3061
1 8465 1532 1481 87.3813
1 8470 1532 1480 87.4562
1 8479 1532 1480 87.5312
1 8495 1532 1480 87.6115
1 8519 1531 1479 87.6862
1 8547 1531 1479 87.7612
1 8572 1531 1478 87.8363
1 8598 1531 1478 87.9121
1 8627 1530 1477 87.9871
1 8656 1530 1476 88.0623
1 8681 1530 1475 88.1372
1 8701 1530 1474 88.2133
1 8711 1530 1474 88.2882
1 8710 1529 1473 88.3631
1 8705 1529 1472 88.4382
1 8706 1528 1471 88.5142
1 8707 1527 1470 88.5902
1 8710 1526 1469 88.6652
1 8705 1525 1468 88.7404
1 8698 1524 1467 88.8152
1 8691 1524 1467 88.8902
1 8679 1523 1465 88.9662
1 8675 1522 1464 89.0432
1 8685 1522 1463 89.1182
1 8700 1521 1462 89.1932
1 8712 1521 1461 89.2683
1 8711 1520 1460 89.3433
1 8701 1520 1459 89.4192
1 8689 1519 1458 89.4952
1 8682 1518 1458 89.5702
1 8681 1518 1457 89.6454
1 8685 1517 1457 89.7202
1 8685 1516 1457 89.7963
1 8677 1515 1456 89.8714
1 8668 1514 1455 89.9473
1 8656 1512 1455 90.0222
1 8646 1510 1454 90.0982
1 8641 1508 1454 90.1744
1 8638 1507 1453 90.2492
1 8637 1507 1453 90.3252
1 8639 1506 1453 90.4014
1 8632 1505 1453 90.4773
1 8620 1503 1452 90.5543
1 8605 1502 1452 90.6316
1 8585 1501 1451 90.7062
1 8558 1499 1450 90.7812
1 8529 1498 1450 90.8583
1 8506 1496 1449 90.9343
1 8476 1495 1449 91.0113
1 8447 1494 1448 91.0876
1 8424 1493 1447 91.1633
1 8391 1493 1447 91.2393
1 8343 1492 1446 91.3164
1 8311 1491 1445 91.3923
1 8292 1490 1445 91.4684
1 8285 1490 1445 91.5433
1 8286 1489 1445 91.6194
1 8297 1489 1445 91.6963
1 8315 1488 1445 91.7761
1 8323 1487 1445 91.8603
1 8331 1486 1445 91.9353
1 8336 1485 1445 92.0113
1 8342 1484 1445 92.0864
1 8344 1482 1445 92.1665
1 8343 1481 1445 92.2423
1 8346 1479 1445 92.3183
1 8353 1478 1445 92.3943
1 8365 1477 1446 92.4704
1 8381 1475 1446 92.5473
1 8398 1474 1446 92.6224
1 8407 1473 1446 92.6974
1 8408 1473 1446 92.7733
1 8402 1472 1446 92.8585
1 8394 1471 1446 92.9334
1 8388 1470 1446 93.0085
1 8389 1469 1446 93.0834
1 8393 1469 1446 93.1583
1 8401 1468 1446 93.2335
1 8409 1467 1446 93.3083
1 8419 1466 1447 93.3847
1 8427 1466 1447 93.4596
1 8434 1465 1447 93.5364
1 8444 1464 1447 93.6114
1 8459 1463 1448 93.6895
1 8473 1462 1448 93.7644
1 8484 1461 1449 93.8387
1 8491 1461 1449 93.9133
1 8495 1460 1449 93.9894
1 8497 1460 1450 94.0643
1 8500 1459 1451 94.1394
1 8502 1459 1451 94.2145
1 8511 1458 1452 94.2894
1 8537 1459 1453 94.3654
1 8557 1459 1453 94.4404
1 8568 1459 1454 94.5155
1 8575 1458 1455 94.5904
1 8579 1458 1455 94.6654
1 8595 1458 1456 94.7404
1 8613 1458 1457 94.8155
1 8624 1458 1458 94.8904
1 8630 1457 1459 94.9654
1 8632 1457 1459 95.0404
1 8632 1457 1460 95.1154
1 8636 1457 1461 95.1915
1 8639 1456 1461 95.2664
1 8641 1456 1462 95.3416
1 8645 1456 1462 95.4164
1 8649 1455 1462 95.4924
1 8652 1455 1462 95.5685
1 8655 1454 1463 95.6446
1 8658 1454 1463 95.7196
1 8659 1453 1463 95.7936
1 8658 1452 1463 95.8694
1 8660 1451 1463 95.9455
1 8663 1451 1464 96.0215
1 8663 1450 1464 96.0954
1 8662 1449 1464 96.1705
1 8659 1449 1465 96.2506
1 8654 1448 1465 96.3276
1 8644 1447 1466 96.4025
1 8627 1446 1466 96.4787
1 8604 1445 1466 96.5545
1 8579 1444 1466 96.6295
1 8559 1443 1466 96.7079
1 8543 1443 1466 96.7855
1 8527 1442 1467 96.8615
1 8514 1441 1468 96.9365
1 8513 1441 1469 97.0266
1 8518 1441 1470 97.1015
1 8528 1441 1471 97.1775
1 8549 1441 1472 97.2515
1 8583 1442 1473 97.3275
1 8612 1442 1474 97.4036
1 8632 1442 1475 97.4796
1 8652 1443 1475 97.5567
1 8669 1443 1476 97.6325
1 8694 1443 1478 97.7075
1 8734 1444 1479 97.7825
1 8760 1445 1480 97.8595
1 8775 1445 1481 97.9345
1 8785 1445 1482 98.0107
1 8789 1445 1483 98.0855
1 8790 1445 1484 98.1605
1 8798 1446 1485 98.2366
1 8813 1446 1487 98.3105
1 8824 1446 1487 98.3884
1 8832 1446 1488 98.4635
1 8839 1446 1489 98.539
1 8844 1447 1490 98.6145
1 8851 1447 1491 98.6916
1 8860 1447 1492 98.7665
1 8874 1447 1493 98.8415
1 8882 1448 1493 98.9196
1 8887 1448 1494 98.9936
1 8894 1448 1494 99.0696
1 8900 1448 1495 99.1445
1 8911 1449 1496 99.2197
1 8922 1449 1496 99.2948
1 8930 1449 1496 99.3705
1 8941 1449 1497 99.4467
1 8954 1450 1497 99.5236
1 8966 1450 1497 99.6006
1 8979 1451 1497 99.6776
1 8987 1452 1498 99.7536
1 8992 1452 1498 99.8287
1 8995 1453 1498 99.9044
1 8997 1454 1498 99.9816
1 8998 1454 1498 100.057
1 8999 1455 1498 100.138
1 8999 1455 1499 100.214
1 8999 1456 1499 100.289
1 8999 1456 1500 100.365
1 8999 1457 1501 100.441
1 8999 1457 1502 100.517
1 8999 1457 1503 100.592
1 8999 1457 1503 100.668
1 8999 1458 1503 100.744
1 8999 1458 1504 100.82
1 8999 1458 1504 100.895
1 8999 1458 1505 100.969
1 8999 1458 1506 101.044
1 8999 1459 1507 101.119
1 8999 1459 1508 101.193
1 8999 1460 1509 101.268
1 8999 1460 1510 101.344
1 8999 1461 1511 101.419
1 8999 1461 1511 101.495
1 8999 1461 1512 101.57
1 8999 1462 1513 101.645
1 8999 1462 1514 101.722
1 8999 1462 1515 101.8
1 8999 1462 1515 101.875
1 8999 1462 1515 101.95
1 8999 1462 1515 102.028
1 8999 1462 1515 102.107
1 8999 1462 1515 102.183
1 8999 1462 1515 102.259
1 8999 1462 1515 102.334
1 8999 1462 1515 102.409
1 8999 1462 1515 102.485
1 8999 1462 1515 102.56
1 8999 1462 1515 102.636
1 8999 1462 1515 102.711
1 8999 1462 1515 102.787
1 8999 1462 1515 102.862
1 8999 1462 1515 102.938
1 8999 1462 1515 103.013
1 8999 1462 1515 103.089
1 8999 1462 1515 103.164
1 8999 1462 1515 103.299
