0 0 1498 1498 39.9093
0 0 1498 1498 39.9843
0 0 1498 1498 40.0593
0 0 1498 1498 40.1343
0 0 1498 1498 40.2094
0 0 1498 1498 40.2854
0 0 1498 1498 40.3603
0 0 1498 1498 40.4355
0 0 1498 1498 40.5103
0 0 1498 1498 40.5863
0 0 1498 1498 40.6623
0 0 1498 1498 40.7384
0 0 1498 1498 40.8168
0 0 1497 1499 40.8913
0 0 1496 1499 40.9673
0 0 1496 1499 41.0423
0 0 1496 1499 41.1173
0 0 1496 1499 41.1923
0 0 1496 1499 41.2683
0 0 1496 1500 41.3434
0 27 1496 1500 41.4184
0 79 1496 1501 41.4933
0 133 1496 1502 41.5683
0 175 1495 1502 41.6444
0 201 1495 1502 41.7209
0 217 1495 1503 41.7983
0 227 1495 1503 41.8733
0 233 1495 1503 41.9483
0 236 1495 1503 42.0234
0 239 1495 1503 42.0983
0 243 1495 1503 42.1723
0 247 1495 1503 42.2474
0 251 1495 1502 42.3224
0 257 1495 1502 42.3976
0 268 1494 1502 42.4714
0 284 1494 1502 42.5464
0 311 1494 1503 42.6219
0 334 1493 1503 42.6974
0 349 1493 1503 42.7734
0 359 1492 1503 42.8504
0 372 1492 1503 42.9269
0 389 1493 1504 43.0024
0 405 1493 1504 43.0774
0 418 1493 1504 43.1524
0 433 1492 1505 43.2284
0 445 1492 1505 43.3044
0 459 1492 1505 43.3794
0 476 1491 1505 43.4544
0 497 1490 1505 43.5294
0 519 1490 1505 43.6044
0 541 1489 1505 43.6825
0 560 1489 1505 43.7576
0 580 1489 1505 43.8346
0 632 1488 1505 43.9096
0 705 1488 1504 43.9844
0 753 1487 1504 44.0804
0 788 1487 1504 44.1556
0 834 1487 1504 44.2294
0 882 1486 1504 44.3045
0 939 1486 1504 44.3815
0 983 1485 1504 44.4577
0 1015 1485 1504 44.5325
0 1063 1486 1504 44.6074
0 1113 1486 1504 44.6841
0 1149 1486 1504 44.7613
0 1174 1487 1503 44.8355
0 1190 1487 1503 44.9126
0 1199 1487 1503 44.9886
0 1205 1487 1503 45.0645
0 1209 1487 1503 45.1405
0 1211 1487 1503 45.2156
0 1212 1487 1503 45.2905
0 1213 1487 1503 45.3665
0 1224 1487 1503 45.4437
0 1257 1487 1502 45.5185
0 1287 1486 1502 45.5935
0 1304 1486 1501 45.6704
0 1317 1486 1501 45.7465
0 1328 1486 1501 45.8225
0 1339 1486 1500 45.8975
0 1350 1486 1500 45.9737
0 1361 1486 1500 46.0495
0 1368 1486 1500 46.1359
0 1376 1486 1500 46.2105
0 1390 1486 1499 46.2865
0 1424 1486 1499 46.3625
0 1464 1485 1499 46.4376
0 1496 1485 1499 46.5125
0 1531 1485 1499 46.5875
0 1569 1485 1499 46.6635
0 1602 1485 1499 46.7386
0 1631 1484 1499 46.8146
0 1658 1484 1498 46.8895
0 1695 1484 1498 46.9656
0 1739 1484 1498 47.0405
0 1785 1484 1497 47.1147
0 1822 1484 1497 47.1895
0 1846 1484 1497 47.2645
0 1863 1484 1497 47.3386
0 1874 1484 1496 47.4138
0 1881 1484 1496 47.4885
0 1885 1484 1496 47.5645
0 1888 1484 1496 47.6405
0 1891 1484 1496 47.7176
0 1895 1484 1496 47.7935
0 1899 1484 1496 47.8686
0 1913 1484 1496 47.9436
0 1927 1484 1496 48.0206
0 1940 1484 1496 48.0957
0 1959 1484 1496 48.1746
0 1991 1484 1496 48.2496
0 2040 1484 1496 48.3247
0 2090 1484 1495 48.4006
0 2121 1483 1495 48.4756
0 2141 1483 1495 48.5506
0 2161 1483 1495 48.6266
0 2187 1483 1495 48.7016
0 2219 1483 1495 48.7777
0 2244 1483 1495 48.8547
0 2260 1483 1495 48.9286
0 2270 1483 1495 49.0047
0 2285 1483 1495 49.0797
0 2315 1484 1495 49.1546
0 2338 1484 1495 49.2308
0 2358 1484 1495 49.3076
0 2389 1484 1495 49.3826
0 2427 1485 1495 49.4576
0 2463 1485 1495 49.5316
0 2493 1486 1495 49.6076
0 2520 1486 1495 49.6846
0 2551 1486 1496 49.7606
0 2580 1487 1496 49.8369
0 2605 1487 1496 49.9116
0 2625 1488 1496 49.9867
0 2639 1488 1496 50.0616
0 2651 1488 1496 50.1378
0 2660 1488 1496 50.2127
0 2681 1488 1495 50.2876
0 2717 1488 1494 50.3636
0 2749 1488 1494 50.4386
0 2769 1488 1493 50.5137
0 2784 1488 1493 50.5888
0 2800 1488 1493 50.6637
0 2813 1487 1493 50.7387
0 2822 1487 1493 50.8137
0 2829 1487 1493 50.8888
0 2839 1487 1493 50.9637
0 2848 1487 1493 51.0407
0 2855 1486 1493 51.1167
0 2860 1486 1492 51.1919
0 2862 1486 1492 51.2667
0 2864 1486 1492 51.3418
0 2865 1486 1492 51.4167
0 2865 1486 1492 51.4917
0 2866 1486 1492 51.5657
0 2866 1486 1492 51.6399
0 2870 1486 1492 51.7159
0 2881 1486 1492 51.7928
0 2890 1486 1492 51.8697
0 2896 1486 1491 51.9469
0 2899 1486 1491 52.0227
0 2902 1487 1491 52.0988
0 2903 1487 1491 52.1737
0 2904 1487 1491 52.2493
0 2904 1487 1491 52.3247
0 2905 1487 1491 52.3997
0 2906 1487 1491 52.4747
0 2906 1487 1491 52.5497
0 2907 1486 1491 52.625
0 2907 1486 1491 52.7006
0 2910 1486 1491 52.7759
0 2911 1486 1491 52.8487
0 2913 1486 1491 52.9247
0 2916 1486 1491 53.0007
0 2919 1486 1491 53.075
0 2921 1486 1491 53.1499
0 2925 1486 1491 53.2258
0 2932 1486 1491 53.3058
0 2943 1486 1491 53.3797
0 2950 1486 1491 53.4548
0 2954 1486 1491 53.5288
0 2958 1485 1491 53.6029
0 2961 1485 1491 53.6766
0 2965 1485 1491 53.7488
0 2968 1485 1491 53.8239
0 2971 1485 1490 53.8988
0 2982 1485 1490 53.9738
0 3006 1485 1490 54.0489
0 3045 1484 1489 54.1238
0 3079 1484 1489 54.1988
0 3104 1483 1488 54.2738
0 3131 1483 1488 54.3488
0 3158 1482 1488 54.4238
0 3179 1482 1488 54.4998
0 3201 1481 1487 54.5749
0 3220 1481 1487 54.6508
0 3238 1481 1487 54.7258
0 3251 1481 1486 54.8008
0 3267 1481 1486 54.8758
0 3294 1481 1486 54.9489
0 3326 1481 1486 55.0268
0 3347 1481 1486 55.1028
0 3365 1481 1486 55.1799
0 3377 1480 1486 55.2559
0 3385 1480 1486 55.3408
0 3393 1480 1486 55.4168
0 3403 1480 1485 55.4918
0 3412 1480 1485 55.5669
0 3420 1480 1485 55.6408
0 3427 1480 1485 55.7149
0 3431 1481 1484 55.7908
0 3433 1481 1484 55.8649
0 3435 1481 1484 55.9399
0 3436 1481 1484 56.0139
0 3436 1481 1484 56.0889
0 3438 1481 1484 56.1629
0 3439 1480 1484 56.2381
0 3439 1480 1484 56.3128
0 3440 1480 1484 56.3879
0 3440 1480 1484 56.4629
0 3440 1480 1484 56.538
0 3441 1480 1484 56.6169
0 3441 1480 1484 56.6929
0 3441 1480 1484 56.7679
0 3441 1480 1484 56.8429
0 3441 1480 1484 56.9179
0 3441 1480 1484 56.9929
0 3441 1480 1484 57.068
0 3442 1480 1484 57.1429
0 3443 1480 1484 57.2199
0 3444 1480 1484 57.2949
0 3445 1480 1484 57.3741
0 3446 1480 1484 57.4509
0 3448 1480 1484 57.5259
0 3450 1480 1484 57.6011
0 3453 1480 1484 57.6769
0 3463 1480 1483 57.7541
0 3468 1481 1483 57.83
0 3473 1480 1483 57.906
0 3478 1480 1483 57.9809
0 3488 1480 1483 58.0549
0 3501 1480 1483 58.1309
0 3509 1480 1483 58.2051
0 3514 1480 1483 58.2821
0 3519 1480 1483 58.3581
0 3523 1480 1482 58.4319
0 3529 1479 1482 58.5071
0 3533 1479 1482 58.5812
0 3535 1479 1482 58.6549
0 3537 1479 1482 58.7299
0 3538 1479 1482 58.806
0 3539 1479 1482 58.8809
0 3540 1479 1482 58.956
0 3540 1479 1482 59.0309
0 3541 1479 1482 59.106
0 3542 1479 1482 59.182
0 3545 1479 1482 59.2585
0 3551 1479 1483 59.334
0 3569 1479 1483 59.4146
0 3592 1479 1483 59.489
0 3609 1479 1483 59.5641
0 3622 1479 1483 59.6392
0 3631 1479 1483 59.714
0 3644 1480 1483 59.789
0 3662 1480 1483 59.865
0 3681 1480 1484 59.94
0 3698 1480 1484 60.015
0 3709 1481 1484 60.092
0 3717 1481 1483 60.168
0 3723 1481 1483 60.2421
0 3728 1481 1483 60.3162
0 3731 1481 1483 60.3911
0 3733 1481 1483 60.4662
0 3735 1481 1483 60.5411
0 3735 1481 1483 60.615
0 3736 1481 1483 60.69
0 3737 1481 1483 60.7661
0 3754 1481 1483 60.8421
0 3766 1481 1484 60.9184
0 3774 1481 1484 60.9962
0 3778 1481 1484 61.071
0 3781 1481 1484 61.1461
0 3782 1481 1484 61.221
0 3785 1481 1484 61.297
0 3787 1481 1484 61.372
0 3788 1481 1484 61.4502
0 3789 1481 1484 61.5301
0 3790 1481 1484 61.6052
0 3791 1481 1484 61.6801
0 3791 1481 1484 61.7551
0 3791 1481 1484 61.8411
0 3791 1481 1484 61.9161
0 3791 1481 1484 61.9911
0 3794 1481 1484 62.0661
0 3808 1480 1484 62.1412
0 3828 1480 1484 62.2181
0 3846 1479 1483 62.2931
0 3857 1479 1483 62.3701
0 3866 1479 1483 62.4463
0 3880 1479 1483 62.5232
0 3890 1479 1484 62.5991
0 3906 1479 1484 62.6731
0 3945 1479 1484 62.7482
0 3994 1480 1484 62.8231
0 4032 1480 1484 62.9091
0 4056 1480 1484 62.9831
0 4073 1480 1484 63.0583
0 4086 1480 1484 63.1331
0 4095 1480 1484 63.2081
0 4100 1480 1484 63.2831
0 4106 1480 1484 63.3571
0 4116 1479 1484 63.4311
0 4130 1479 1484 63.5083
0 4139 1479 1484 63.5832
0 4145 1478 1484 63.6571
0 4149 1478 1484 63.7331
0 4153 1478 1484 63.8081
0 4156 1478 1484 63.8841
0 4157 1478 1484 63.9611
0 4159 1478 1484 64.0361
0 4165 1478 1484 64.1111
0 4173 1478 1484 64.1871
0 4182 1478 1484 64.2632
0 4190 1478 1484 64.3392
0 4198 1479 1484 64.4143
0 4209 1479 1484 64.4902
0 4219 1479 1484 64.5664
0 4233 1479 1485 64.6414
0 4247 1479 1485 64.7156
0 4258 1480 1485 64.7902
0 4267 1480 1485 64.8642
0 4277 1480 1485 64.9392
0 4282 1480 1485 65.0142
0 4288 1480 1485 65.0882
0 4292 1480 1485 65.1632
0 4295 1480 1485 65.2383
0 4297 1480 1485 65.3134
0 4298 1480 1485 65.3892
0 4298 1480 1485 65.4653
0 4299 1480 1485 65.5415
0 4299 1480 1485 65.6162
0 4299 1480 1485 65.6912
0 4299 1480 1485 65.7662
0 4300 1480 1485 65.8412
0 4300 1480 1485 65.9162
0 4301 1480 1485 65.9931
0 4304 1481 1485 66.0684
0 4307 1481 1485 66.1434
0 4308 1481 1485 66.2183
0 4309 1481 1484 66.2945
0 4310 1481 1484 66.3692
0 4310 1481 1484 66.4453
0 4310 1481 1484 66.5212
0 4311 1481 1484 66.5992
0 4311 1481 1484 66.6753
0 4311 1481 1484 66.7512
0 4312 1481 1484 66.8272
0 4312 1481 1484 66.9022
0 4313 1481 1484 66.9783
0 4313 1481 1484 67.0524
0 4313 1481 1484 67.1265
1 4048 1489 1484 75.0616
1 4047 1489 1484 75.1355
1 4047 1489 1484 75.2107
1 4047 1489 1484 75.2876
1 4047 1489 1484 75.3627
1 4047 1489 1484 75.4546
1 4048 1489 1484 75.5306
1 4048 1489 1484 75.6056
1 4050 1488 1485 75.6805
1 4056 1488 1485 75.7557
1 4067 1487 1485 75.8326
1 4080 1487 1486 75.9076
1 4094 1486 1486 75.9836
1 4110 1485 1486 76.0596
1 4123 1485 1486 76.137
1 4133 1484 1487 76.2166
1 4141 1484 1487 76.2926
1 4150 1483 1487 76.3676
1 4158 1483 1487 76.4426
1 4167 1482 1487 76.5177
1 4180 1482 1488 76.5916
1 4194 1481 1488 76.6676
1 4208 1480 1488 76.7416
1 4221 1479 1488 76.8196
1 4236 1479 1489 76.8947
1 4251 1478 1489 76.9697
1 4262 1477 1489 77.0447
1 4269 1477 1489 77.1206
1 4275 1476 1489 77.1956
1 4280 1476 1489 77.2709
1 4283 1476 1489 77.3478
1 4287 1476 1489 77.4232
1 4295 1475 1490 77.5008
1 4308 1475 1490 77.5756
1 4322 1474 1490 77.6516
1 4333 1473 1490 77.7276
1 4345 1473 1490 77.8037
1 4357 1472 1490 77.8789
1 4369 1471 1491 77.9547
1 4383 1470 1491 78.0296
1 4394 1470 1491 78.1068
1 4405 1469 1491 78.1816
1 4416 1468 1491 78.2579
1 4424 1467 1492 78.3327
1 4433 1467 1492 78.4086
1 4446 1465 1492 78.4838
1 4457 1464 1492 78.5612
1 4464 1463 1492 78.6357
1 4473 1462 1493 78.7107
1 4479 1461 1493 78.7857
1 4480 1459 1493 78.8617
1 4479 1458 1493 78.9369
1 4483 1457 1493 79.0107
1 4489 1455 1494 79.0857
1 4497 1454 1494 79.1608
1 4503 1453 1494 79.2357
1 4508 1452 1494 79.3097
1 4512 1451 1495 79.3847
1 4505 1450 1495 79.4607
1 4495 1450 1495 79.5357
1 4489 1449 1495 79.6097
1 4487 1448 1495 79.6849
1 4488 1447 1495 79.7597
1 4489 1447 1495 79.8347
1 4491 1446 1495 79.9097
1 4493 1445 1495 79.9847
1 4495 1444 1496 80.0597
1 4492 1443 1496 80.1347
1 4483 1442 1496 80.2097
1 4484 1442 1495 80.2849
1 4494 1441 1495 80.3607
1 4515 1441 1494 80.4367
1 4556 1442 1493 80.5127
1 4596 1442 1491 80.5897
1 4622 1441 1490 80.6672
1 4639 1441 1490 80.7417
1 4660 1441 1489 80.8167
1 4695 1441 1488 80.8917
1 4716 1440 1488 80.9657
1 4731 1440 1487 81.0418
1 4745 1440 1487 81.1157
1 4754 1440 1487 81.1898
1 4759 1439 1487 81.2658
1 4763 1439 1487 81.3418
1 4765 1439 1487 81.4178
1 4766 1438 1487 81.4948
1 4767 1438 1487 81.5708
1 4774 1438 1487 81.6458
1 4789 1438 1488 81.7218
1 4799 1438 1488 81.7958
1 4806 1438 1488 81.8708
1 4812 1438 1488 81.9459
1 4827 1438 1489 82.021
1 4841 1438 1489 82.096
1 4849 1438 1489 82.1708
1 4854 1438 1489 82.246
1 4858 1438 1489 82.321
1 4869 1438 1489 82.396
1 4876 1439 1489 82.471
1 4881 1439 1489 82.5458
1 4883 1439 1489 82.622
1 4892 1439 1489 82.6998
1 4902 1440 1489 82.7808
1 4910 1441 1489 82.8558
1 4924 1441 1489 82.9308
1 4934 1442 1489 83.0069
1 4939 1443 1489 83.0828
1 4942 1443 1489 83.1598
1 4942 1444 1489 83.2348
1 4941 1445 1489 83.3108
1 4940 1445 1489 83.3851
1 4940 1445 1489 83.461
1 4939 1446 1489 83.537
1 4941 1446 1489 83.6159
1 4942 1446 1489 83.691
1 4946 1446 1489 83.766
1 4955 1446 1489 83.8408
1 4963 1447 1489 83.9159
1 4968 1447 1489 83.9898
1 4972 1447 1489 84.0639
1 4983 1447 1489 84.1399
1 4993 1447 1489 84.215
1 5006 1447 1489 84.2889
1 5019 1447 1490 84.366
1 5037 1448 1490 84.441
1 5068 1448 1490 84.5181
1 5106 1448 1491 84.5933
1 5134 1449 1491 84.6679
1 5151 1449 1492 84.7429
1 5162 1449 1492 84.8191
1 5168 1449 1492 84.8953
1 5169 1449 1492 84.9699
1 5165 1448 1493 85.0449
1 5160 1448 1493 85.1209
1 5159 1448 1493 85.1969
1 5177 1448 1493 85.2729
1 5198 1448 1494 85.3489
1 5212 1448 1494 85.4261
1 5228 1448 1495 85.5029
1 5251 1448 1495 85.5799
1 5270 1448 1496 85.656
1 5280 1448 1496 85.7309
1 5287 1448 1496 85.8059
1 5295 1448 1496 85.8944
1 5308 1448 1496 85.9699
1 5324 1448 1497 86.0449
1 5354 1448 1497 86.1197
1 5392 1448 1498 86.1955
1 5421 1447 1499 86.2681
1 5440 1447 1499 86.3429
1 5448 1446 1499 86.4183
1 5447 1445 1500 86.494
1 5439 1445 1501 86.5705
1 5430 1445 1501 86.6468
1 5428 1445 1502 86.7189
1 5421 1444 1503 86.7941
1 5410 1444 1503 86.8689
1 5398 1444 1504 86.9448
1 5390 1444 1504 87.0193
1 5382 1443 1504 87.0952
1 5373 1443 1505 87.1682
1 5370 1443 1505 87.243
1 5364 1443 1506 87.319
1 5352 1443 1506 87.395
1 5343 1443 1507 87.4716
1 5337 1443 1507 87.547
1 5338 1443 1507 87.623
1 5338 1443 1508 87.699
1 5329 1443 1508 87.776
1 5309 1443 1509 87.854
1 5296 1443 1509 87.929
1 5288 1443 1510 88.0076
1 5283 1443 1510 88.0792
1 5285 1443 1510 88.1542
1 5288 1443 1510 88.228
1 5286 1443 1511 88.3031
1 5272 1443 1511 88.3788
1 5251 1443 1512 88.4536
1 5232 1443 1513 88.525
1 5222 1443 1513 88.6
1 5219 1444 1514 88.675
1 5220 1444 1515 88.751
1 5214 1444 1515 88.8272
1 5220 1444 1516 88.901
1 5246 1445 1517 88.9761
1 5292 1445 1518 89.0523
1 5332 1446 1518 89.1271
1 5357 1447 1519 89.2022
1 5374 1447 1519 89.2772
1 5398 1447 1520 89.3521
1 5437 1448 1520 89.427
1 5481 1449 1521 89.503
1 5509 1449 1522 89.5791
1 5527 1450 1522 89.6551
1 5546 1450 1522 89.7301
1 5563 1450 1523 89.805
1 5582 1451 1523 89.8801
1 5619 1451 1522 89.9551
1 5666 1451 1521 90.0331
1 5702 1452 1520 90.1131
1 5723 1452 1520 90.1881
1 5750 1452 1519 90.2631
1 5785 1452 1519 90.3371
1 5812 1452 1519 90.4122
1 5843 1453 1519 90.4871
1 5889 1453 1518 90.5632
1 5932 1454 1518 90.6374
1 5959 1454 1518 90.7131
1 5981 1454 1518 90.7893
1 6007 1455 1518 90.8643
1 6037 1455 1518 90.9391
1 6069 1456 1519 91.0141
1 6103 1457 1520 91.0912
1 6128 1457 1520 91.1691
1 6148 1457 1520 91.2431
1 6173 1458 1521 91.3181
1 6197 1459 1521 91.3931
1 6215 1459 1522 91.4681
1 6236 1459 1522 91.5451
1 6251 1460 1523 91.6201
1 6260 1460 1523 91.6961
1 6265 1460 1523 91.7711
1 6271 1460 1523 91.8461
1 6278 1460 1523 91.9201
1 6287 1460 1523 91.9963
1 6300 1461 1524 92.0711
1 6314 1461 1524 92.1503
1 6326 1461 1524 92.2261
1 6336 1462 1524 92.3011
1 6348 1462 1525 92.3771
1 6360 1462 1525 92.4532
1 6370 1462 1525 92.5292
1 6385 1463 1525 92.6044
1 6398 1463 1526 92.6791
1 6410 1463 1526 92.7562
1 6428 1464 1526 92.8315
1 6450 1464 1527 92.9053
1 6467 1465 1527 92.9802
1 6477 1465 1527 93.0542
1 6486 1465 1528 93.1312
1 6494 1465 1528 93.2063
1 6502 1465 1528 93.2812
1 6523 1466 1529 93.3552
1 6555 1467 1529 93.4312
1 6576 1467 1530 93.5052
1 6591 1468 1530 93.5822
1 6604 1468 1531 93.6592
1 6616 1468 1531 93.7353
1 6628 1469 1531 93.8102
1 6638 1469 1532 93.8855
1 6649 1469 1532 93.9622
1 6665 1470 1532 94.0384
1 6677 1471 1533 94.1132
1 6687 1471 1533 94.1964
1 6693 1472 1533 94.2712
1 6698 1472 1533 94.3472
1 6718 1473 1533 94.4232
1 6760 1473 1532 94.4983
1 6799 1473 1531 94.5732
1 6823 1473 1531 94.6492
1 6844 1474 1530 94.7244
1 6878 1474 1530 94.7993
1 6908 1474 1530 94.8773
1 6930 1475 1529 94.9523
1 6955 1475 1529 95.0272
1 6989 1475 1528 95.1026
1 7018 1476 1528 95.1777
1 7042 1476 1528 95.2523
1 7079 1477 1527 95.3283
1 7120 1477 1526 95.4026
1 7146 1477 1526 95.4763
1 7168 1478 1525 95.5513
1 7190 1478 1526 95.6273
1 7217 1479 1526 95.7023
1 7240 1480 1526 95.7773
1 7253 1480 1527 95.8513
1 7263 1480 1527 95.9274
1 7273 1481 1527 96.0053
1 7278 1481 1527 96.0803
1 7285 1482 1528 96.1575
1 7303 1483 1528 96.2424
1 7323 1484 1529 96.3174
1 7339 1485 1530 96.3933
1 7348 1485 1530 96.4683
1 7353 1486 1530 96.5434
1 7362 1486 1530 96.6193
1 7373 1487 1531 96.6943
1 7376 1488 1531 96.7693
1 7374 1489 1531 96.8453
1 7368 1490 1532 96.9233
1 7363 1491 1532 96.9983
1 7364 1492 1531 97.0733
1 7376 1492 1531 97.1473
1 7395 1493 1530 97.2244
1 7407 1493 1530 97.2984
1 7416 1494 1529 97.3733
1 7421 1495 1529 97.4473
1 7425 1495 1528 97.5224
1 7430 1496 1528 97.5964
1 7444 1496 1527 97.6713
1 7464 1497 1527 97.7463
1 7486 1497 1526 97.8214
1 7511 1498 1525 97.8964
1 7532 1498 1524 97.9713
1 7554 1499 1524 98.0464
1 7590 1500 1525 98.1214
1 7620 1501 1526 98.1965
1 7640 1502 1527 98.2854
1 7655 1503 1527 98.3604
1 7671 1503 1527 98.4354
1 7693 1504 1527 98.5104
1 7705 1504 1526 98.5854
1 7719 1504 1526 98.6604
1 7734 1504 1526 98.7344
1 7750 1505 1525 98.8106
1 7764 1505 1525 98.8886
1 7787 1505 1524 98.9634
1 7812 1506 1523 99.0385
1 7827 1506 1523 99.1146
1 7837 1506 1523 99.1904
1 7844 1506 1522 99.2654
1 7851 1507 1522 99.3414
1 7864 1507 1521 99.4154
1 7875 1507 1521 99.492
1 7889 1508 1520 99.5664
1 7901 1509 1519 99.6427
1 7905 1509 1519 99.7178
1 7908 1510 1518 99.7917
1 7918 1511 1517 99.8666
1 7941 1511 1516 99.9414
1 7963 1512 1516 100.016
1 7989 1512 1515 100.091
1 8016 1513 1515 100.168
1 8052 1514 1516 100.242
1 8087 1516 1517 100.327
1 8112 1517 1518 100.401
1 8129 1518 1519 100.476
1 8141 1518 1519 100.554
1 8155 1519 1520 100.63
1 8180 1519 1520 100.705
1 8200 1520 1520 100.78
1 8214 1521 1520 100.856
1 8227 1521 1521 100.931
1 8238 1522 1521 101.008
1 8247 1523 1522 101.085
1 8266 1523 1522 101.161
1 8304 1524 1521 101.236
1 8343 1524 1520 101.313
1 8376 1525 1519 101.388
1 8401 1525 1518 101.463
1 8420 1525 1517 101.54
1 8450 1525 1516 101.621
1 8481 1525 1515 101.696
1 8502 1526 1515 101.772
1 8537 1526 1514 101.846
1 8588 1526 1513 101.923
1 8628 1526 1511 101.999
1 8653 1526 1511 102.074
1 8679 1526 1510 102.148
1 8716 1526 1509 102.224
1 8747 1525 1509 102.299
1 8769 1525 1508 102.379
1 8793 1525 1508 102.455
1 8826 1525 1507 102.53
1 8861 1524 1507 102.605
1 8892 1524 1507 102.68
1 8914 1523 1506 102.755
1 8928 1523 1506 102.829
1 8936 1523 1506 102.903
1 8942 1523 1506 102.978
1 8950 1523 1506 103.053
1 8964 1523 1505 103.126
1 8973 1523 1505 103.202
1 8979 1523 1505 103.278
1 8985 1523 1505 103.353
1 8989 1523 1505 103.428
1 8993 1524 1505 103.503
1 8995 1524 1504 103.579
1 8997 1524 1504 103.654
1 8998 1524 1503 103.729
1 8999 1524 1503 103.805
1 8999 1524 1502 103.88
1 8999 1524 1501 103.955
1 8999 1525 1501 104.028
1 8999 1525 1500 104.102
1 8999 1525 1500 104.179
1 8999 1526 1500 104.255
1 8999 1527 1502 104.331
1 8999 1528 1502 104.409
1 8999 1529 1502 104.484
1 8999 1529 1501 104.559
1 8999 1530 1500 104.633
1 8999 1530 1498 104.71
1 8999 1530 1497 104.785
1 8999 1531 1496 104.862
1 8999 1531 1494 104.936
1 8999 1532 1493 105.012
1 8999 1532 1492 105.087
1 8999 1532 1491 105.162
1 8999 1532 1490 105.239
1 8999 1532 1490 105.315
1 8999 1531 1489 105.391
1 8999 1531 1489 105.466
1 8999 1531 1489 105.541
1 8999 1531 1488 105.616
1 8999 1531 1488 105.691
1 8999 1531 1488 105.767
1 8999 1530 1487 105.842
1 8999 1530 1487 105.917
1 8999 1530 1487 105.993
1 8999 1530 1486 106.069
1 8999 1529 1486 106.145
1 8999 1529 1486 106.221
1 8999 1529 1485 106.297
1 8999 1528 1485 106.374
1 8999 1528 1485 106.454
1 8999 1527 1484 106.528
1 8999 1527 1484 106.602
1 8999 1527 1484 106.675
1 8999 1527 1483 106.747
1 8999 1527 1483 106.822
1 8999 1527 1483 106.897
1 8999 1527 1482 106.972
1 8999 1527 1482 107.047
1 8999 1527 1482 107.122
1 8999 1527 1481 107.197
1 8999 1527 1481 107.272
1 8999 1527 1480 107.347
1 8999 1527 1480 107.422
1 8999 1526 1479 107.497
1 8999 1526 1479 107.572
1 8999 1526 1478 107.647
1 8999 1525 1477 107.722
1 8999 1525 1477 107.798
1 8999 1524 1475 107.887
1 8999 1524 1474 107.962
1 8999 1523 1474 108.037
1 8999 1523 1473 108.112
1 8999 1523 1473 108.187
1 8999 1523 1473 108.263
1 8999 1522 1472 108.339
1 8999 1522 1471 108.414
1 8999 1522 1471 108.491
1 8999 1522 1470 108.567
1 8999 1521 1470 108.642
1 8999 1521 1469 108.718
1 8999 1521 1468 108.794
1 8999 1520 1467 108.87
1 8999 1520 1467 108.947
1 8999 1520 1466 109.021
1 8999 1519 1465 109.096
1 8999 1519 1464 109.172
1 8999 1519 1463 109.249
1 8999 1518 1463 109.326
1 8999 1518 1462 109.401
1 8999 1518 1461 109.477
1 8999 1517 1461 109.552
1 8999 1517 1461 109.627
1 8999 1517 1460 109.702
1 8999 1517 1460 109.777
1 8999 1516 1459 109.852
1 8999 1516 1459 109.927
1 8999 1516 1459 110.002
1 8999 1516 1458 110.077
1 8999 1516 1458 110.152
1 8999 1515 1458 110.227
1 8999 1515 1457 110.303
1 8999 1515 1457 110.379
1 8999 1514 1457 110.455
1 8994 1514 1456 110.535
1 8988 1514 1456 110.611
1 8988 1513 1456 110.686
1 8987 1513 1456 110.762
1 8987 1512 1455 110.838
1 8987 1511 1455 110.914
1 8989 1510 1455 110.992
1 8993 1509 1455 111.067
1 8996 1509 1455 111.143
1 8997 1508 1455 111.218
1 8998 1507 1455 111.293
1 8999 1507 1455 111.369
1 8999 1507 1455 111.445
1 8999 1506 1455 111.52
1 8999 1506 1455 111.595
1 8999 1505 1455 111.67
1 8999 1504 1455 111.746
1 8999 1503 1455 111.821
1 8999 1502 1455 111.895
1 8999 1501 1455 111.971
1 8999 1501 1455 112.047
1 8999 1500 1455 112.121
1 8999 1500 1455 112.196
1 8999 1499 1454 112.271
1 8999 1498 1454 112.346
1 8999 1497 1454 112.423
1 8999 1496 1453 112.498
1 8994 1495 1453 112.582
1 8983 1494 1453 112.656
1 8974 1493 1452 112.731
1 8967 1493 1452 112.806
1 8961 1492 1452 112.883
1 8960 1492 1452 112.959
1 8956 1492 1452 113.035
1 8951 1491 1452 113.122
1 8941 1490 1451 113.197
1 8930 1490 1451 113.273
1 8917 1489 1451 113.348
1 8907 1488 1451 113.423
1 8894 1488 1450 113.498
1 8874 1487 1450 113.573
1 8855 1486 1450 113.648
1 8831 1485 1449 113.724
1 8804 1485 1449 113.798
1 8773 1484 1448 113.872
1 8747 1483 1448 113.948
1 8718 1482 1447 114.023
1 8685 1481 1447 114.1
1 8652 1480 1446 114.184
1 8618 1479 1446 114.258
1 8592 1479 1445 114.333
1 8575 1478 1445 114.408
1 8571 1477 1445 114.483
1 8578 1476 1445 114.558
1 8586 1475 1445 114.635
1 8592 1474 1445 114.71
1 8598 1474 1445 114.785
1 8605 1473 1445 114.86
1 8609 1472 1445 114.935
1 8614 1472 1445 115.01
1 8621 1471 1446 115.085
1 8627 1471 1446 115.161
1 8630 1471 1446 115.237
1 8632 1470 1446 115.312
1 8637 1470 1446 115.388
1 8641 1470 1446 115.463
1 8646 1469 1446 115.538
1 8652 1469 1446 115.614
1 8649 1469 1446 115.69
1 8641 1468 1446 115.765
1 8630 1467 1446 115.841
1 8623 1466 1446 115.917
1 8617 1465 1446 115.993
1 8609 1465 1446 116.068
1 8604 1464 1447 116.143
1 8598 1464 1447 116.219
1 8595 1463 1447 116.294
1 8595 1463 1447 116.369
1 8600 1462 1448 116.444
1 8604 1461 1448 116.518
1 8603 1461 1449 116.593
1 8601 1460 1449 116.679
1 8601 1459 1449 116.754
1 8601 1459 1450 116.829
1 8601 1459 1450 116.904
1 8603 1458 1451 116.98
1 8606 1457 1451 117.055
1 8611 1457 1452 117.13
1 8614 1456 1452 117.205
1 8616 1455 1453 117.282
1 8618 1455 1453 117.357
1 8618 1454 1454 117.432
1 8617 1454 1454 117.507
1 8614 1453 1455 117.582
1 8612 1452 1456 117.66
1 8611 1452 1457 117.737
1 8611 1452 1457 117.812
1 8611 1451 1457 117.888
1 8611 1451 1457 117.965
1 8611 1450 1458 118.041
1 8609 1450 1458 118.117
1 8603 1449 1458 118.192
1 8595 1449 1458 118.266
1 8583 1449 1458 118.341
1 8564 1448 1458 118.416
1 8545 1447 1458 118.491
1 8532 1447 1458 118.566
1 8519 1446 1458 118.641
1 8509 1445 1458 118.722
1 8501 1445 1459 118.797
1 8493 1444 1459 118.871
1 8485 1444 1460 118.946
1 8484 1443 1461 119.021
1 8482 1443 1462 119.096
1 8485 1443 1462 119.171
1 8489 1443 1463 119.246
1 8494 1442 1464 119.323
1 8498 1442 1465 119.407
1 8511 1442 1466 119.482
1 8539 1443 1468 119.556
1 8557 1443 1469 119.631
1 8568 1443 1470 119.708
1 8572 1443 1471 119.782
1 8572 1443 1472 119.858
1 8570 1442 1472 119.936
1 8566 1442 1473 120.011
1 8562 1442 1473 120.086
1 8559 1441 1474 120.162
1 8553 1441 1474 120.238
1 8550 1441 1474 120.314
1 8546 1440 1475 120.39
1 8539 1440 1475 120.466
1 8532 1439 1476 120.542
1 8523 1439 1476 120.617
1 8515 1439 1477 120.692
1 8503 1438 1477 120.767
1 8488 1438 1478 120.842
1 8483 1438 1479 120.918
1 8483 1438 1480 120.992
1 8491 1438 1481 121.068
1 8509 1439 1482 121.144
1 8544 1439 1483 121.22
1 8575 1440 1484 121.295
1 8596 1440 1485 121.371
1 8624 1441 1485 121.449
1 8654 1441 1486 121.525
1 8686 1442 1486 121.6
1 8716 1442 1487 121.675
1 8746 1443 1487 121.75
1 8774 1444 1488 121.825
1 8805 1445 1488 121.903
1 8830 1446 1488 121.979
1 8850 1446 1489 122.062
1 8869 1447 1489 122.14
1 8876 1447 1489 122.215
1 8875 1447 1490 122.29
1 8896 1448 1492 122.366
1 8910 1448 1494 122.442
1 8918 1449 1495 122.519
1 8928 1449 1496 122.594
1 8938 1449 1496 122.669
1 8945 1449 1496 122.743
1 8948 1450 1497 122.818
1 8946 1450 1497 122.895
1 8943 1450 1498 122.97
1 8940 1450 1498 123.045
1 8941 1450 1498 123.12
1 8946 1450 1499 123.195
1 8947 1450 1500 123.27
1 8949 1450 1500 123.345
1 8943 1450 1501 123.42
1 8940 1450 1501 123.495
1 8937 1450 1502 123.57
1 8935 1450 1502 123.645
1 8933 1450 1502 123.72
1 8932 1450 1502 123.795
1 8931 1450 1502 123.87
1 8931 1450 1502 123.945
1 8930 1450 1502 124.021
1 8930 1450 1502 124.096
1 8930 1450 1502 124.172
1 8930 1450 1502 124.247
1 8930 1450 1502 124.323
1 8930 1450 1502 124.398
1 8930 1450 1502 124.587
