0 0 1500 1499 35.2483
0 0 1500 1499 35.3241
0 0 1500 1499 35.3995
0 0 1499 1499 35.4756
0 0 1499 1499 35.5483
0 0 1499 1499 35.6242
0 0 1499 1499 35.7005
0 0 1499 1499 35.7763
0 0 1499 1499 35.8523
0 0 1499 1499 35.9283
0 0 1499 1499 36.0054
0 0 1498 1499 36.0804
0 0 1498 1499 36.1562
0 0 1497 1499 36.2373
0 0 1497 1499 36.3114
0 0 1496 1500 36.3845
0 0 1496 1500 36.4592
0 1 1496 1500 36.5348
0 1 1496 1500 36.6063
0 2 1496 1500 36.6802
0 3 1496 1500 36.7552
0 7 1496 1500 36.8313
0 21 1496 1500 36.9063
0 57 1497 1500 36.9815
0 106 1497 1500 37.0573
0 148 1497 1500 37.1323
0 179 1497 1500 37.2074
0 203 1497 1500 37.2823
0 229 1496 1500 37.3573
0 262 1496 1500 37.4326
0 309 1496 1499 37.5071
0 348 1496 1499 37.5818
0 387 1495 1499 37.6566
0 425 1495 1499 37.7294
0 454 1494 1499 37.8053
0 474 1494 1499 37.8804
0 486 1493 1499 37.9563
0 494 1493 1499 38.0325
0 501 1493 1499 38.1104
0 509 1493 1499 38.1853
0 518 1493 1499 38.2614
0 529 1493 1498 38.338
0 562 1493 1498 38.4123
0 657 1493 1498 38.4883
0 782 1494 1497 38.5655
0 889 1494 1497 38.6403
0 955 1494 1497 38.7163
0 994 1494 1497 38.7914
0 1018 1494 1497 38.8674
0 1032 1494 1497 38.9425
0 1041 1494 1497 39.0174
0 1046 1494 1497 39.0923
0 1049 1494 1497 39.1682
0 1051 1494 1497 39.2437
0 1052 1494 1497 39.3174
0 1053 1494 1497 39.3904
0 1053 1494 1497 39.4654
0 1053 1494 1497 39.5404
0 1053 1494 1497 39.6153
0 1054 1494 1497 39.6914
0 1057 1494 1497 39.7674
0 1065 1494 1497 39.8435
0 1073 1494 1497 39.9184
0 1080 1494 1497 39.9934
0 1088 1494 1497 40.0695
0 1102 1493 1497 40.1452
0 1128 1493 1497 40.2196
0 1153 1493 1497 40.3146
0 1171 1493 1497 40.3899
0 1183 1493 1497 40.4648
0 1192 1493 1497 40.5409
0 1210 1493 1498 40.6157
0 1249 1493 1498 40.6884
0 1302 1493 1498 40.7634
0 1354 1494 1499 40.8406
0 1396 1494 1499 40.9166
0 1427 1494 1499 40.9924
0 1452 1494 1499 41.0686
0 1473 1494 1499 41.1435
0 1492 1494 1499 41.2184
0 1508 1493 1498 41.2931
0 1520 1493 1498 41.3724
0 1531 1493 1498 41.4478
0 1544 1493 1498 41.5228
0 1558 1492 1498 41.5968
0 1576 1492 1498 41.6696
0 1600 1492 1498 41.7455
0 1630 1492 1497 41.8204
0 1666 1492 1496 41.8955
0 1713 1492 1496 41.9704
0 1751 1492 1495 42.0465
0 1780 1492 1495 42.1236
0 1800 1491 1495 42.1984
0 1812 1491 1495 42.2739
0 1823 1491 1495 42.3488
0 1830 1491 1495 42.4248
0 1839 1491 1495 42.4993
0 1852 1490 1495 42.5752
0 1870 1490 1495 42.6475
0 1894 1489 1495 42.7225
0 1924 1488 1495 42.7985
0 1957 1487 1495 42.8748
0 1990 1487 1495 42.9498
0 2018 1486 1494 43.0246
0 2039 1486 1494 43.1004
0 2053 1486 1493 43.1766
0 2063 1486 1493 43.2495
0 2071 1486 1493 43.3265
0 2077 1486 1493 43.4025
0 2091 1486 1493 43.4785
0 2106 1486 1493 43.5535
0 2128 1486 1493 43.6276
0 2156 1486 1493 43.7031
0 2181 1486 1492 43.7791
0 2214 1486 1492 43.8531
0 2251 1487 1492 43.9274
0 2276 1487 1492 44.0029
0 2293 1487 1492 44.0768
0 2309 1487 1492 44.1495
0 2333 1487 1492 44.2265
0 2358 1487 1492 44.3017
0 2376 1486 1492 44.3765
0 2391 1486 1492 44.4576
0 2406 1486 1492 44.5335
0 2436 1486 1492 44.6086
0 2480 1486 1492 44.6836
0 2516 1486 1492 44.7586
0 2542 1486 1491 44.8338
0 2568 1486 1491 44.9083
0 2602 1486 1491 44.9833
0 2634 1486 1491 45.0579
0 2656 1486 1491 45.1306
0 2673 1486 1491 45.2056
0 2685 1486 1491 45.2826
0 2693 1486 1490 45.3586
0 2698 1486 1490 45.4438
0 2702 1486 1490 45.5203
0 2707 1486 1490 45.5951
0 2712 1486 1490 45.6676
0 2716 1486 1490 45.7436
0 2720 1486 1490 45.8186
0 2723 1486 1490 45.8942
0 2726 1486 1490 45.9676
0 2735 1486 1490 46.0424
0 2748 1486 1489 46.1155
0 2770 1486 1489 46.1878
0 2789 1486 1489 46.2626
0 2804 1486 1489 46.3376
0 2814 1486 1489 46.4134
0 2819 1486 1489 46.4885
0 2823 1486 1489 46.5636
0 2826 1486 1489 46.6397
0 2838 1486 1489 46.7152
0 2854 1486 1490 46.7876
0 2871 1486 1490 46.8636
0 2896 1486 1490 46.9417
0 2933 1486 1490 47.0167
0 2976 1487 1490 47.0918
0 3016 1487 1490 47.1666
0 3044 1487 1490 47.2416
0 3062 1488 1490 47.3166
0 3075 1488 1490 47.3917
0 3087 1488 1489 47.4691
0 3100 1488 1489 47.5447
0 3111 1488 1489 47.6206
0 3119 1488 1489 47.6968
0 3128 1487 1489 47.7726
0 3151 1487 1489 47.8507
0 3171 1487 1488 47.9277
0 3191 1487 1488 48.0086
0 3205 1487 1487 48.0838
0 3215 1487 1487 48.1587
0 3223 1487 1487 48.2347
0 3227 1487 1487 48.3101
0 3230 1487 1487 48.3857
0 3232 1487 1486 48.4617
0 3238 1487 1486 48.5368
0 3253 1487 1486 48.6107
0 3286 1487 1485 48.6857
0 3341 1488 1485 48.7617
0 3426 1490 1486 48.8369
0 3509 1490 1487 48.915
0 3570 1491 1487 48.9908
0 3626 1491 1488 49.0647
0 3670 1491 1488 49.1407
0 3696 1491 1489 49.2147
0 3712 1491 1489 49.2897
0 3722 1491 1489 49.3669
0 3736 1491 1489 49.443
0 3746 1490 1489 49.5197
0 3752 1490 1489 49.5948
0 3756 1490 1489 49.6697
0 3762 1490 1489 49.7447
0 3766 1490 1489 49.8208
0 3768 1490 1489 49.8967
0 3769 1490 1489 49.9728
0 3772 1490 1489 50.0526
0 3777 1489 1489 50.1278
0 3782 1489 1489 50.2027
0 3798 1489 1490 50.2788
0 3818 1489 1490 50.3542
0 3832 1489 1490 50.4257
0 3843 1489 1490 50.5018
0 3858 1490 1490 50.5798
0 3867 1490 1490 50.6569
0 3872 1490 1490 50.7324
0 3876 1490 1490 50.8062
0 3879 1490 1490 50.8828
0 3880 1490 1490 50.9578
0 3882 1490 1490 51.0327
0 3890 1489 1490 51.1134
0 3897 1489 1490 51.1878
0 3903 1489 1490 51.263
0 3909 1489 1490 51.3381
0 3915 1489 1490 51.4111
0 3929 1489 1490 51.4869
0 3951 1489 1489 51.5691
0 3990 1488 1489 51.6428
0 4051 1487 1488 51.7178
0 4111 1487 1487 51.794
0 4154 1487 1487 51.8719
0 4185 1487 1486 51.9494
0 4212 1486 1486 52.0247
0 4244 1486 1486 52.1001
0 4285 1486 1487 52.1779
0 4327 1486 1487 52.2508
0 4375 1486 1487 52.3268
0 4428 1485 1487 52.4018
0 4473 1485 1487 52.4779
0 4503 1485 1487 52.5539
0 4525 1485 1487 52.6291
0 4544 1485 1486 52.7037
0 4565 1485 1486 52.7791
0 4581 1486 1486 52.8537
0 4589 1486 1486 52.9311
0 4593 1486 1486 53.0057
0 4593 1486 1486 53.08
0 4590 1486 1486 53.1549
0 4591 1487 1486 53.2269
0 4601 1487 1486 53.3019
0 4620 1487 1487 53.3768
0 4638 1488 1487 53.4533
0 4648 1488 1487 53.5278
0 4655 1488 1487 53.608
0 4671 1488 1487 53.683
0 4690 1487 1488 53.7583
0 4708 1486 1488 53.831
0 4724 1486 1488 53.907
0 4734 1485 1488 53.9838
0 4741 1485 1488 54.0609
0 4745 1485 1488 54.1379
0 4747 1485 1488 54.2129
0 4748 1485 1488 54.289
0 4750 1485 1488 54.364
0 4760 1484 1488 54.439
0 4770 1484 1489 54.5144
0 4776 1484 1489 54.5872
0 4780 1483 1489 54.6631
0 4782 1483 1489 54.7399
0 4784 1483 1489 54.8155
0 4785 1483 1489 54.8879
0 4785 1483 1489 54.9639
0 4792 1483 1489 55.0409
0 4808 1483 1488 55.1191
0 4833 1482 1488 55.1939
0 4860 1482 1488 55.269
0 4879 1481 1488 55.3449
0 4891 1481 1488 55.419
0 4901 1481 1488 55.4949
0 4907 1481 1488 55.5699
0 4916 1480 1487 55.6463
0 4923 1480 1487 55.7219
0 4935 1480 1487 55.7972
0 4949 1480 1488 55.8725
0 4959 1481 1488 55.9488
0 4967 1481 1488 56.0241
0 4971 1481 1488 56.1031
0 4974 1481 1488 56.1785
0 4974 1481 1488 56.251
0 4974 1481 1488 56.325
0 4975 1481 1488 56.3999
0 4981 1481 1488 56.476
0 4986 1480 1488 56.552
0 4992 1480 1487 56.6281
0 4996 1480 1487 56.7031
0 5000 1480 1487 56.7799
0 5003 1480 1487 56.8553
0 5007 1480 1487 56.931
0 5010 1480 1487 57.0081
0 5013 1480 1487 57.0855
0 5019 1480 1487 57.16
0 5028 1480 1486 57.2361
0 5035 1481 1486 57.311
0 5042 1481 1486 57.3911
0 5047 1480 1486 57.464
0 5050 1480 1486 57.5401
0 5058 1480 1486 57.615
0 5065 1480 1486 57.6922
0 5068 1480 1486 57.7671
1 4995 1480 1488 60.7132
1 4994 1480 1488 60.7891
1 4994 1480 1488 60.8651
1 4994 1480 1488 60.9407
1 4994 1480 1488 61.0182
1 4995 1480 1488 61.0942
1 4996 1480 1488 61.1712
1 4996 1480 1488 61.2492
1 4996 1480 1488 61.3262
1 4996 1480 1488 61.4013
1 4996 1480 1488 61.4768
1 4989 1480 1488 61.5652
1 4972 1480 1489 61.6402
1 4960 1480 1489 61.7162
1 4950 1480 1490 61.7912
1 4935 1479 1490 61.8682
1 4916 1479 1491 61.9453
1 4905 1479 1492 62.0234
1 4899 1478 1492 62.0994
1 4901 1478 1493 62.1752
1 4908 1477 1493 62.2504
1 4916 1476 1493 62.3253
1 4928 1476 1493 62.4022
1 4941 1475 1494 62.4762
1 4951 1474 1494 62.5511
1 4965 1473 1494 62.6252
1 4981 1472 1494 62.7012
1 4992 1472 1495 62.7778
1 5002 1471 1495 62.8492
1 5014 1470 1495 62.9252
1 5028 1469 1495 63.0014
1 5041 1468 1495 63.0752
1 5052 1467 1496 63.1502
1 5059 1467 1496 63.2263
1 5064 1467 1496 63.3043
1 5068 1466 1496 63.3792
1 5072 1466 1496 63.4552
1 5076 1466 1496 63.5322
1 5078 1465 1496 63.6073
1 5074 1465 1497 63.6822
1 5072 1465 1497 63.7572
1 5074 1464 1497 63.8327
1 5077 1464 1497 63.9081
1 5083 1463 1497 63.9833
1 5090 1462 1498 64.06
1 5098 1462 1498 64.1353
1 5104 1461 1498 64.2082
1 5108 1460 1498 64.2843
1 5111 1460 1498 64.3603
1 5113 1460 1498 64.4352
1 5115 1460 1498 64.5094
1 5119 1459 1498 64.5842
1 5124 1459 1499 64.6603
1 5130 1458 1499 64.7342
1 5135 1457 1499 64.8092
1 5139 1457 1499 64.8842
1 5144 1456 1499 64.9603
1 5149 1455 1500 65.0361
1 5152 1455 1500 65.1113
1 5154 1455 1500 65.1873
1 5156 1454 1500 65.2623
1 5159 1454 1500 65.3383
1 5161 1453 1500 65.4138
1 5163 1453 1500 65.4882
1 5166 1453 1500 65.5641
1 5169 1452 1500 65.6443
1 5172 1452 1500 65.7198
1 5177 1452 1500 65.7944
1 5192 1452 1499 65.8676
1 5216 1452 1499 65.9433
1 5241 1452 1498 66.0184
1 5265 1452 1497 66.0938
1 5285 1452 1497 66.17
1 5304 1452 1496 66.2449
1 5317 1452 1496 66.3212
1 5328 1453 1495 66.3982
1 5327 1452 1495 66.4731
1 5319 1452 1494 66.5476
1 5315 1452 1494 66.6234
1 5314 1452 1494 66.7005
1 5315 1451 1494 66.7785
1 5316 1451 1494 66.8533
1 5318 1450 1494 66.9283
1 5319 1450 1494 67.0033
1 5317 1450 1493 67.0795
1 5316 1449 1493 67.1545
1 5318 1449 1493 67.2293
1 5322 1448 1493 67.3034
1 5325 1447 1493 67.3794
1 5328 1446 1493 67.4545
1 5330 1445 1492 67.5304
1 5333 1444 1491 67.6054
1 5338 1444 1490 67.6804
1 5345 1444 1490 67.7564
1 5354 1443 1489 67.8315
1 5363 1442 1489 67.9064
1 5378 1442 1489 67.9814
1 5398 1442 1488 68.0565
1 5405 1442 1487 68.1315
1 5409 1442 1486 68.2064
1 5412 1442 1486 68.282
1 5414 1442 1486 68.3574
1 5415 1441 1486 68.4304
1 5416 1441 1486 68.5066
1 5417 1441 1486 68.5844
1 5417 1440 1486 68.6604
1 5417 1440 1486 68.7364
1 5418 1440 1486 68.8125
1 5418 1439 1486 68.8885
1 5416 1439 1487 68.9645
1 5414 1439 1487 69.0394
1 5412 1439 1487 69.1135
1 5410 1439 1487 69.1895
1 5409 1438 1487 69.2687
1 5408 1438 1487 69.3434
1 5407 1438 1487 69.4184
1 5407 1438 1487 69.4945
1 5408 1438 1487 69.5704
1 5411 1438 1487 69.6444
1 5415 1438 1487 69.7214
1 5422 1438 1487 69.7965
1 5431 1439 1487 69.8726
1 5444 1439 1488 69.953
1 5457 1439 1488 70.0267
1 5465 1439 1488 70.1013
1 5471 1439 1488 70.1774
1 5474 1439 1488 70.2516
1 5476 1439 1488 70.3275
1 5477 1439 1488 70.4025
1 5478 1439 1488 70.4785
1 5478 1439 1488 70.5547
1 5478 1439 1488 70.6275
1 5478 1439 1488 70.7056
1 5478 1439 1488 70.7825
1 5486 1439 1488 70.8587
1 5491 1440 1488 70.9458
1 5503 1440 1488 71.0204
1 5518 1440 1489 71.0966
1 5541 1440 1489 71.1695
1 5556 1440 1489 71.2447
1 5564 1441 1489 71.3195
1 5566 1441 1490 71.3965
1 5569 1441 1490 71.4726
1 5574 1441 1490 71.5485
1 5591 1441 1491 71.6265
1 5612 1441 1492 71.7015
1 5631 1442 1492 71.7765
1 5649 1442 1493 71.8519
1 5651 1442 1493 71.9259
1 5643 1442 1494 72.0003
1 5647 1442 1495 72.0757
1 5672 1443 1495 72.1475
1 5693 1443 1496 72.2226
1 5710 1443 1496 72.2975
1 5731 1444 1497 72.3738
1 5750 1444 1498 72.4506
1 5770 1444 1498 72.5262
1 5784 1445 1499 72.6015
1 5791 1445 1499 72.6773
1 5787 1445 1500 72.7497
1 5779 1445 1501 72.8245
1 5779 1445 1502 72.9006
1 5782 1445 1503 72.9766
1 5791 1445 1504 73.0537
1 5813 1446 1505 73.1287
1 5843 1446 1506 73.2046
1 5869 1447 1507 73.2806
1 5896 1447 1508 73.3558
1 5923 1448 1508 73.4326
1 5950 1448 1509 73.5087
1 5970 1449 1509 73.5838
1 5980 1449 1509 73.6606
1 5989 1449 1510 73.7368
1 6000 1449 1510 73.8116
1 6015 1449 1510 73.8887
1 6035 1450 1511 73.9636
1 6058 1450 1512 74.0478
1 6084 1450 1512 74.1238
1 6106 1450 1513 74.1987
1 6129 1450 1513 74.2736
1 6153 1450 1514 74.3489
1 6171 1450 1514 74.4248
1 6184 1450 1514 74.4987
1 6192 1450 1514 74.5736
1 6202 1450 1515 74.6496
1 6217 1451 1515 74.7256
1 6234 1451 1515 74.7996
1 6251 1451 1516 74.8756
1 6288 1452 1516 74.9517
1 6339 1453 1517 75.0277
1 6374 1454 1518 75.1027
1 6395 1454 1518 75.1789
1 6408 1454 1519 75.2547
1 6417 1454 1519 75.3307
1 6425 1454 1519 75.4067
1 6437 1454 1519 75.4828
1 6452 1454 1520 75.5613
1 6477 1454 1520 75.6387
1 6501 1455 1521 75.7146
1 6518 1455 1521 75.7907
1 6537 1455 1522 75.8677
1 6565 1455 1522 75.9448
1 6589 1455 1523 76.0206
1 6603 1455 1523 76.1107
1 6617 1455 1524 76.1867
1 6636 1456 1524 76.2617
1 6664 1456 1525 76.3367
1 6687 1457 1525 76.4117
1 6702 1457 1526 76.4878
1 6717 1457 1526 76.5632
1 6734 1457 1526 76.6371
1 6750 1458 1526 76.7097
1 6762 1458 1525 76.7848
1 6777 1458 1525 76.859
1 6793 1459 1525 76.9337
1 6807 1459 1525 77.0089
1 6824 1459 1525 77.0839
1 6851 1460 1526 77.1587
1 6889 1461 1526 77.2337
1 6916 1461 1526 77.3097
1 6934 1462 1526 77.3848
1 6952 1462 1526 77.4597
1 6974 1462 1526 77.5347
1 6997 1463 1526 77.613
1 7030 1463 1526 77.6897
1 7064 1464 1526 77.7658
1 7089 1464 1525 77.8418
1 7116 1465 1526 77.9174
1 7141 1466 1526 77.9923
1 7164 1466 1526 78.0675
1 7186 1467 1527 78.1516
1 7213 1467 1527 78.2266
1 7238 1468 1528 78.3024
1 7258 1469 1529 78.3769
1 7270 1469 1529 78.4498
1 7280 1469 1529 78.5268
1 7291 1469 1529 78.6019
1 7298 1470 1530 78.6768
1 7302 1470 1530 78.754
1 7305 1470 1530 78.8292
1 7306 1470 1530 78.904
1 7307 1470 1530 78.979
1 7308 1470 1530 79.0541
1 7310 1470 1530 79.1268
1 7317 1470 1530 79.2029
1 7335 1471 1530 79.2778
1 7359 1471 1529 79.3527
1 7376 1472 1529 79.4281
1 7390 1472 1529 79.5036
1 7401 1473 1528 79.5777
1 7411 1473 1528 79.6508
1 7420 1474 1528 79.7268
1 7426 1474 1528 79.8029
1 7435 1475 1527 79.8778
1 7445 1475 1527 79.9553
1 7453 1476 1527 80.0283
1 7458 1476 1527 80.1058
1 7457 1477 1526 80.1918
1 7455 1477 1526 80.2668
1 7456 1478 1526 80.3419
1 7460 1478 1526 80.4178
1 7465 1479 1527 80.493
1 7472 1480 1527 80.5675
1 7479 1480 1527 80.6427
1 7490 1481 1527 80.7193
1 7499 1481 1528 80.793
1 7503 1482 1528 80.8672
1 7505 1483 1528 80.9419
1 7506 1483 1528 81.0166
1 7515 1483 1528 81.0889
1 7530 1484 1529 81.1638
1 7540 1485 1529 81.2389
1 7543 1486 1530 81.3153
1 7548 1486 1530 81.3898
1 7556 1487 1530 81.4659
1 7573 1489 1531 81.5421
1 7593 1490 1532 81.619
1 7608 1490 1533 81.6939
1 7619 1491 1533 81.7682
1 7631 1491 1533 81.8449
1 7666 1492 1532 81.9211
1 7716 1493 1531 81.9969
1 7763 1493 1530 82.073
1 7794 1494 1529 82.1509
1 7816 1494 1528 82.2371
1 7829 1495 1528 82.3129
1 7836 1495 1527 82.3889
1 7845 1495 1527 82.465
1 7861 1496 1526 82.5399
1 7882 1496 1526 82.6149
1 7902 1496 1525 82.6899
1 7926 1496 1525 82.7669
1 7954 1497 1524 82.8439
1 7976 1497 1523 82.92
1 7992 1498 1523 82.9949
1 8005 1498 1522 83.0701
1 8022 1499 1522 83.1449
1 8036 1500 1522 83.2199
1 8049 1500 1521 83.296
1 8059 1501 1521 83.373
1 8067 1502 1521 83.4483
1 8070 1502 1521 83.523
1 8069 1503 1521 83.598
1 8066 1503 1521 83.6727
1 8060 1504 1521 83.7484
1 8056 1505 1521 83.8235
1 8054 1505 1521 83.8995
1 8055 1506 1521 83.9749
1 8063 1506 1522 84.0469
1 8073 1507 1522 84.123
1 8077 1508 1523 84.2012
1 8081 1508 1523 84.277
1 8085 1509 1523 84.352
1 8083 1509 1524 84.427
1 8077 1510 1524 84.502
1 8069 1510 1524 84.578
1 8059 1511 1524 84.6536
1 8051 1512 1524 84.7281
1 8043 1512 1523 84.8032
1 8040 1513 1524 84.8791
1 8042 1514 1524 84.9551
1 8045 1514 1524 85.0283
1 8046 1515 1524 85.1031
1 8042 1516 1525 85.178
1 8036 1516 1525 85.2535
1 8032 1516 1525 85.3272
1 8029 1517 1525 85.4018
1 8038 1517 1524 85.4761
1 8059 1517 1523 85.548
1 8078 1518 1523 85.623
1 8094 1518 1522 85.6982
1 8107 1518 1521 85.7731
1 8114 1519 1521 85.8482
1 8115 1519 1520 85.9232
1 8109 1520 1520 85.9981
1 8099 1520 1519 86.0751
1 8092 1521 1519 86.148
1 8089 1522 1518 86.2231
1 8086 1522 1518 86.3036
1 8079 1523 1517 86.378
1 8071 1524 1517 86.4532
1 8059 1524 1517 86.5261
1 8050 1525 1517 86.602
1 8046 1525 1517 86.678
1 8045 1526 1516 86.7552
1 8044 1526 1516 86.828
1 8044 1526 1516 86.9036
1 8046 1526 1516 86.9791
1 8046 1527 1516 87.056
1 8043 1527 1515 87.1332
1 8040 1527 1515 87.2081
1 8035 1528 1515 87.2841
1 8030 1528 1514 87.3601
1 8029 1528 1514 87.4361
1 8033 1529 1513 87.5112
1 8039 1529 1513 87.5871
1 8044 1530 1512 87.6621
1 8048 1530 1511 87.7371
1 8057 1531 1511 87.8119
1 8074 1531 1510 87.8852
1 8089 1531 1509 87.9593
1 8099 1531 1508 88.0347
1 8108 1532 1508 88.1061
1 8115 1532 1507 88.1823
1 8124 1532 1506 88.2581
1 8132 1533 1505 88.3322
1 8138 1533 1504 88.4074
1 8143 1534 1504 88.4808
1 8149 1534 1503 88.5558
1 8160 1534 1503 88.6283
1 8173 1534 1502 88.7031
1 8189 1535 1501 88.7781
1 8203 1535 1501 88.8539
1 8218 1535 1500 88.9261
1 8233 1535 1499 89.0011
1 8252 1535 1498 89.0771
1 8270 1536 1497 89.1532
1 8286 1536 1496 89.2316
1 8300 1536 1496 89.3073
1 8320 1536 1494 89.3818
1 8340 1537 1493 89.4565
1 8355 1537 1492 89.5291
1 8366 1537 1492 89.6043
1 8379 1537 1491 89.6791
1 8394 1537 1490 89.7551
1 8405 1538 1489 89.8314
1 8413 1538 1489 89.9072
1 8422 1538 1488 89.9812
1 8433 1538 1487 90.0572
1 8441 1538 1487 90.1347
1 8451 1538 1486 90.2098
1 8458 1538 1485 90.2832
1 8463 1539 1485 90.3595
1 8466 1539 1485 90.4345
1 8471 1539 1485 90.5062
1 8479 1539 1484 90.5812
1 8490 1539 1484 90.6562
1 8503 1539 1483 90.7418
1 8518 1538 1483 90.8168
1 8533 1538 1483 90.8893
1 8551 1538 1482 90.9642
1 8564 1538 1482 91.0394
1 8574 1538 1481 91.1173
1 8581 1538 1481 91.1932
1 8587 1538 1480 91.2694
1 8593 1538 1480 91.3442
1 8595 1538 1479 91.4293
1 8596 1538 1479 91.5023
1 8598 1538 1478 91.5764
1 8598 1538 1477 91.6517
1 8597 1538 1476 91.7276
1 8599 1538 1475 91.8148
1 8601 1538 1475 91.889
1 8603 1538 1474 91.9637
1 8605 1538 1474 92.0384
1 8604 1538 1473 92.1139
1 8600 1538 1472 92.1862
1 8596 1538 1472 92.2623
1 8593 1538 1471 92.3392
1 8587 1538 1470 92.4135
1 8582 1537 1470 92.4853
1 8579 1537 1469 92.5592
1 8571 1536 1469 92.6343
1 8559 1535 1468 92.7093
1 8549 1534 1467 92.7854
1 8541 1534 1467 92.8686
1 8528 1533 1466 92.9435
1 8515 1532 1466 93.0173
1 8502 1532 1465 93.0932
1 8494 1531 1465 93.1685
1 8496 1530 1465 93.2445
1 8503 1530 1464 93.3211
1 8511 1529 1464 93.3964
1 8532 1528 1464 93.4833
1 8560 1527 1464 93.5565
1 8591 1526 1464 93.6303
1 8621 1525 1464 93.7053
1 8652 1524 1465 93.7816
1 8683 1523 1465 93.8583
1 8713 1522 1465 93.9413
1 8732 1521 1465 94.0165
1 8737 1520 1465 94.0919
1 8726 1519 1464 94.1663
1 8719 1517 1464 94.2417
1 8721 1517 1463 94.3191
1 8724 1516 1463 94.3941
1 8734 1515 1463 94.4663
1 8739 1514 1463 94.5413
1 8743 1514 1463 94.6163
1 8751 1513 1463 94.6904
1 8766 1513 1463 94.7667
1 8773 1512 1463 94.8409
1 8763 1511 1463 94.9154
1 8749 1510 1462 94.9874
1 8737 1510 1462 95.0624
1 8729 1509 1462 95.1375
1 8713 1507 1461 95.2124
1 8697 1506 1460 95.2875
1 8688 1505 1460 95.3646
1 8679 1504 1460 95.4391
1 8664 1503 1459 95.5241
1 8648 1502 1459 95.5993
1 8633 1501 1458 95.6752
1 8616 1501 1458 95.7484
1 8593 1500 1457 95.8235
1 8559 1499 1457 95.9003
1 8530 1498 1456 95.9795
1 8508 1498 1456 96.0546
1 8483 1497 1455 96.1294
1 8465 1496 1455 96.2044
1 8459 1495 1455 96.2805
1 8465 1495 1455 96.3556
1 8476 1494 1455 96.4304
1 8486 1493 1455 96.5064
1 8492 1493 1455 96.5815
1 8497 1493 1455 96.6565
1 8506 1492 1455 96.7322
1 8519 1492 1455 96.8068
1 8523 1491 1455 96.8905
1 8509 1490 1455 96.9651
1 8488 1489 1454 97.0447
1 8476 1489 1454 97.1174
1 8475 1488 1454 97.1895
1 8471 1487 1454 97.2644
1 8462 1487 1454 97.3394
1 8431 1486 1453 97.4167
1 8398 1485 1453 97.4905
1 8380 1485 1452 97.5795
1 8370 1484 1452 97.6525
1 8368 1484 1452 97.7274
1 8372 1483 1452 97.8035
1 8367 1483 1452 97.8795
1 8351 1482 1452 97.9555
1 8333 1482 1451 98.0305
1 8312 1481 1451 98.1075
1 8291 1481 1451 98.1825
1 8255 1480 1450 98.2575
1 8203 1479 1449 98.3332
1 8155 1479 1448 98.4072
1 8096 1478 1447 98.4832
1 8041 1477 1447 98.5595
1 7993 1476 1446 98.6345
1 7950 1476 1445 98.7075
1 7923 1475 1445 98.7835
1 7906 1475 1445 98.8607
1 7897 1475 1444 98.9368
1 7891 1475 1444 99.0185
1 7891 1474 1444 99.0956
1 7894 1474 1444 99.1707
1 7903 1474 1445 99.2475
1 7917 1473 1445 99.3235
1 7929 1472 1445 99.3996
1 7939 1472 1445 99.4735
1 7948 1471 1445 99.5505
1 7954 1471 1445 99.6255
1 7960 1470 1446 99.7007
1 7964 1470 1446 99.7755
1 7967 1470 1446 99.8506
1 7970 1469 1447 99.9255
1 7973 1469 1447 100.002
1 7975 1469 1448 100.076
1 7978 1468 1448 100.151
1 7979 1468 1448 100.226
1 7980 1468 1449 100.302
1 7982 1468 1449 100.377
1 7984 1467 1449 100.451
1 7986 1467 1450 100.527
1 7987 1467 1450 100.603
1 7987 1467 1451 100.678
1 7986 1466 1451 100.753
1 7983 1466 1452 100.828
1 7980 1466 1453 100.903
1 7976 1465 1453 100.979
1 7972 1465 1454 101.054
1 7969 1465 1455 101.128
1 7967 1465 1455 101.21
1 7964 1465 1455 101.285
1 7957 1465 1455 101.361
1 7928 1464 1455 101.437
1 7881 1464 1454 101.512
1 7849 1463 1454 101.587
1 7827 1463 1453 101.662
1 7811 1463 1453 101.738
1 7796 1463 1453 101.813
1 7778 1462 1453 101.887
1 7761 1462 1452 101.961
1 7745 1462 1452 102.037
1 7730 1462 1452 102.109
1 7719 1461 1452 102.185
1 7711 1461 1452 102.261
1 7706 1461 1452 102.336
1 7703 1461 1452 102.411
1 7705 1461 1452 102.486
1 7712 1460 1452 102.561
1 7721 1459 1452 102.637
1 7725 1458 1452 102.712
1 7726 1458 1452 102.786
1 7721 1457 1452 102.862
1 7714 1457 1452 102.938
1 7707 1456 1452 103.014
1 7701 1456 1452 103.088
1 7697 1456 1452 103.166
1 7695 1456 1452 103.243
1 7693 1456 1452 103.324
1 7691 1456 1452 103.4
1 7691 1455 1452 103.476
1 7693 1455 1452 103.552
1 7696 1454 1452 103.627
1 7699 1454 1452 103.703
1 7701 1454 1452 103.778
1 7702 1453 1453 103.853
1 7702 1453 1453 103.926
1 7702 1453 1453 104.002
1 7701 1453 1453 104.077
1 7700 1453 1453 104.152
1 7698 1453 1454 104.227
1 7696 1453 1454 104.303
1 7692 1452 1454 104.379
1 7688 1452 1455 104.453
1 7682 1452 1455 104.525
1 7677 1452 1456 104.601
1 7671 1452 1456 104.678
1 7667 1452 1457 104.753
1 7663 1452 1457 104.829
1 7660 1452 1457 104.904
1 7656 1451 1458 104.979
1 7652 1451 1458 105.054
1 7647 1451 1459 105.127
1 7647 1451 1460 105.202
1 7645 1451 1460 105.278
1 7637 1451 1461 105.36
1 7626 1451 1462 105.436
1 7619 1451 1463 105.509
1 7613 1450 1463 105.585
1 7605 1450 1464 105.66
1 7597 1450 1464 105.736
1 7592 1450 1465 105.812
1 7589 1450 1465 105.887
1 7588 1450 1465 105.963
1 7581 1450 1465 106.041
1 7570 1449 1465 106.117
1 7552 1449 1465 106.193
1 7534 1449 1465 106.267
1 7520 1448 1464 106.343
1 7505 1448 1464 106.419
1 7471 1447 1464 106.494
1 7442 1447 1463 106.567
1 7412 1446 1463 106.642
1 7392 1446 1463 106.717
1 7379 1446 1462 106.793
1 7371 1446 1462 106.868
1 7366 1446 1462 106.943
1 7363 1445 1462 107.018
1 7361 1445 1463 107.092
1 7358 1445 1463 107.167
1 7356 1445 1463 107.243
1 7355 1444 1463 107.318
1 7356 1444 1464 107.393
1 7357 1443 1464 107.476
1 7358 1443 1464 107.549
1 7359 1442 1464 107.624
1 7360 1442 1464 107.7
1 7360 1442 1464 107.776
1 7359 1442 1464 107.852
1 7355 1441 1465 107.929
1 7352 1441 1465 108.005
1 7350 1441 1465 108.08
1 7349 1441 1465 108.156
1 7348 1440 1465 108.233
1 7348 1440 1466 108.308
1 7347 1440 1466 108.384
1 7343 1440 1466 108.461
1 7338 1439 1466 108.546
1 7332 1439 1467 108.621
1 7327 1439 1467 108.697
1 7323 1439 1467 108.772
1 7315 1438 1468 108.846
1 7305 1438 1469 108.92
1 7295 1438 1469 108.995
1 7287 1438 1470 109.067
1 7279 1438 1470 109.144
1 7277 1438 1471 109.22
1 7301 1438 1472 109.295
1 7320 1438 1472 109.371
1 7351 1439 1473 109.446
1 7406 1440 1474 109.521
1 7456 1440 1474 109.597
1 7503 1441 1475 109.672
1 7550 1442 1476 109.748
1 7597 1442 1476 109.823
1 7637 1443 1477 109.899
1 7674 1444 1477 109.976
1 7716 1445 1478 110.048
1 7772 1446 1479 110.125
1 7826 1447 1479 110.201
1 7861 1448 1480 110.278
1 7881 1448 1480 110.354
1 7894 1448 1480 110.43
1 7901 1448 1481 110.506
1 7902 1448 1481 110.584
1 7907 1448 1481 110.66
1 7915 1448 1482 110.736
1 7911 1448 1483 110.812
1 7907 1448 1484 110.888
1 7912 1448 1485 110.963
1 7912 1448 1485 111.039
1 7911 1448 1486 111.114
1 7902 1448 1487 111.19
1 7885 1448 1488 111.266
1 7869 1448 1489 111.343
1 7853 1447 1490 111.418
1 7838 1447 1491 111.494
1 7832 1447 1492 111.569
1 7829 1447 1493 111.644
1 7815 1447 1494 111.719
1 7794 1447 1495 111.794
1 7771 1447 1496 111.869
1 7745 1447 1497 111.945
1 7724 1447 1498 112.02
1 7713 1447 1499 112.095
1 7695 1446 1500 112.17
1 7672 1446 1500 112.247
1 7646 1446 1501 112.323
1 7625 1446 1502 112.398
1 7611 1446 1503 112.474
1 7611 1446 1504 112.551
1 7622 1446 1505 112.626
1 7630 1447 1506 112.702
1 7635 1447 1506 112.777
1 7637 1447 1506 112.855
1 7639 1447 1507 112.927
1 7643 1447 1507 113.003
1 7652 1447 1507 113.078
1 7667 1448 1507 113.154
1 7688 1448 1508 113.23
1 7716 1449 1508 113.307
1 7737 1449 1508 113.392
1 7750 1450 1509 113.47
1 7764 1450 1509 113.546
1 7794 1451 1509 113.623
1 7817 1451 1510 113.698
1 7830 1452 1510 113.773
1 7839 1452 1510 113.849
1 7846 1452 1510 113.924
1 7852 1452 1510 114
1 7855 1453 1510 114.075
1 7857 1453 1510 114.152
1 7858 1453 1510 114.228
1 7859 1453 1510 114.303
1 7859 1453 1510 114.378
1 7859 1453 1510 114.453
1 7859 1453 1510 114.529
1 7859 1453 1510 114.605
1 7859 1453 1510 114.68
1 7860 1453 1510 114.755
1 7860 1453 1510 114.933
