0 0 1496 1498 32.8034
0 0 1496 1498 32.8793
0 0 1495 1498 32.9544
0 0 1495 1498 33.0292
0 0 1495 1499 33.1052
0 0 1495 1499 33.1813
0 0 1495 1499 33.2578
0 6 1495 1499 33.3322
0 23 1495 1499 33.4073
0 61 1495 1499 33.4832
0 123 1495 1499 33.5593
0 198 1495 1499 33.6342
0 266 1495 1499 33.7093
0 310 1495 1499 33.7855
0 337 1495 1499 33.8602
0 355 1495 1499 33.9373
0 370 1495 1499 34.0122
0 379 1495 1499 34.0883
0 384 1495 1499 34.1654
0 390 1494 1499 34.2443
0 395 1494 1499 34.3224
0 399 1494 1499 34.3983
0 403 1494 1499 34.4732
0 410 1494 1499 34.5483
0 417 1494 1499 34.6243
0 423 1494 1499 34.6993
0 428 1494 1499 34.7743
0 437 1493 1499 34.8504
0 449 1493 1499 34.9263
0 459 1493 1499 35.0023
0 466 1493 1499 35.0784
0 471 1493 1499 35.1544
0 477 1492 1499 35.2303
0 483 1492 1499 35.3103
0 494 1492 1499 35.3853
0 501 1492 1499 35.4604
0 506 1492 1499 35.5355
0 509 1492 1498 35.6095
0 511 1492 1498 35.6853
0 515 1492 1498 35.7611
0 519 1492 1498 35.8359
0 526 1492 1499 35.9075
0 543 1492 1499 35.9823
0 558 1492 1499 36.0583
0 567 1492 1499 36.1338
0 576 1492 1499 36.2094
0 583 1493 1499 36.2848
0 589 1493 1499 36.3606
0 595 1493 1499 36.4354
0 603 1493 1498 36.5105
0 611 1493 1498 36.5854
0 622 1493 1498 36.6604
0 641 1493 1498 36.7362
0 665 1492 1497 36.8096
0 695 1492 1497 36.8844
0 723 1492 1497 36.9603
0 746 1492 1496 37.0367
0 769 1492 1496 37.1135
0 797 1492 1496 37.1894
0 820 1491 1496 37.2644
0 839 1491 1495 37.3409
0 854 1491 1495 37.4195
0 866 1491 1495 37.4955
0 877 1491 1495 37.5695
0 885 1491 1495 37.6444
0 893 1491 1495 37.7195
0 900 1490 1495 37.7976
0 909 1490 1494 37.8736
0 916 1490 1494 37.9526
0 923 1490 1494 38.0284
0 931 1490 1494 38.1044
0 939 1490 1494 38.1814
0 949 1490 1494 38.2596
0 957 1490 1494 38.3387
0 963 1490 1494 38.4135
0 968 1490 1494 38.4884
0 974 1489 1493 38.5636
0 980 1489 1493 38.6384
0 987 1489 1493 38.7195
0 995 1489 1493 38.7964
0 1002 1489 1493 38.8727
0 1009 1489 1493 38.9484
0 1023 1489 1493 39.0254
0 1056 1489 1493 39.1014
0 1097 1489 1493 39.1775
0 1127 1489 1493 39.2535
0 1146 1489 1492 39.3287
0 1169 1489 1492 39.4126
0 1200 1489 1492 39.4892
0 1246 1490 1492 39.5654
0 1287 1491 1492 39.6417
0 1316 1491 1492 39.7175
0 1333 1491 1492 39.7945
0 1348 1491 1492 39.8706
0 1363 1492 1493 39.9456
0 1373 1492 1493 40.0204
0 1382 1492 1493 40.0965
0 1397 1492 1493 40.1716
0 1417 1492 1493 40.2464
0 1442 1491 1493 40.3215
0 1474 1491 1493 40.3996
0 1508 1491 1492 40.4755
0 1543 1491 1492 40.5506
0 1580 1491 1492 40.6265
0 1606 1491 1492 40.7025
0 1633 1491 1492 40.7804
0 1661 1490 1492 40.8615
0 1685 1490 1491 40.9375
0 1701 1490 1491 41.0135
0 1712 1489 1491 41.0896
0 1721 1489 1491 41.1667
0 1732 1489 1491 41.2425
0 1745 1489 1491 41.3189
0 1757 1488 1491 41.3935
0 1769 1488 1491 41.4696
0 1783 1488 1491 41.5455
0 1802 1487 1491 41.6205
0 1834 1487 1491 41.6965
0 1871 1487 1491 41.7745
0 1900 1486 1491 41.8566
0 1923 1486 1491 41.9326
0 1943 1486 1492 42.0078
0 1962 1486 1492 42.0826
0 1978 1486 1492 42.1576
0 1993 1485 1492 42.2316
0 2021 1485 1492 42.3077
0 2043 1484 1492 42.3825
0 2059 1484 1492 42.4766
0 2070 1483 1492 42.5506
0 2078 1483 1492 42.6256
0 2087 1483 1492 42.7006
0 2100 1483 1492 42.7757
0 2128 1483 1492 42.8531
0 2161 1484 1491 42.9287
0 2191 1484 1491 43.0046
0 2214 1485 1491 43.0796
0 2232 1485 1491 43.1556
0 2244 1485 1491 43.2316
0 2259 1485 1491 43.3096
0 2279 1485 1491 43.3864
0 2297 1486 1491 43.4616
0 2313 1486 1491 43.5366
0 2323 1486 1491 43.6126
0 2329 1486 1491 43.6896
0 2336 1486 1491 43.7656
0 2348 1487 1492 43.8436
0 2356 1487 1492 43.9195
0 2361 1487 1492 43.9946
0 2364 1487 1492 44.0707
0 2373 1487 1492 44.1461
0 2387 1487 1492 44.2223
0 2397 1488 1492 44.2976
0 2403 1488 1493 44.3757
0 2407 1488 1493 44.4506
0 2421 1488 1493 44.5267
0 2449 1488 1493 44.6018
0 2466 1489 1493 44.6766
0 2476 1489 1494 44.7516
0 2484 1489 1494 44.8286
0 2499 1489 1494 44.9048
0 2515 1490 1494 44.9869
0 2525 1490 1494 45.0617
0 2533 1490 1493 45.1368
0 2540 1490 1493 45.2127
0 2547 1490 1493 45.2877
0 2552 1490 1493 45.3647
0 2558 1490 1493 45.4397
0 2565 1490 1493 45.516
0 2577 1490 1492 45.5917
0 2594 1490 1492 45.6668
0 2620 1490 1492 45.7427
0 2650 1489 1492 45.8178
0 2682 1489 1492 45.8929
0 2707 1489 1492 45.9697
0 2723 1489 1492 46.0527
0 2738 1489 1492 46.1287
0 2758 1489 1492 46.2048
0 2777 1489 1492 46.2797
0 2794 1490 1492 46.3568
0 2807 1490 1492 46.4327
0 2820 1490 1492 46.5097
0 2834 1490 1493 46.5858
0 2846 1490 1493 46.6607
0 2855 1490 1493 46.7357
0 2863 1490 1493 46.8108
0 2874 1490 1493 46.8869
0 2885 1490 1493 46.9648
0 2893 1490 1493 47.0424
0 2899 1490 1493 47.1167
0 2904 1490 1493 47.1908
0 2910 1489 1493 47.2658
0 2919 1489 1493 47.3408
0 2930 1489 1493 47.4159
0 2942 1489 1493 47.4917
0 2955 1488 1493 47.5677
0 2968 1488 1493 47.6428
0 2978 1488 1493 47.7179
0 2987 1487 1493 47.7929
0 2995 1487 1493 47.8677
0 3004 1487 1493 47.9438
0 3012 1487 1492 48.0213
0 3019 1487 1492 48.0997
0 3035 1487 1492 48.1758
0 3066 1487 1492 48.2508
0 3089 1487 1492 48.3268
0 3106 1487 1492 48.4019
0 3121 1487 1492 48.4782
0 3136 1487 1491 48.5527
0 3151 1487 1491 48.6288
0 3162 1487 1491 48.7039
0 3171 1487 1491 48.7798
0 3178 1486 1491 48.8548
0 3185 1486 1491 48.931
0 3199 1486 1491 49.0068
0 3215 1486 1491 49.0828
0 3225 1486 1490 49.1758
0 3232 1486 1490 49.2508
0 3242 1486 1490 49.3258
0 3265 1487 1491 49.4008
0 3296 1487 1491 49.4758
0 3331 1487 1491 49.5508
0 3365 1488 1491 49.6348
0 3392 1488 1491 49.711
0 3415 1488 1491 49.7888
0 3436 1489 1491 49.8648
0 3455 1489 1491 49.943
0 3469 1489 1491 50.0189
0 3477 1489 1491 50.0986
0 3484 1490 1491 50.1759
0 3492 1490 1492 50.2508
0 3505 1490 1492 50.3268
0 3517 1490 1491 50.4028
0 3526 1489 1491 50.4789
0 3538 1489 1491 50.5548
0 3552 1489 1491 50.635
0 3577 1489 1491 50.7098
0 3607 1489 1491 50.7858
0 3635 1489 1490 50.8619
0 3654 1489 1490 50.938
0 3667 1489 1490 51.0148
0 3675 1489 1490 51.0909
0 3679 1489 1490 51.1669
0 3683 1489 1490 51.2589
0 3685 1489 1490 51.3349
0 3687 1489 1490 51.411
0 3690 1489 1490 51.4869
0 3700 1489 1490 51.5619
0 3721 1489 1489 51.6381
0 3745 1488 1489 51.7129
0 3773 1488 1489 51.7879
0 3803 1487 1489 51.8629
0 3823 1486 1489 51.9381
0 3838 1486 1489 52.0129
0 3849 1485 1489 52.087
0 3857 1485 1489 52.1629
0 3867 1485 1488 52.2399
0 3875 1485 1488 52.3271
0 3880 1485 1488 52.4029
0 3883 1485 1488 52.478
0 3885 1485 1488 52.5529
0 3886 1485 1488 52.6281
0 3889 1485 1488 52.7052
0 3900 1486 1488 52.7809
0 3909 1486 1488 52.8561
0 3914 1486 1488 52.9314
0 3918 1486 1488 53.0075
0 3921 1486 1488 53.0842
0 3925 1486 1488 53.1631
0 3929 1486 1488 53.2391
0 3935 1485 1488 53.3184
0 3958 1485 1488 53.3909
0 3980 1485 1488 53.4669
0 3994 1485 1488 53.5419
0 4004 1485 1488 53.617
0 4009 1485 1488 53.6919
0 4014 1485 1488 53.7679
0 4020 1484 1488 53.844
0 4030 1484 1488 53.919
0 4044 1484 1488 53.9951
0 4055 1484 1488 54.07
0 4064 1484 1487 54.1471
0 4074 1484 1487 54.2245
0 4081 1484 1487 54.3
0 4088 1484 1487 54.376
0 4094 1484 1487 54.451
0 4099 1484 1487 54.527
0 4103 1483 1487 54.602
0 4111 1483 1487 54.677
0 4119 1483 1487 54.752
0 4129 1483 1487 54.827
0 4136 1483 1487 54.9022
0 4141 1483 1487 54.979
0 4144 1483 1487 55.0572
0 4146 1483 1487 55.1341
1 4103 1483 1486 72.5637
1 4106 1483 1486 72.6396
1 4108 1483 1486 72.7167
1 4113 1483 1486 72.7917
1 4122 1483 1486 72.8666
1 4129 1482 1486 72.9417
1 4134 1482 1486 73.0203
1 4136 1482 1486 73.0968
1 4138 1482 1486 73.173
1 4138 1482 1486 73.2478
1 4138 1482 1486 73.3237
1 4140 1482 1487 73.3987
1 4141 1482 1487 73.4758
1 4141 1482 1487 73.5537
1 4141 1482 1487 73.6297
1 4141 1482 1487 73.7048
1 4141 1482 1487 73.7817
1 4141 1482 1487 73.8597
1 4142 1482 1487 73.9357
1 4142 1482 1487 74.012
1 4142 1482 1487 74.0877
1 4143 1482 1487 74.1757
1 4143 1482 1487 74.2528
1 4143 1482 1487 74.3267
1 4143 1482 1487 74.4017
1 4143 1482 1487 74.4777
1 4143 1482 1487 74.5539
1 4143 1482 1487 74.6318
1 4143 1481 1487 74.7057
1 4144 1481 1487 74.7807
1 4144 1481 1487 74.8558
1 4145 1481 1487 74.9318
1 4147 1481 1487 75.0105
1 4149 1481 1487 75.0857
1 4151 1481 1487 75.1723
1 4160 1480 1487 75.2468
1 4176 1480 1487 75.3217
1 4190 1479 1488 75.3967
1 4197 1478 1488 75.4718
1 4192 1478 1488 75.5467
1 4184 1478 1489 75.6217
1 4183 1477 1489 75.6998
1 4186 1476 1490 75.7747
1 4187 1476 1490 75.8528
1 4187 1475 1491 75.9299
1 4185 1475 1491 76.0047
1 4183 1474 1491 76.0798
1 4183 1474 1492 76.1567
1 4183 1473 1492 76.2338
1 4184 1473 1493 76.309
1 4184 1472 1493 76.384
1 4184 1472 1493 76.4598
1 4185 1472 1494 76.5359
1 4186 1471 1494 76.6118
1 4186 1471 1494 76.6885
1 4187 1471 1494 76.7647
1 4192 1470 1494 76.841
1 4199 1470 1495 76.9168
1 4205 1469 1495 76.9948
1 4212 1469 1495 77.0718
1 4220 1468 1495 77.1499
1 4227 1467 1495 77.2348
1 4231 1467 1495 77.3098
1 4235 1467 1495 77.3848
1 4240 1466 1495 77.4608
1 4245 1466 1496 77.5358
1 4250 1466 1496 77.6119
1 4254 1465 1496 77.6883
1 4258 1465 1496 77.762
1 4262 1465 1496 77.8378
1 4265 1465 1496 77.9138
1 4266 1464 1496 77.989
1 4267 1464 1496 78.0638
1 4270 1464 1496 78.1398
1 4276 1464 1496 78.216
1 4284 1464 1496 78.2918
1 4299 1464 1495 78.3679
1 4310 1464 1495 78.443
1 4319 1464 1495 78.5178
1 4329 1463 1495 78.5939
1 4338 1463 1495 78.669
1 4344 1462 1495 78.7469
1 4347 1462 1495 78.8219
1 4349 1462 1495 78.8989
1 4351 1462 1495 78.9751
1 4351 1462 1495 79.0519
1 4352 1462 1495 79.1289
1 4352 1462 1495 79.2039
1 4352 1462 1495 79.289
1 4353 1462 1495 79.3649
1 4353 1462 1495 79.4399
1 4353 1462 1495 79.5159
1 4356 1461 1495 79.5909
1 4359 1461 1495 79.6649
1 4362 1461 1495 79.7399
1 4364 1461 1495 79.8149
1 4364 1461 1495 79.8909
1 4365 1460 1496 79.966
1 4365 1460 1496 80.041
1 4365 1460 1496 80.1149
1 4365 1460 1496 80.1899
1 4371 1459 1496 80.2665
1 4377 1458 1496 80.341
1 4383 1457 1497 80.4149
1 4389 1457 1497 80.49
1 4398 1455 1497 80.566
1 4406 1454 1497 80.6411
1 4412 1453 1498 80.7159
1 4416 1453 1498 80.7919
1 4420 1452 1498 80.8689
1 4424 1451 1498 80.9451
1 4427 1451 1498 81.0209
1 4430 1450 1499 81.0978
1 4433 1449 1499 81.1749
1 4434 1449 1499 81.2509
1 4435 1449 1499 81.33
1 4437 1448 1499 81.406
1 4440 1448 1499 81.4819
1 4448 1447 1499 81.558
1 4465 1447 1499 81.633
1 4498 1447 1498 81.7106
1 4540 1448 1496 81.787
1 4567 1448 1496 81.8639
1 4586 1448 1495 81.9399
1 4606 1448 1494 82.0139
1 4628 1448 1494 82.089
1 4647 1448 1493 82.165
1 4661 1448 1493 82.2425
1 4676 1448 1492 82.3244
1 4691 1448 1492 82.399
1 4701 1449 1491 82.474
1 4708 1449 1491 82.5501
1 4715 1449 1491 82.625
1 4721 1449 1491 82.7
1 4725 1449 1491 82.776
1 4728 1449 1491 82.8512
1 4729 1449 1491 82.927
1 4730 1449 1491 83.002
1 4731 1449 1491 83.078
1 4734 1449 1490 83.153
1 4743 1449 1490 83.23
1 4749 1449 1490 83.306
1 4753 1449 1490 83.382
1 4757 1449 1490 83.4573
1 4762 1448 1490 83.532
1 4765 1447 1490 83.607
1 4767 1447 1490 83.6832
1 4768 1447 1490 83.7591
1 4769 1447 1490 83.834
1 4772 1447 1490 83.91
1 4775 1447 1490 83.9861
1 4777 1447 1490 84.0631
1 4780 1447 1490 84.1406
1 4782 1446 1490 84.2171
1 4784 1446 1490 84.292
1 4786 1445 1490 84.3691
1 4787 1445 1490 84.4442
1 4798 1445 1490 84.5191
1 4811 1445 1490 84.5941
1 4818 1445 1489 84.6703
1 4829 1445 1489 84.745
1 4836 1445 1489 84.82
1 4840 1445 1489 84.8941
1 4843 1445 1489 84.9691
1 4844 1445 1488 85.0471
1 4845 1445 1488 85.1241
1 4846 1445 1488 85.2002
1 4847 1445 1488 85.2821
1 4847 1445 1488 85.3572
1 4848 1445 1488 85.4323
1 4848 1445 1488 85.5071
1 4848 1445 1488 85.5831
1 4848 1445 1488 85.6602
1 4848 1445 1488 85.7353
1 4848 1445 1488 85.8101
1 4848 1445 1488 85.8861
1 4848 1445 1488 85.9612
1 4848 1445 1488 86.0362
1 4848 1445 1488 86.1123
1 4848 1445 1488 86.1896
1 4848 1445 1488 86.2662
1 4848 1445 1488 86.3431
1 4848 1445 1488 86.4193
1 4848 1445 1488 86.4953
1 4848 1445 1488 86.5701
1 4849 1445 1488 86.6459
1 4850 1445 1488 86.7229
1 4850 1445 1488 86.7995
1 4850 1445 1488 86.8747
1 4850 1445 1488 86.9462
1 4850 1444 1488 87.0231
1 4850 1444 1488 87.1003
1 4850 1444 1488 87.1752
1 4850 1444 1488 87.2501
1 4850 1444 1488 87.3251
1 4850 1444 1489 87.4002
1 4851 1444 1489 87.4752
1 4851 1444 1489 87.5492
1 4851 1444 1489 87.6242
1 4851 1444 1489 87.6993
1 4851 1444 1489 87.7766
1 4851 1444 1489 87.8513
1 4851 1444 1489 87.9262
1 4851 1444 1489 88.0022
1 4851 1444 1489 88.0793
1 4851 1444 1489 88.1563
1 4851 1444 1489 88.2334
1 4851 1444 1489 88.3062
1 4852 1444 1489 88.3832
1 4852 1444 1489 88.4593
1 4852 1444 1489 88.5352
1 4852 1444 1489 88.6109
1 4852 1444 1489 88.686
1 4853 1444 1489 88.7611
1 4854 1443 1489 88.8389
1 4854 1443 1489 88.9132
1 4855 1443 1489 88.9852
1 4856 1442 1489 89.0602
1 4864 1442 1489 89.1352
1 4869 1441 1490 89.2112
1 4872 1441 1490 89.2862
1 4874 1441 1490 89.3612
1 4904 1441 1491 89.4363
1 4941 1441 1492 89.5112
1 4964 1441 1493 89.5862
1 4978 1441 1493 89.6612
1 4987 1440 1494 89.7383
1 4992 1439 1494 89.8163
1 4995 1439 1494 89.8973
1 4997 1439 1495 89.9722
1 4998 1438 1495 90.0473
1 4998 1438 1495 90.1233
1 5000 1438 1495 90.1993
1 5011 1438 1495 90.2743
1 5024 1439 1495 90.3493
1 5044 1439 1495 90.4252
1 5071 1439 1496 90.5046
1 5092 1440 1496 90.5814
1 5116 1440 1496 90.6573
1 5145 1442 1496 90.7333
1 5174 1442 1496 90.8103
1 5210 1443 1495 90.8855
1 5234 1444 1494 90.9655
1 5279 1445 1494 91.0413
1 5347 1446 1495 91.1173
1 5387 1447 1496 91.1933
1 5405 1447 1496 91.2693
1 5422 1447 1497 91.3443
1 5456 1448 1497 91.4203
1 5487 1448 1498 91.4963
1 5511 1449 1498 91.5714
1 5555 1449 1499 91.6463
1 5611 1450 1500 91.7227
1 5652 1451 1501 91.7983
1 5679 1451 1501 91.8735
1 5713 1452 1502 91.9483
1 5765 1453 1502 92.0233
1 5804 1454 1503 92.0984
1 5821 1454 1504 92.1754
1 5836 1454 1504 92.2503
1 5873 1455 1505 92.3255
1 5927 1456 1506 92.4033
1 5966 1457 1507 92.4805
1 5978 1457 1508 92.5724
1 5967 1457 1509 92.6475
1 5951 1457 1510 92.7225
1 5933 1457 1511 92.7985
1 5902 1457 1512 92.8736
1 5850 1456 1513 92.9507
1 5795 1456 1515 93.0356
1 5765 1456 1516 93.1125
1 5747 1455 1516 93.1884
1 5736 1455 1517 93.2654
1 5721 1455 1517 93.3404
1 5693 1455 1518 93.4156
1 5660 1454 1519 93.4915
1 5646 1455 1520 93.5664
1 5672 1455 1522 93.6414
1 5708 1456 1523 93.7164
1 5731 1457 1524 93.7915
1 5744 1457 1524 93.8664
1 5753 1457 1524 93.9415
1 5762 1458 1525 94.0172
1 5786 1458 1524 94.1014
1 5801 1459 1524 94.1764
1 5837 1460 1523 94.2515
1 5932 1461 1521 94.3264
1 6036 1463 1520 94.4004
1 6117 1464 1520 94.4764
1 6177 1465 1520 94.5534
1 6214 1466 1520 94.6285
1 6239 1466 1520 94.7044
1 6259 1466 1520 94.7796
1 6280 1467 1520 94.8555
1 6300 1467 1521 94.9324
1 6326 1468 1521 95.0096
1 6358 1468 1521 95.0855
1 6388 1469 1521 95.1604
1 6428 1469 1522 95.2364
1 6475 1470 1523 95.3115
1 6509 1471 1524 95.3875
1 6530 1472 1524 95.4644
1 6544 1472 1524 95.5404
1 6563 1473 1525 95.6344
1 6582 1473 1525 95.7127
1 6598 1474 1526 95.7886
1 6617 1474 1526 95.8635
1 6660 1475 1527 95.9385
1 6705 1476 1528 96.0134
1 6732 1477 1529 96.0915
1 6750 1478 1530 96.1814
1 6774 1478 1530 96.2565
1 6798 1479 1531 96.3315
1 6812 1480 1531 96.4065
1 6819 1480 1532 96.4825
1 6830 1481 1532 96.5597
1 6835 1481 1532 96.6465
1 6838 1482 1532 96.7205
1 6838 1483 1532 96.7956
1 6845 1484 1532 96.8705
1 6860 1486 1531 96.9463
1 6866 1488 1530 97.0205
1 6881 1489 1529 97.0975
1 6900 1489 1528 97.1736
1 6912 1490 1528 97.2476
1 6922 1490 1528 97.3236
1 6943 1490 1527 97.3986
1 6990 1490 1526 97.4746
1 7048 1491 1525 97.5507
1 7084 1491 1524 97.6266
1 7107 1491 1523 97.7015
1 7122 1491 1523 97.7775
1 7133 1491 1523 97.8537
1 7140 1491 1522 97.9296
1 7144 1491 1522 98.0068
1 7151 1491 1522 98.0826
1 7168 1492 1521 98.1606
1 7181 1492 1521 98.2516
1 7188 1493 1520 98.3266
1 7194 1493 1520 98.4026
1 7198 1493 1520 98.4775
1 7203 1494 1520 98.5535
1 7206 1494 1520 98.6296
1 7206 1494 1520 98.7047
1 7205 1494 1520 98.7796
1 7204 1494 1520 98.8548
1 7207 1495 1520 98.9306
1 7213 1495 1520 99.0078
1 7219 1495 1520 99.0827
1 7223 1495 1520 99.1608
1 7220 1496 1520 99.2356
1 7218 1496 1520 99.3126
1 7217 1496 1520 99.3886
1 7216 1496 1520 99.4636
1 7216 1496 1520 99.5397
1 7215 1496 1520 99.6148
1 7215 1496 1520 99.6906
1 7215 1496 1520 99.7667
1 7215 1496 1520 99.8426
1 7214 1496 1520 99.9176
1 7214 1496 1520 99.9926
1 7214 1496 1520 100.069
1 7214 1496 1520 100.146
1 7214 1496 1520 100.221
1 7214 1496 1520 100.297
1 7212 1496 1520 100.373
1 7206 1497 1520 100.449
1 7202 1497 1520 100.524
1 7201 1497 1520 100.599
1 7199 1497 1520 100.674
1 7198 1497 1520 100.751
1 7197 1498 1520 100.826
1 7196 1498 1520 100.901
1 7193 1498 1520 100.976
1 7189 1498 1520 101.053
1 7184 1498 1520 101.13
1 7180 1499 1520 101.206
1 7173 1499 1519 101.281
1 7161 1500 1519 101.357
1 7146 1501 1519 101.436
1 7135 1501 1518 101.511
1 7129 1502 1518 101.587
1 7128 1502 1518 101.662
1 7127 1502 1518 101.741
1 7127 1502 1518 101.816
1 7126 1502 1518 101.891
1 7129 1502 1518 101.969
1 7132 1503 1518 102.045
1 7137 1503 1518 102.12
1 7148 1503 1519 102.195
1 7161 1504 1519 102.273
1 7169 1504 1519 102.349
1 7174 1504 1520 102.44
1 7178 1504 1520 102.515
1 7179 1505 1520 102.591
1 7180 1505 1520 102.667
1 7181 1505 1520 102.742
1 7182 1505 1520 102.816
1 7184 1505 1520 102.891
1 7189 1505 1520 102.967
1 7198 1505 1521 103.044
1 7207 1506 1521 103.122
1 7217 1506 1521 103.199
1 7226 1507 1522 103.273
1 7233 1507 1522 103.349
1 7237 1507 1522 103.428
1 7239 1507 1522 103.503
1 7243 1507 1522 103.578
1 7247 1508 1522 103.653
1 7258 1508 1522 103.726
1 7275 1508 1521 103.81
1 7287 1508 1521 103.885
1 7295 1509 1521 103.963
1 7298 1509 1521 104.039
1 7300 1510 1521 104.114
1 7306 1511 1521 104.19
1 7320 1511 1521 104.265
1 7343 1512 1521 104.341
1 7362 1513 1520 104.416
1 7376 1514 1520 104.495
1 7397 1514 1520 104.57
1 7412 1515 1520 104.646
1 7427 1515 1519 104.721
1 7445 1515 1519 104.797
1 7460 1516 1518 104.872
1 7473 1516 1518 104.949
1 7488 1516 1517 105.027
1 7509 1516 1517 105.102
1 7529 1516 1516 105.179
1 7545 1516 1516 105.255
1 7562 1517 1515 105.333
1 7574 1517 1515 105.407
1 7585 1517 1515 105.483
1 7603 1517 1514 105.558
1 7619 1518 1514 105.632
1 7637 1518 1515 105.705
1 7658 1519 1516 105.78
1 7674 1520 1517 105.855
1 7687 1521 1517 105.931
1 7696 1521 1517 106.007
1 7711 1522 1517 106.083
1 7733 1522 1517 106.161
1 7754 1522 1517 106.237
1 7774 1523 1516 106.312
1 7790 1523 1516 106.387
1 7801 1523 1516 106.463
1 7814 1523 1515 106.541
1 7830 1523 1515 106.621
1 7845 1523 1514 106.697
1 7858 1523 1514 106.773
1 7873 1524 1513 106.848
1 7888 1524 1513 106.924
1 7899 1524 1512 107.001
1 7908 1524 1512 107.077
1 7917 1524 1512 107.152
1 7933 1524 1511 107.228
1 7959 1524 1510 107.304
1 7983 1524 1509 107.38
1 8004 1525 1509 107.458
1 8028 1525 1508 107.534
1 8051 1525 1507 107.608
1 8066 1525 1506 107.683
1 8077 1525 1506 107.758
1 8086 1525 1506 107.833
1 8096 1526 1505 107.908
1 8112 1526 1505 107.983
1 8131 1526 1504 108.059
1 8150 1527 1505 108.134
1 8165 1527 1505 108.21
1 8178 1528 1505 108.286
1 8190 1528 1505 108.362
1 8210 1529 1504 108.44
1 8231 1529 1504 108.517
1 8246 1529 1504 108.593
1 8262 1530 1503 108.669
1 8281 1530 1502 108.744
1 8300 1530 1502 108.82
1 8313 1530 1501 108.896
1 8324 1530 1501 108.971
1 8335 1530 1500 109.049
1 8346 1531 1500 109.125
1 8365 1531 1499 109.2
1 8394 1531 1498 109.277
1 8421 1532 1497 109.353
1 8439 1532 1496 109.43
1 8455 1532 1495 109.506
1 8469 1533 1495 109.597
1 8481 1533 1494 109.673
1 8491 1533 1493 109.749
1 8502 1533 1493 109.823
1 8520 1534 1492 109.898
1 8537 1534 1491 109.974
1 8552 1534 1490 110.049
1 8565 1534 1489 110.123
1 8577 1534 1488 110.198
1 8587 1535 1487 110.273
1 8598 1535 1487 110.348
1 8609 1535 1486 110.425
1 8617 1535 1486 110.502
1 8626 1535 1485 110.577
1 8632 1535 1485 110.653
1 8639 1535 1484 110.728
1 8649 1535 1484 110.823
1 8664 1535 1484 110.899
1 8682 1535 1483 110.974
1 8701 1535 1483 111.049
1 8718 1534 1482 111.124
1 8737 1534 1482 111.199
1 8764 1534 1482 111.276
1 8799 1533 1482 111.352
1 8832 1532 1481 111.429
1 8857 1532 1480 111.505
1 8872 1532 1480 111.582
1 8878 1532 1479 111.657
1 8878 1531 1478 111.733
1 8880 1531 1478 111.811
1 8882 1531 1477 111.887
1 8884 1530 1477 111.963
1 8887 1530 1476 112.038
1 8888 1530 1476 112.114
1 8887 1530 1476 112.19
1 8885 1530 1475 112.268
1 8882 1530 1475 112.343
1 8877 1530 1475 112.418
1 8872 1530 1474 112.493
1 8867 1529 1474 112.568
1 8862 1529 1473 112.643
1 8862 1529 1473 112.721
1 8864 1528 1473 112.797
1 8862 1528 1473 112.873
1 8861 1528 1472 112.949
1 8866 1528 1472 113.024
1 8871 1528 1472 113.099
1 8872 1527 1471 113.176
1 8873 1527 1471 113.252
1 8873 1527 1471 113.327
1 8871 1526 1471 113.403
1 8867 1526 1470 113.481
1 8857 1525 1470 113.559
1 8847 1525 1470 113.638
1 8841 1525 1469 113.714
1 8839 1524 1469 113.792
1 8839 1524 1469 113.867
1 8840 1524 1469 113.949
1 8839 1524 1469 114.025
1 8838 1524 1469 114.1
1 8835 1524 1469 114.176
1 8832 1523 1468 114.253
1 8831 1523 1468 114.33
1 8834 1522 1468 114.406
1 8834 1521 1468 114.484
1 8832 1520 1467 114.559
1 8834 1519 1467 114.636
1 8843 1518 1467 114.712
1 8857 1517 1467 114.789
1 8875 1517 1467 114.866
1 8888 1516 1467 114.942
1 8894 1516 1467 115.018
1 8892 1515 1467 115.093
1 8881 1515 1466 115.168
1 8867 1514 1466 115.244
1 8856 1514 1466 115.319
1 8849 1514 1465 115.394
1 8842 1514 1465 115.471
1 8835 1513 1465 115.548
1 8823 1513 1465 115.623
1 8804 1512 1464 115.698
1 8782 1512 1464 115.775
1 8757 1511 1463 115.851
1 8741 1511 1463 115.93
1 8730 1510 1462 116.007
1 8724 1510 1462 116.084
1 8720 1510 1462 116.16
1 8714 1510 1462 116.235
1 8707 1510 1462 116.311
1 8699 1510 1462 116.389
1 8693 1509 1461 116.468
1 8690 1509 1461 116.543
1 8690 1509 1460 116.618
1 8690 1510 1460 116.695
1 8690 1510 1460 116.77
1 8688 1510 1459 116.846
1 8678 1509 1459 116.921
1 8664 1509 1458 116.996
1 8654 1509 1458 117.072
1 8649 1509 1457 117.148
1 8645 1509 1457 117.224
1 8643 1509 1457 117.3
1 8643 1509 1457 117.375
1 8643 1509 1456 117.451
1 8643 1509 1456 117.528
1 8643 1509 1456 117.605
1 8644 1509 1456 117.682
1 8648 1509 1456 117.756
1 8650 1509 1456 117.834
1 8645 1509 1455 117.91
1 8630 1508 1455 117.987
1 8617 1508 1454 118.063
1 8609 1508 1454 118.145
1 8599 1508 1454 118.22
1 8586 1507 1453 118.296
1 8575 1507 1453 118.372
1 8565 1507 1453 118.449
1 8556 1507 1452 118.527
1 8547 1507 1452 118.602
1 8531 1506 1452 118.678
1 8514 1505 1451 118.753
1 8499 1505 1451 118.831
1 8490 1504 1451 118.907
1 8476 1503 1450 118.982
1 8460 1502 1450 119.058
1 8447 1502 1450 119.133
1 8432 1501 1449 119.209
1 8416 1501 1449 119.284
1 8397 1500 1448 119.36
1 8382 1500 1448 119.435
1 8367 1500 1448 119.51
1 8353 1499 1448 119.586
1 8336 1499 1447 119.661
1 8319 1498 1447 119.735
1 8310 1497 1447 119.811
1 8307 1496 1446 119.886
1 8311 1495 1446 119.963
1 8317 1494 1446 120.04
1 8324 1494 1446 120.115
1 8330 1493 1446 120.19
1 8338 1493 1446 120.265
1 8343 1493 1447 120.34
1 8349 1493 1447 120.415
1 8356 1492 1447 120.491
1 8366 1492 1447 120.567
1 8375 1491 1447 120.643
1 8377 1491 1447 120.72
1 8374 1491 1447 120.796
1 8369 1491 1447 120.872
1 8365 1490 1447 120.949
1 8354 1490 1446 121.025
1 8334 1490 1446 121.102
1 8316 1489 1446 121.179
1 8299 1488 1445 121.255
1 8284 1487 1445 121.331
1 8276 1486 1445 121.408
1 8268 1486 1445 121.483
1 8255 1486 1445 121.56
1 8245 1485 1444 121.636
1 8235 1485 1444 121.712
1 8229 1485 1444 121.787
1 8228 1484 1444 121.863
1 8226 1484 1444 121.939
1 8216 1483 1444 122.018
1 8199 1483 1443 122.092
1 8182 1482 1443 122.166
1 8169 1481 1443 122.242
1 8153 1480 1443 122.318
1 8139 1480 1442 122.392
1 8131 1479 1442 122.467
1 8124 1478 1442 122.543
1 8121 1478 1442 122.619
1 8118 1477 1442 122.693
1 8116 1477 1442 122.769
1 8117 1476 1442 122.844
1 8114 1475 1442 122.919
1 8109 1475 1442 122.994
1 8106 1475 1442 123.067
1 8105 1474 1442 123.145
1 8105 1474 1442 123.222
1 8104 1474 1442 123.297
1 8102 1474 1442 123.374
1 8097 1474 1442 123.449
1 8078 1473 1441 123.524
1 8056 1473 1441 123.599
1 8041 1472 1441 123.676
1 8027 1472 1441 123.752
1 8014 1472 1440 123.826
1 8008 1471 1440 123.902
1 8007 1471 1440 123.977
1 8007 1470 1440 124.051
1 8007 1470 1440 124.126
1 8007 1470 1440 124.202
1 8009 1469 1440 124.279
1 8013 1469 1441 124.354
1 8017 1469 1441 124.429
1 8014 1468 1441 124.504
1 8011 1468 1441 124.578
1 7998 1467 1440 124.653
1 7976 1466 1440 124.726
1 7954 1465 1440 124.802
1 7937 1464 1440 124.877
1 7926 1464 1439 124.952
1 7920 1463 1439 125.026
1 7919 1463 1439 125.101
1 7920 1462 1439 125.18
1 7925 1461 1440 125.257
1 7930 1461 1440 125.332
1 7933 1460 1440 125.408
1 7934 1459 1440 125.484
1 7936 1459 1440 125.56
1 7940 1458 1440 125.635
1 7944 1458 1440 125.71
1 7949 1457 1440 125.785
1 7954 1457 1441 125.861
1 7960 1456 1441 125.937
1 7966 1456 1441 126.014
1 7970 1455 1441 126.089
1 7974 1455 1441 126.166
1 7986 1455 1441 126.243
1 7999 1455 1442 126.324
1 8008 1455 1442 126.399
1 8024 1455 1442 126.474
1 8048 1455 1443 126.549
1 8078 1456 1443 126.623
1 8123 1456 1444 126.699
1 8155 1456 1445 126.777
1 8177 1456 1445 126.853
1 8195 1456 1446 126.93
1 8210 1455 1446 127.008
1 8223 1454 1446 127.083
1 8234 1454 1446 127.158
1 8240 1453 1447 127.234
1 8243 1453 1447 127.313
1 8248 1452 1447 127.388
1 8257 1451 1447 127.463
1 8264 1451 1447 127.538
1 8269 1450 1448 127.614
1 8274 1449 1448 127.689
1 8277 1449 1448 127.764
1 8280 1448 1449 127.84
1 8281 1448 1449 127.918
1 8284 1447 1449 127.995
1 8289 1447 1450 128.071
1 8292 1446 1450 128.149
1 8293 1445 1450 128.225
1 8295 1445 1451 128.302
1 8312 1445 1451 128.378
1 8342 1445 1452 128.454
1 8368 1445 1453 128.529
1 8384 1446 1453 128.604
1 8394 1446 1453 128.68
1 8408 1446 1454 128.755
1 8434 1446 1454 128.83
1 8454 1446 1455 128.905
1 8471 1447 1455 128.981
1 8494 1447 1456 129.057
1 8518 1447 1456 129.137
1 8536 1448 1457 129.213
1 8559 1448 1457 129.288
1 8590 1449 1458 129.366
1 8617 1449 1458 129.44
1 8640 1450 1459 129.516
1 8670 1450 1460 129.591
1 8726 1451 1462 129.666
1 8774 1452 1464 129.741
1 8803 1452 1464 129.817
1 8828 1453 1465 129.894
1 8861 1454 1466 129.97
1 8896 1455 1466 130.047
1 8917 1455 1467 130.127
1 8931 1456 1467 130.202
1 8946 1456 1468 130.281
1 8957 1456 1469 130.357
1 8958 1456 1470 130.433
1 8957 1456 1471 130.509
1 8954 1456 1471 130.584
1 8947 1455 1472 130.66
1 8938 1455 1473 130.736
1 8930 1454 1474 130.811
1 8923 1454 1474 130.885
1 8915 1454 1475 130.96
1 8900 1453 1475 131.036
1 8880 1453 1475 131.111
1 8868 1453 1475 131.188
1 8862 1453 1475 131.263
1 8857 1452 1475 131.338
1 8849 1452 1475 131.428
1 8839 1451 1475 131.502
1 8817 1451 1475 131.577
1 8789 1450 1474 131.652
1 8772 1450 1474 131.727
1 8759 1449 1474 131.802
1 8729 1448 1474 131.877
1 8699 1447 1474 131.952
1 8681 1446 1473 132.027
1 8668 1446 1473 132.103
1 8657 1445 1474 132.178
1 8649 1445 1474 132.254
1 8644 1444 1474 132.332
1 8634 1444 1475 132.408
1 8619 1444 1476 132.483
1 8604 1443 1476 132.559
1 8589 1443 1477 132.634
1 8570 1443 1478 132.71
1 8557 1443 1479 132.787
1 8545 1442 1480 132.863
1 8531 1442 1481 132.939
1 8522 1442 1482 133.015
1 8512 1442 1483 133.091
1 8501 1442 1483 133.167
1 8484 1442 1484 133.241
1 8463 1441 1485 133.316
1 8448 1441 1486 133.391
1 8444 1441 1487 133.471
1 8440 1441 1489 133.547
1 8436 1441 1490 133.622
1 8432 1441 1490 133.697
1 8428 1441 1491 133.772
1 8424 1441 1492 133.852
1 8420 1441 1492 133.929
1 8412 1441 1493 134.007
1 8401 1441 1493 134.082
1 8393 1441 1494 134.157
1 8390 1441 1494 134.233
1 8393 1441 1495 134.309
1 8403 1442 1496 134.386
1 8416 1442 1497 134.464
1 8431 1442 1497 134.539
1 8452 1443 1498 134.614
1 8478 1443 1498 134.689
1 8500 1444 1499 134.764
1 8519 1444 1499 134.847
1 8531 1444 1499 134.923
1 8538 1444 1499 134.998
1 8544 1444 1500 135.075
1 8547 1444 1500 135.153
1 8549 1445 1500 135.229
1 8550 1445 1500 135.305
1 8551 1445 1500 135.381
1 8551 1445 1500 135.456
1 8552 1445 1500 135.53
1 8552 1445 1500 135.606
1 8552 1445 1500 135.68
1 8552 1445 1500 135.754
1 8552 1445 1500 135.829
1 8552 1445 1500 135.927
1 8552 1445 1500 136.001
1 8552 1445 1500 136.076
1 8552 1445 1500 136.151
1 8552 1445 1500 136.227
1 8552 1445 1500 136.303
1 8552 1445 1500 136.379
1 8552 1445 1500 136.454
1 8552 1445 1500 136.535
1 8553 1445 1500 136.61
1 8556 1445 1500 136.686
1 8560 1445 1500 136.761
1 8563 1445 1500 136.837
1 8564 1445 1500 136.916
1 8565 1445 1500 136.996
1 8566 1445 1500 137.071
1 8567 1445 1500 137.147
1 8568 1445 1500 137.222
1 8568 1445 1500 137.298
1 8569 1445 1500 137.373
1 8569 1445 1500 137.449
1 8569 1445 1500 137.538
1 8569 1445 1500 137.619
1 8569 1445 1500 137.695
1 8569 1445 1500 137.771
1 8569 1445 1500 137.846
1 8569 1445 1500 137.921
1 8569 1445 1500 138.006
1 8569 1445 1500 138.081
1 8569 1446 1500 138.156
1 8569 1446 1500 138.232
1 8569 1446 1500 138.308
1 8569 1446 1500 138.383
1 8569 1446 1500 138.46
1 8570 1446 1500 138.537
1 8570 1446 1500 138.612
1 8570 1446 1500 138.688
1 8570 1446 1500 138.765
1 8570 1446 1500 138.84
1 8570 1446 1500 138.915
1 8570 1446 1500 138.991
1 8570 1446 1500 139.068
1 8570 1446 1500 139.144
1 8570 1446 1500 139.22
1 8570 1446 1500 139.296
1 8570 1446 1500 139.371
1 8570 1446 1500 139.447
1 8570 1446 1500 139.525
1 8570 1446 1500 139.602
1 8570 1446 1500 139.737
