NaN 2700 1500 1496 15.1415
NaN 1620 1500 1494 15.2275
NaN 971 1500 1493 15.3024
NaN 583 1500 1492 15.3793
NaN 349 1500 1492 15.4533
NaN 209 1500 1492 15.5272
NaN 125 1500 1492 15.6028
NaN 75 1500 1491 15.6773
NaN 45 1500 1491 15.7513
NaN 27 1500 1491 15.8273
NaN 16 1500 1491 15.9012
NaN 9 1500 1491 15.975
NaN 5 1500 1491 16.0484
NaN 3 1500 1491 16.124
NaN 2 1500 1491 16.1982
NaN 1 1500 1491 16.273
NaN 0 1500 1491 16.3481
NaN 0 1500 1491 16.4226
NaN 0 1500 1491 16.4976
NaN 0 1500 1491 16.5726
NaN 0 1500 1491 16.6496
NaN 0 1500 1491 16.7257
NaN 0 1500 1491 16.8011
NaN 0 1500 1491 16.8772
NaN 0 1500 1491 16.952
NaN 0 1500 1491 17.0271
NaN 0 1500 1491 17.1021
NaN 0 1500 1491 17.1783
NaN 0 1500 1491 17.2543
NaN 0 1500 1491 17.3314
NaN 0 1500 1491 17.4073
NaN 0 1500 1491 17.4822
NaN 0 1500 1491 17.5572
NaN 0 1500 1491 17.632
NaN 0 1500 1491 17.7073
NaN 0 1500 1491 17.7813
NaN 0 1500 1491 17.8556
NaN 0 1500 1491 17.9325
NaN 0 1500 1491 18.0151
NaN 0 1500 1491 18.0927
NaN 0 1500 1491 18.1689
NaN 0 1500 1491 18.2441
NaN 0 1500 1491 18.3224
NaN 0 1500 1491 18.399
NaN 0 1500 1491 18.4716
NaN 0 1500 1491 18.5466
NaN 0 1500 1491 18.6216
NaN 0 1500 1491 18.6977
NaN 0 1500 1491 18.7735
NaN 0 1500 1491 18.8502
NaN 0 1500 1491 18.9258
NaN 0 1500 1491 19.0027
NaN 0 1500 1491 19.0814
NaN 0 1500 1491 19.1697
NaN 0 1500 1491 19.2451
NaN 0 1500 1491 19.3217
NaN 0 1500 1491 19.3991
NaN 0 1500 1491 19.4735
NaN 0 1500 1491 19.5492
NaN 0 1500 1491 19.6266
NaN 0 1500 1491 19.7034
NaN 0 1500 1491 19.7788
NaN 0 1500 1491 19.8551
NaN 0 1500 1491 19.9309
NaN 0 1500 1491 20.0073
NaN 0 1500 1491 20.0829
NaN 0 1500 1491 20.1591
NaN 0 1500 1491 20.2341
NaN 0 1500 1491 20.3091
NaN 0 1500 1491 20.3843
NaN 0 1500 1491 20.4593
NaN 0 1500 1491 20.5332
NaN 0 1500 1491 20.6103
NaN 0 1500 1491 20.6849
NaN 0 1500 1491 20.7608
NaN 0 1500 1491 20.8373
NaN 0 1500 1491 20.9128
NaN 0 1500 1491 20.9889
NaN 0 1500 1491 21.0655
NaN 0 1500 1491 21.1427
NaN 0 1500 1491 21.2192
NaN 0 1500 1491 21.2963
NaN 0 1500 1491 21.372
NaN 0 1500 1491 21.4489
NaN 0 1500 1491 21.5244
NaN 0 1500 1491 21.5999
NaN 0 1500 1491 21.6759
NaN 0 1500 1491 21.7516
NaN 0 1500 1491 21.828
NaN 0 1500 1491 21.9041
NaN 0 1500 1491 21.9797
NaN 0 1500 1491 22.0572
NaN 0 1500 1491 22.1324
NaN 0 1500 1491 22.2075
NaN 0 1500 1491 22.2824
NaN 0 1500 1491 22.3588
NaN 0 1500 1491 22.4356
NaN 0 1500 1491 22.5171
NaN 0 1500 1491 22.6001
NaN 0 1500 1491 22.6729
NaN 0 1500 1491 22.7477
NaN 0 1500 1491 22.8226
NaN 0 1500 1491 22.8982
NaN 0 1500 1491 22.9722
NaN 0 1500 1491 23.0455
NaN 0 1500 1491 23.1194
NaN 0 1500 1491 23.1918
NaN 0 1500 1491 23.2667
NaN 0 1500 1491 23.3419
NaN 0 1500 1491 23.4172
NaN 0 1500 1491 23.4938
NaN 0 1500 1491 23.569
NaN 0 1500 1491 23.6441
NaN 0 1500 1491 23.7195
NaN 0 1500 1491 23.7918
NaN 0 1500 1491 23.8668
NaN 0 1500 1491 23.9418
NaN 0 1500 1491 24.0169
NaN 0 1500 1491 24.0925
NaN 0 1500 1491 24.1674
NaN 0 1500 1491 24.2418
NaN 0 1500 1491 24.3178
NaN 0 1500 1491 24.3935
NaN 41 1497 1491 24.4678
NaN 180 1491 1493 24.5434
NaN 322 1486 1495 24.6183
NaN 467 1483 1498 24.6956
NaN 622 1485 1501 24.7695
NaN 829 1490 1507 24.8438
NaN 965 1496 1511 24.9181
NaN 1021 1501 1512 24.9945
NaN 1092 1505 1511 25.069
NaN 1227 1508 1505 25.1433
NaN 1359 1509 1498 25.2184
NaN 1345 1508 1492 25.2934
NaN 1139 1503 1487 25.3681
NaN 843 1498 1485 25.4426
NaN 506 1497 1488 25.5179
NaN 303 1499 1490 25.5971
NaN 182 1500 1492 25.6725
NaN 109 1500 1494 25.7472
NaN 65 1500 1496 25.8221
NaN 39 1500 1497 25.8973
NaN 23 1500 1497 25.9725
NaN 14 1499 1497 26.0474
NaN 8 1499 1497 26.1232
NaN 5 1499 1498 26.1981
NaN 3 1499 1498 26.2733
NaN 1 1499 1498 26.3488
NaN 1 1499 1498 26.4232
NaN 0 1499 1498 26.4982
NaN 0 1499 1498 26.5732
NaN 0 1499 1498 26.6517
NaN 0 1499 1498 26.7249
NaN 0 1499 1498 26.8001
NaN 0 1499 1498 26.8762
NaN 0 1500 1498 26.9516
NaN 0 1500 1498 27.0263
NaN 0 1500 1498 27.1017
NaN 0 1499 1498 27.1765
NaN 0 1499 1498 27.2506
NaN 0 1499 1498 27.3264
NaN 0 1499 1498 27.4011
NaN 0 1499 1498 27.4748
NaN 0 1499 1498 27.5499
NaN 0 1499 1498 27.6247
NaN 0 1499 1498 27.6988
NaN 0 1499 1498 27.7699
NaN 0 1499 1498 27.8449
NaN 0 1499 1498 27.9199
NaN 0 1499 1498 27.9959
NaN 0 1499 1498 28.0709
NaN 0 1499 1498 28.1471
NaN 0 1499 1498 28.2229
NaN 0 1499 1498 28.3009
NaN 0 1499 1498 28.376
0 0 1499 1498 28.451
0 0 1499 1498 28.526
0 0 1499 1498 28.6009
0 0 1499 1498 28.6767
0 0 1499 1497 28.751
0 0 1499 1497 28.8264
0 0 1499 1497 28.9011
0 0 1499 1497 28.9761
0 0 1499 1497 29.051
0 0 1499 1497 29.1271
0 0 1499 1497 29.2053
0 0 1499 1497 29.281
0 0 1499 1497 29.3561
0 0 1499 1497 29.432
0 0 1499 1497 29.509
0 0 1499 1497 29.583
0 0 1499 1498 29.6571
0 14 1499 1498 29.7321
0 57 1499 1499 29.8081
0 93 1499 1499 29.883
0 118 1499 1499 29.957
0 135 1499 1499 30.032
0 147 1499 1499 30.107
0 167 1499 1499 30.182
0 200 1500 1499 30.2574
0 250 1500 1499 30.3326
0 312 1500 1499 30.4075
0 357 1500 1499 30.4829
0 385 1500 1499 30.5583
0 403 1500 1499 30.6332
0 417 1499 1499 30.7168
0 428 1499 1499 30.7916
0 435 1499 1499 30.8669
0 444 1499 1499 30.9417
0 455 1499 1499 31.017
0 469 1499 1499 31.0928
0 491 1499 1500 31.1676
0 507 1499 1500 31.2423
0 523 1499 1500 31.3174
0 543 1499 1500 31.3939
0 558 1498 1500 31.4685
0 568 1498 1500 31.5449
0 574 1498 1500 31.6196
0 579 1498 1500 31.6948
0 583 1498 1500 31.7689
0 594 1498 1500 31.8434
0 621 1498 1500 31.9184
0 661 1498 1500 31.9923
0 696 1499 1500 32.0669
0 721 1499 1500 32.141
0 744 1499 1500 32.2157
0 763 1499 1500 32.2888
0 787 1499 1500 32.3633
0 821 1499 1500 32.4395
0 857 1499 1500 32.5146
0 888 1499 1499 32.5905
0 908 1498 1499 32.6657
0 921 1498 1499 32.7402
0 934 1498 1499 32.8157
0 945 1498 1499 32.8906
0 954 1498 1499 32.9657
0 961 1498 1499 33.0404
0 969 1497 1499 33.1157
0 974 1497 1499 33.1915
0 977 1497 1499 33.2667
0 981 1497 1499 33.3422
0 989 1497 1499 33.4178
0 997 1497 1499 33.4949
0 1006 1497 1499 33.5679
0 1026 1497 1500 33.6427
0 1050 1497 1500 33.7174
0 1066 1497 1500 33.7931
0 1077 1497 1500 33.8685
0 1091 1497 1500 33.9435
0 1105 1497 1499 34.0192
0 1122 1497 1500 34.0948
0 1149 1497 1500 34.1694
0 1176 1497 1500 34.2444
0 1192 1497 1500 34.3186
0 1203 1497 1499 34.3902
0 1209 1497 1499 34.4652
0 1214 1497 1499 34.5394
0 1221 1497 1499 34.6162
0 1228 1497 1499 34.6912
0 1234 1497 1499 34.7662
0 1239 1497 1499 34.8413
0 1243 1497 1499 34.9162
0 1252 1497 1499 34.9908
0 1269 1497 1499 35.0664
0 1288 1497 1499 35.1416
0 1301 1497 1499 35.2164
0 1308 1497 1499 35.2911
0 1314 1497 1499 35.3667
0 1318 1497 1499 35.4429
0 1336 1497 1500 35.5197
0 1363 1498 1500 35.5949
0 1382 1498 1500 35.6705
0 1398 1498 1499 35.7477
0 1414 1498 1499 35.8281
0 1433 1498 1499 35.9032
0 1457 1498 1499 35.9786
0 1487 1498 1499 36.0512
0 1518 1498 1499 36.1282
0 1545 1498 1499 36.2042
0 1572 1497 1499 36.2794
0 1603 1497 1499 36.3552
0 1632 1497 1498 36.4302
0 1655 1496 1498 36.5062
0 1676 1496 1498 36.5822
0 1692 1496 1498 36.6563
0 1707 1495 1498 36.7314
0 1726 1495 1498 36.8058
0 1743 1495 1498 36.8815
0 1761 1495 1498 36.9605
0 1781 1494 1497 37.035
0 1811 1494 1497 37.1087
0 1836 1494 1497 37.1902
0 1862 1494 1497 37.264
0 1884 1494 1497 37.3385
0 1898 1494 1497 37.4113
0 1913 1494 1497 37.4863
0 1927 1495 1497 37.5623
0 1936 1495 1497 37.6413
0 1942 1495 1497 37.7174
0 1946 1495 1497 37.7943
0 1949 1495 1497 37.8698
0 1954 1495 1496 37.9453
0 1957 1495 1496 38.0203
0 1960 1495 1496 38.0953
0 1961 1495 1496 38.1703
0 1964 1495 1496 38.2465
0 1971 1495 1496 38.3213
0 1977 1495 1496 38.3966
0 1983 1495 1497 38.4721
0 1987 1495 1497 38.5476
0 1989 1495 1497 38.6226
0 1994 1495 1497 38.6971
0 1998 1495 1497 38.7709
0 2011 1495 1497 38.844
0 2034 1495 1497 38.9184
0 2061 1495 1497 38.9935
0 2087 1495 1497 39.0677
0 2104 1495 1497 39.1417
0 2117 1495 1497 39.2179
0 2129 1495 1497 39.2932
0 2141 1495 1497 39.3669
0 2159 1495 1497 39.4417
0 2194 1495 1497 39.5172
0 2233 1495 1496 39.5907
0 2261 1495 1496 39.6653
0 2286 1495 1496 39.7411
0 2310 1494 1496 39.8161
0 2332 1494 1496 39.8906
0 2351 1494 1495 39.9655
0 2384 1494 1495 40.0403
0 2421 1494 1495 40.1162
0 2448 1494 1495 40.1915
0 2465 1493 1495 40.2674
0 2478 1493 1495 40.3426
0 2488 1493 1495 40.4178
0 2498 1493 1495 40.4923
0 2512 1493 1495 40.568
0 2527 1493 1495 40.6424
0 2537 1492 1495 40.7183
0 2548 1492 1495 40.7955
0 2564 1492 1495 40.8711
0 2585 1491 1494 40.9469
0 2612 1491 1494 41.022
0 2635 1491 1494 41.0964
0 2655 1491 1494 41.1709
0 2675 1491 1494 41.2458
0 2698 1491 1494 41.32
0 2729 1491 1494 41.3936
0 2759 1491 1494 41.4675
0 2785 1491 1494 41.5415
0 2814 1491 1494 41.6157
0 2833 1491 1494 41.6894
0 2847 1491 1494 41.7652
0 2862 1492 1494 41.8406
0 2879 1492 1494 41.9165
0 2897 1492 1494 41.9922
0 2920 1492 1495 42.0668
0 2946 1493 1495 42.1418
0 2976 1493 1495 42.2167
0 3008 1494 1495 42.2938
0 3037 1494 1495 42.3745
0 3062 1495 1495 42.4507
0 3084 1495 1495 42.527
0 3115 1495 1495 42.6018
0 3154 1495 1494 42.6775
0 3196 1495 1494 42.7548
0 3233 1495 1494 42.8296
0 3257 1495 1494 42.9069
0 3272 1495 1494 42.9845
0 3282 1494 1494 43.0598
0 3289 1494 1494 43.135
0 3299 1494 1493 43.2101
0 3311 1494 1493 43.285
0 3322 1494 1493 43.3607
0 3331 1494 1493 43.4428
0 3339 1494 1493 43.5186
0 3362 1494 1493 43.5932
0 3385 1494 1493 43.6681
0 3399 1494 1493 43.7425
0 3415 1494 1493 43.818
0 3436 1494 1493 43.894
0 3476 1494 1493 43.9703
0 3520 1494 1492 44.0524
0 3553 1494 1492 44.1261
0 3578 1494 1492 44.2006
0 3610 1494 1492 44.2759
0 3645 1494 1492 44.3511
0 3669 1494 1492 44.4262
0 3684 1494 1492 44.5088
0 3694 1494 1492 44.5819
0 3701 1494 1492 44.6565
0 3707 1494 1492 44.7325
0 3723 1494 1492 44.8087
0 3738 1494 1492 44.8837
0 3753 1495 1492 44.959
0 3766 1495 1492 45.0447
0 3776 1495 1492 45.1194
0 3786 1495 1492 45.1941
0 3800 1495 1492 45.2689
0 3815 1496 1492 45.3442
0 3838 1496 1493 45.4187
0 3861 1496 1493 45.4948
0 3891 1497 1493 45.5702
0 3936 1497 1493 45.6446
0 3965 1497 1493 45.7196
0 3985 1497 1492 45.7947
0 3999 1497 1492 45.8706
0 4007 1497 1492 45.9448
0 4012 1497 1492 46.0192
0 4015 1497 1492 46.0929
0 4017 1497 1492 46.1668
0 4023 1497 1492 46.241
0 4034 1497 1492 46.3148
0 4041 1497 1491 46.3902
0 4047 1497 1491 46.4643
0 4053 1497 1491 46.5402
0 4059 1497 1491 46.6149
0 4063 1497 1491 46.69
0 4067 1497 1491 46.7649
0 4070 1497 1491 46.8414
0 4072 1497 1491 46.9171
0 4073 1497 1491 46.9921
0 4074 1497 1491 47.0672
0 4077 1497 1491 47.1421
0 4080 1497 1491 47.218
0 4082 1497 1491 47.293
0 4085 1497 1491 47.3695
0 4092 1497 1491 47.4469
0 4104 1497 1491 47.5232
0 4122 1497 1491 47.6088
0 4144 1497 1491 47.6847
0 4170 1497 1491 47.7606
0 4196 1497 1491 47.837
0 4217 1497 1491 47.9114
0 4234 1497 1491 47.9864
0 4249 1497 1491 48.0611
0 4258 1497 1491 48.1461
0 4263 1497 1491 48.2181
0 4269 1498 1491 48.2906
0 4278 1498 1491 48.3659
0 4285 1498 1491 48.4407
0 4291 1498 1491 48.5159
0 4296 1498 1491 48.5902
0 4301 1498 1491 48.6652
0 4308 1498 1491 48.7394
0 4319 1498 1491 48.8153
0 4329 1498 1491 48.8903
0 4338 1498 1491 48.9654
0 4351 1498 1491 49.0407
0 4364 1498 1491 49.1157
0 4372 1498 1491 49.1908
NaN 4377 1498 1491 49.2668
NaN 4380 1498 1490 49.3422
NaN 4382 1498 1490 49.4171
NaN 4383 1497 1490 49.4927
NaN 4383 1497 1490 49.5688
NaN 4384 1497 1490 49.6452
NaN 4384 1497 1490 49.7202
NaN 4384 1497 1490 49.7955
NaN 4384 1497 1490 49.8708
NaN 4384 1497 1490 49.9471
NaN 4384 1497 1490 50.0225
NaN 4384 1497 1490 50.0992
NaN 4384 1497 1490 50.1785
NaN 4384 1497 1490 50.2508
NaN 4384 1497 1490 50.3257
NaN 4384 1497 1490 50.4009
NaN 4384 1497 1490 50.4753
NaN 4384 1497 1490 50.5506
1 4384 1497 1490 50.6244
1 4384 1497 1490 50.6982
1 4387 1497 1491 50.7708
1 4394 1497 1491 50.8448
1 4402 1497 1491 50.9199
1 4410 1497 1491 50.9948
1 4421 1496 1491 51.0698
1 4436 1496 1491 51.1458
1 4448 1495 1491 51.2197
1 4454 1495 1491 51.2956
1 4448 1495 1492 51.3687
1 4439 1494 1492 51.4438
1 4438 1494 1493 51.5209
1 4449 1494 1494 51.5968
1 4467 1493 1494 51.6735
1 4479 1493 1495 51.7475
1 4489 1493 1495 51.832
1 4498 1492 1495 51.9074
1 4511 1492 1496 51.9845
1 4520 1491 1496 52.059
1 4529 1491 1496 52.1345
1 4541 1490 1497 52.2098
1 4556 1490 1497 52.2851
1 4571 1489 1497 52.3604
1 4585 1488 1497 52.4351
1 4593 1488 1498 52.5102
1 4596 1487 1498 52.5848
1 4597 1487 1499 52.6599
1 4588 1486 1500 52.7356
1 4580 1485 1500 52.8129
1 4572 1485 1501 52.8878
1 4567 1484 1501 52.9629
1 4568 1484 1502 53.037
1 4570 1484 1502 53.1108
1 4578 1483 1502 53.1856
1 4593 1482 1502 53.2612
1 4608 1481 1503 53.3364
1 4618 1481 1503 53.4106
1 4627 1480 1503 53.4851
1 4633 1480 1503 53.5602
1 4638 1480 1503 53.6355
1 4647 1479 1503 53.7095
1 4663 1478 1502 53.7843
1 4678 1478 1501 53.8601
1 4692 1477 1499 53.9355
1 4711 1475 1497 54.0102
1 4733 1474 1495 54.0852
1 4755 1473 1495 54.1604
1 4780 1471 1494 54.2531
1 4808 1469 1494 54.3286
1 4835 1467 1495 54.4031
1 4859 1465 1495 54.478
1 4879 1463 1495 54.5509
1 4897 1462 1496 54.6259
1 4913 1460 1496 54.7049
1 4927 1459 1497 54.7809
1 4937 1458 1497 54.857
1 4943 1457 1497 54.9339
1 4950 1456 1497 55.009
1 4957 1455 1497 55.0839
1 4963 1455 1498 55.1599
1 4967 1454 1498 55.2349
1 4970 1453 1498 55.3089
1 4984 1453 1497 55.3839
1 5011 1453 1497 55.4599
1 5036 1453 1496 55.5359
1 5052 1453 1496 55.6099
1 5061 1453 1496 55.6849
1 5069 1453 1495 55.7609
1 5086 1453 1495 55.8361
1 5110 1453 1494 55.91
1 5126 1453 1494 55.996
1 5136 1453 1494 56.0699
1 5142 1453 1493 56.145
1 5146 1453 1493 56.22
1 5150 1452 1493 56.2949
1 5153 1452 1493 56.3709
1 5163 1452 1493 56.4459
1 5174 1452 1493 56.5219
1 5182 1452 1492 56.597
1 5190 1452 1492 56.6722
1 5201 1451 1492 56.7502
1 5212 1450 1492 56.8255
1 5221 1449 1492 56.901
1 5234 1449 1492 56.9762
1 5251 1448 1492 57.057
1 5263 1448 1492 57.132
1 5271 1447 1492 57.2059
1 5276 1447 1492 57.2819
1 5279 1446 1492 57.3589
1 5280 1446 1492 57.4337
1 5282 1446 1492 57.5093
1 5284 1445 1492 57.5845
1 5285 1445 1492 57.6592
1 5285 1445 1492 57.7344
1 5286 1445 1492 57.8076
1 5286 1445 1492 57.8832
1 5286 1445 1492 57.9608
1 5286 1445 1492 58.0353
1 5286 1445 1492 58.1107
1 5287 1445 1492 58.1841
1 5287 1444 1492 58.2596
1 5288 1444 1492 58.3352
1 5289 1444 1492 58.4101
1 5295 1444 1492 58.4859
1 5301 1444 1492 58.5611
1 5308 1444 1492 58.6363
1 5323 1445 1491 58.7117
1 5336 1445 1491 58.7872
1 5345 1445 1491 58.8617
1 5358 1445 1490 58.9372
1 5366 1445 1490 59.0128
1 5371 1445 1490 59.0883
1 5376 1445 1490 59.1637
1 5384 1445 1489 59.2384
1 5392 1445 1489 59.3111
1 5397 1445 1489 59.3872
1 5402 1445 1489 59.4622
1 5405 1444 1489 59.538
1 5408 1444 1489 59.6135
1 5410 1444 1489 59.6879
1 5412 1444 1489 59.764
1 5413 1443 1489 59.8383
1 5415 1443 1489 59.9102
1 5416 1443 1489 59.9841
1 5416 1442 1489 60.0592
1 5417 1442 1489 60.1342
1 5417 1442 1489 60.2091
1 5417 1442 1489 60.2841
1 5417 1442 1489 60.3591
1 5417 1442 1489 60.4351
1 5417 1442 1489 60.5101
1 5417 1442 1489 60.5851
1 5417 1442 1489 60.6611
1 5415 1442 1489 60.7371
1 5416 1442 1490 60.8121
1 5417 1442 1490 60.8891
1 5417 1442 1490 60.9641
1 5416 1442 1490 61.0391
1 5416 1442 1490 61.1152
1 5416 1442 1490 61.1901
1 5417 1442 1490 61.2652
1 5422 1441 1490 61.3402
1 5444 1441 1491 61.4153
1 5475 1441 1491 61.4902
1 5507 1441 1492 61.5651
1 5540 1441 1492 61.6401
1 5554 1440 1493 61.7161
1 5560 1440 1494 61.7923
1 5562 1440 1495 61.8661
1 5564 1440 1496 61.9411
1 5569 1440 1497 62.0162
1 5576 1441 1498 62.0913
1 5578 1441 1500 62.1652
1 5577 1441 1501 62.2391
1 5582 1441 1501 62.3142
1 5603 1442 1502 62.3882
1 5632 1442 1503 62.4632
1 5656 1443 1503 62.5372
1 5674 1443 1504 62.6132
1 5690 1443 1505 62.6882
1 5711 1444 1506 62.7632
1 5751 1445 1507 62.8384
1 5800 1445 1508 62.9142
1 5842 1446 1510 62.9892
1 5875 1447 1512 63.0652
1 5907 1448 1514 63.1402
1 5938 1449 1516 63.2152
1 5961 1450 1517 63.2902
1 5976 1450 1517 63.3652
1 5987 1451 1518 63.4402
1 5996 1451 1519 63.5152
1 6011 1451 1520 63.5903
1 6040 1452 1521 63.6652
1 6083 1453 1522 63.7412
1 6127 1454 1523 63.8172
1 6161 1455 1523 63.8932
1 6190 1455 1524 63.9702
1 6220 1456 1525 64.0452
1 6253 1457 1525 64.1202
1 6285 1457 1526 64.1952
1 6312 1458 1527 64.2704
1 6334 1458 1527 64.3465
1 6365 1459 1528 64.4212
1 6409 1460 1529 64.4951
1 6447 1461 1530 64.5694
1 6478 1462 1530 64.6438
1 6515 1462 1530 64.7189
1 6566 1464 1531 64.7923
1 6613 1465 1531 64.8668
1 6647 1465 1532 64.9409
1 6675 1466 1532 65.0168
1 6703 1467 1533 65.0919
1 6753 1468 1533 65.1682
1 6847 1469 1532 65.2438
1 6945 1470 1532 65.3201
1 7018 1472 1531 65.4068
1 7081 1473 1531 65.481
1 7131 1474 1530 65.5557
1 7178 1475 1530 65.6306
1 7233 1476 1529 65.7056
1 7285 1477 1528 65.7805
1 7322 1478 1527 65.8558
1 7352 1479 1527 65.9308
1 7372 1479 1526 66.0064
1 7389 1480 1526 66.0819
1 7401 1481 1526 66.1569
1 7410 1481 1526 66.2317
1 7416 1482 1526 66.3077
1 7424 1482 1526 66.3824
1 7440 1483 1526 66.4645
1 7455 1484 1526 66.539
1 7473 1484 1527 66.614
1 7490 1485 1528 66.6876
1 7508 1486 1528 66.763
1 7529 1486 1529 66.838
1 7559 1488 1530 66.9121
1 7596 1489 1531 66.987
1 7626 1490 1533 67.0603
1 7645 1491 1533 67.1344
1 7657 1492 1534 67.2095
1 7664 1492 1534 67.2859
1 7669 1492 1534 67.3598
1 7670 1492 1534 67.4346
1 7670 1493 1534 67.524
1 7673 1493 1534 67.5968
1 7675 1494 1534 67.6724
1 7674 1494 1534 67.7474
1 7679 1495 1534 67.8227
1 7681 1496 1534 67.8973
1 7679 1497 1534 67.9704
1 7677 1497 1534 68.0456
1 7677 1498 1534 68.1221
1 7674 1498 1534 68.1968
1 7664 1498 1534 68.2722
1 7650 1499 1534 68.3482
1 7637 1500 1534 68.4249
1 7626 1500 1534 68.4998
1 7610 1501 1534 68.576
1 7596 1502 1533 68.6503
1 7585 1502 1533 68.727
1 7577 1503 1533 68.8017
1 7568 1503 1533 68.8768
1 7562 1504 1533 68.952
1 7557 1504 1532 69.0263
1 7555 1504 1532 69.1016
1 7551 1505 1532 69.1772
1 7544 1505 1532 69.2525
1 7531 1506 1532 69.329
1 7515 1507 1531 69.4053
1 7499 1507 1531 69.4797
1 7484 1508 1531 69.5729
1 7471 1509 1530 69.6473
1 7459 1510 1530 69.722
1 7449 1510 1530 69.7955
1 7440 1511 1529 69.8708
1 7430 1511 1529 69.9461
1 7423 1512 1529 70.0223
1 7419 1512 1529 70.0997
1 7418 1513 1528 70.176
1 7416 1513 1528 70.2518
1 7415 1513 1528 70.3287
1 7409 1513 1528 70.4051
1 7400 1514 1528 70.4819
1 7389 1514 1528 70.5581
1 7382 1515 1528 70.6304
1 7377 1515 1528 70.7064
1 7374 1515 1527 70.7815
1 7372 1515 1527 70.8564
1 7371 1515 1528 70.9316
1 7368 1515 1527 71.008
1 7363 1516 1527 71.0839
1 7359 1516 1527 71.1601
1 7356 1516 1527 71.2361
1 7351 1517 1527 71.3111
1 7343 1517 1526 71.3865
1 7334 1518 1526 71.4615
1 7323 1519 1526 71.5365
1 7312 1519 1526 71.6164
1 7313 1520 1526 71.693
1 7316 1521 1525 71.7679
1 7309 1521 1525 71.8424
1 7288 1522 1524 71.9179
1 7258 1524 1524 71.9895
1 7227 1525 1523 72.0645
1 7198 1526 1523 72.1399
1 7167 1527 1522 72.2145
1 7133 1528 1522 72.2885
1 7100 1529 1522 72.3645
1 7078 1530 1521 72.4385
1 7074 1531 1520 72.5135
1 7087 1531 1519 72.5885
1 7109 1532 1517 72.6635
1 7135 1533 1516 72.7386
1 7170 1533 1515 72.8146
1 7203 1534 1513 72.8905
1 7225 1534 1512 72.9655
1 7240 1534 1512 73.0405
1 7255 1535 1511 73.1163
1 7270 1535 1510 73.1906
1 7281 1535 1510 73.2666
1 7292 1535 1509 73.3424
1 7312 1536 1508 73.4186
1 7332 1536 1508 73.493
1 7347 1536 1507 73.5675
1 7364 1536 1506 73.6426
1 7382 1536 1505 73.7165
1 7395 1536 1505 73.7914
1 7402 1536 1504 73.8657
1 7407 1536 1504 73.9405
1 7410 1536 1504 74.0151
1 7411 1536 1504 74.0892
1 7414 1536 1504 74.1627
1 7419 1537 1504 74.2369
1 7427 1537 1503 74.3108
1 7438 1537 1503 74.3873
1 7454 1537 1502 74.4617
1 7474 1537 1501 74.5375
1 7491 1537 1501 74.6128
1 7504 1537 1500 74.6877
1 7514 1538 1499 74.7629
1 7520 1538 1499 74.838
1 7523 1538 1499 74.9106
1 7526 1538 1499 74.9857
1 7527 1538 1499 75.0607
1 7530 1538 1499 75.1367
1 7536 1538 1498 75.212
1 7543 1538 1498 75.2869
1 7550 1538 1498 75.3618
1 7559 1538 1497 75.4373
1 7567 1538 1497 75.5119
1 7576 1538 1496 75.5868
1 7590 1538 1496 75.6619
1 7605 1539 1495 75.7371
1 7620 1539 1494 75.812
1 7637 1539 1493 75.8875
1 7649 1539 1492 75.9615
1 7659 1539 1492 76.0371
1 7670 1540 1491 76.1111
1 7684 1540 1490 76.1851
1 7700 1540 1489 76.2592
1 7716 1540 1488 76.3345
1 7734 1541 1487 76.4095
1 7752 1541 1485 76.4826
1 7768 1541 1484 76.56
1 7783 1542 1483 76.6347
1 7797 1542 1482 76.7188
1 7809 1542 1481 76.7938
1 7817 1542 1480 76.8693
1 7826 1543 1480 76.9438
1 7835 1543 1479 77.0188
1 7844 1542 1479 77.0934
1 7853 1542 1479 77.1682
1 7862 1542 1479 77.2433
1 7875 1542 1478 77.3213
1 7886 1541 1478 77.3961
1 7898 1541 1478 77.4717
1 7904 1540 1477 77.5475
1 7918 1539 1477 77.6219
1 7943 1538 1477 77.6978
1 7974 1537 1477 77.7727
1 8003 1536 1477 77.8477
1 8038 1535 1477 77.923
1 8093 1533 1477 77.998
1 8153 1532 1477 78.0751
1 8201 1531 1477 78.1511
1 8238 1530 1478 78.2273
1 8270 1529 1478 78.3015
1 8294 1528 1478 78.3778
1 8313 1528 1478 78.4519
1 8338 1527 1478 78.5263
1 8369 1526 1478 78.5998
1 8399 1525 1479 78.674
1 8421 1525 1479 78.7499
1 8431 1524 1479 78.8243
1 8437 1524 1479 78.898
1 8445 1523 1478 78.9725
1 8451 1522 1478 79.047
1 8453 1522 1478 79.1215
1 8452 1521 1478 79.1961
1 8439 1520 1477 79.2713
1 8414 1520 1477 79.3463
1 8405 1519 1476 79.4217
1 8412 1517 1476 79.4973
1 8417 1516 1475 79.572
1 8407 1516 1475 79.647
1 8390 1515 1474 79.722
1 8368 1514 1474 79.7976
1 8342 1513 1473 79.8721
1 8314 1512 1472 79.9474
1 8291 1512 1472 80.0227
1 8276 1511 1471 80.0981
1 8273 1511 1470 80.1732
1 8276 1511 1469 80.2479
1 8280 1512 1468 80.3227
1 8286 1512 1466 80.3975
1 8291 1512 1465 80.4699
1 8298 1512 1464 80.5448
1 8306 1513 1463 80.6198
1 8311 1513 1462 80.6958
1 8315 1513 1461 80.7708
1 8319 1513 1460 80.8451
1 8322 1514 1459 80.9188
1 8325 1514 1458 80.9939
1 8327 1514 1457 81.0708
1 8328 1514 1457 81.146
1 8330 1514 1457 81.2208
1 8336 1514 1456 81.2963
1 8342 1514 1456 81.3713
1 8346 1514 1456 81.446
1 8355 1514 1456 81.5214
1 8377 1513 1456 81.5964
1 8405 1512 1457 81.672
1 8436 1511 1457 81.7479
1 8446 1510 1457 81.8283
1 8442 1509 1456 81.9037
1 8428 1507 1456 81.9793
1 8410 1506 1455 82.054
1 8394 1505 1455 82.1293
1 8369 1504 1454 82.204
1 8340 1503 1453 82.2789
1 8320 1502 1453 82.3541
1 8313 1501 1453 82.4292
1 8306 1501 1452 82.5038
1 8285 1500 1452 82.5788
1 8258 1499 1451 82.6544
1 8237 1499 1451 82.7297
1 8217 1498 1450 82.8066
1 8189 1497 1450 82.8821
1 8155 1496 1449 82.9571
1 8127 1495 1449 83.032
1 8107 1495 1448 83.1066
1 8085 1494 1448 83.1804
1 8062 1494 1447 83.2547
1 8036 1493 1447 83.3294
1 8018 1493 1447 83.4063
1 8005 1493 1446 83.4827
1 7995 1492 1446 83.5567
1 7982 1491 1446 83.6325
1 7963 1490 1445 83.7073
1 7942 1489 1445 83.7824
1 7925 1488 1445 83.8574
1 7909 1487 1444 83.9321
1 7882 1485 1444 84.0084
1 7846 1484 1443 84.0828
1 7813 1483 1443 84.1578
1 7793 1482 1442 84.2309
1 7777 1481 1442 84.306
1 7764 1481 1442 84.381
1 7757 1480 1442 84.4559
1 7750 1480 1442 84.5312
1 7737 1479 1441 84.6065
1 7720 1478 1441 84.6828
1 7698 1477 1441 84.7586
1 7676 1477 1440 84.8367
1 7662 1476 1440 84.9116
1 7654 1475 1440 84.9864
1 7649 1475 1440 85.061
1 7647 1474 1440 85.1381
1 7649 1474 1440 85.224
1 7647 1473 1440 85.298
1 7646 1473 1440 85.3727
1 7650 1472 1440 85.4473
1 7658 1471 1440 85.521
1 7670 1471 1440 85.5949
1 7680 1470 1441 85.6701
1 7681 1470 1441 85.7453
1 7679 1469 1441 85.8191
1 7674 1469 1440 85.8941
1 7667 1468 1440 85.9692
1 7660 1467 1440 86.0443
1 7646 1466 1440 86.1191
1 7638 1465 1440 86.1939
1 7635 1465 1440 86.2707
1 7637 1464 1440 86.3454
1 7641 1464 1440 86.4206
1 7642 1463 1440 86.4972
1 7635 1463 1440 86.5724
1 7630 1462 1440 86.6487
1 7631 1461 1440 86.7236
1 7638 1461 1440 86.7983
1 7649 1460 1441 86.873
1 7660 1459 1441 86.9569
1 7672 1458 1441 87.0309
1 7682 1457 1441 87.1067
1 7688 1457 1442 87.1811
1 7693 1456 1442 87.2564
1 7697 1456 1442 87.3317
1 7701 1455 1443 87.4069
1 7706 1454 1443 87.4815
1 7712 1453 1444 87.5554
1 7714 1453 1445 87.6292
1 7714 1452 1446 87.7038
1 7711 1452 1447 87.7774
1 7709 1451 1448 87.8491
1 7718 1451 1449 87.924
1 7736 1451 1450 87.9981
1 7763 1451 1451 88.0731
1 7787 1451 1452 88.1481
1 7799 1451 1453 88.2231
1 7805 1451 1454 88.2981
1 7806 1450 1456 88.3781
1 7802 1450 1457 88.4531
1 7798 1449 1458 88.5292
1 7802 1449 1459 88.6041
1 7815 1448 1460 88.6791
1 7822 1448 1461 88.7562
1 7823 1448 1462 88.8321
1 7816 1447 1463 88.9075
1 7825 1447 1464 88.9831
1 7881 1447 1466 89.0581
1 7939 1448 1467 89.1333
1 7981 1449 1468 89.2091
1 8022 1449 1470 89.2863
1 8069 1450 1471 89.3621
1 8108 1451 1472 89.4372
1 8134 1451 1473 89.5101
1 8164 1452 1474 89.5861
1 8201 1452 1475 89.6621
1 8238 1453 1476 89.7382
1 8269 1453 1476 89.8137
1 8291 1454 1477 89.8881
1 8299 1453 1478 89.9627
1 8296 1453 1479 90.037
1 8284 1452 1480 90.1114
1 8269 1452 1481 90.1852
1 8252 1451 1482 90.2592
1 8234 1450 1483 90.3348
1 8218 1449 1484 90.41
1 8206 1448 1485 90.4833
1 8195 1448 1486 90.5578
1 8178 1447 1486 90.6314
1 8163 1447 1487 90.7063
1 8154 1446 1488 90.7824
1 8148 1446 1488 90.858
1 8137 1446 1489 90.9313
1 8119 1445 1489 91.0073
1 8100 1444 1490 91.0822
1 8077 1444 1491 91.1573
1 8047 1443 1492 91.2322
1 8017 1443 1493 91.3074
1 7984 1443 1494 91.3832
1 7949 1442 1496 91.4582
1 7910 1442 1497 91.5332
1 7875 1441 1498 91.6093
1 7853 1441 1499 91.6853
1 7855 1441 1500 91.7612
1 7886 1442 1501 91.8372
1 7931 1443 1503 91.9139
1 7975 1444 1503 91.9969
1 8027 1445 1504 92.0719
1 8085 1446 1506 92.1465
1 8136 1447 1506 92.2211
1 8168 1448 1507 92.2968
1 8188 1448 1507 92.3718
1 8202 1448 1508 92.4468
1 8231 1449 1508 92.5252
1 8262 1450 1509 92.5994
1 8282 1450 1509 92.6738
1 8315 1451 1509 92.7487
1 8340 1452 1510 92.8254
1 8356 1453 1509 92.8995
1 8374 1453 1510 92.9752
1 8398 1454 1510 93.0546
1 8414 1455 1510 93.1289
1 8433 1455 1510 93.2039
1 8449 1455 1511 93.2788
1 8459 1456 1511 93.3535
1 8469 1456 1511 93.4285
1 8481 1456 1511 93.5043
1 8491 1456 1512 93.5828
1 8500 1457 1512 93.6578
1 8509 1457 1512 93.7303
1 8514 1457 1512 93.8063
1 8520 1457 1512 93.8813
1 8532 1457 1512 93.9575
1 8549 1458 1511 94.0326
1 8562 1458 1511 94.1103
1 8570 1458 1511 94.1863
1 8575 1458 1510 94.2644
1 8578 1458 1510 94.3393
1 8579 1458 1510 94.4163
1 8580 1458 1510 94.4924
1 8581 1458 1510 94.5673
1 8581 1458 1510 94.6473
1 8581 1458 1510 94.7213
1 8581 1458 1510 94.7953
1 8581 1458 1510 94.8723
1 8581 1458 1510 94.9493
1 8581 1458 1510 95.0243
1 8581 1458 1510 95.0993
1 8581 1458 1510 95.1744
1 8581 1458 1510 95.2493
1 8581 1458 1510 95.3254
1 8581 1458 1510 95.4004
1 8581 1458 1510 95.4758
1 8581 1458 1510 95.5504
1 8581 1458 1510 95.6258
1 8581 1458 1510 95.701
1 8581 1458 1510 95.7757
1 8581 1458 1510 95.8501
1 8581 1458 1510 95.9246
1 8581 1458 1510 95.9993
1 8581 1458 1510 96.1678
