NaN 2700 1500 1498 15.3696
NaN 1620 1500 1497 15.4578
NaN 971 1500 1496 15.5326
NaN 583 1500 1496 15.6086
NaN 349 1500 1496 15.6836
NaN 209 1500 1496 15.7596
NaN 125 1500 1495 15.8357
NaN 75 1500 1495 15.9116
NaN 45 1500 1495 15.9876
NaN 27 1500 1495 16.0636
NaN 16 1500 1495 16.1397
NaN 9 1500 1495 16.2157
NaN 5 1500 1495 16.2926
NaN 3 1500 1495 16.3697
NaN 2 1500 1495 16.4466
NaN 1 1500 1495 16.5236
NaN 0 1500 1495 16.5997
NaN 0 1500 1495 16.6746
NaN 0 1500 1495 16.7507
NaN 0 1500 1495 16.8276
NaN 0 1500 1495 16.9037
NaN 0 1500 1495 16.9787
NaN 0 1500 1495 17.0536
NaN 0 1500 1495 17.1297
NaN 0 1500 1495 17.2057
NaN 0 1500 1495 17.2817
NaN 0 1500 1495 17.3593
NaN 0 1500 1495 17.4367
NaN 0 1500 1495 17.5138
NaN 0 1500 1495 17.5987
NaN 0 1500 1495 17.6886
NaN 0 1500 1495 17.7647
NaN 0 1500 1495 17.8427
NaN 0 1500 1495 17.9209
NaN 0 1500 1495 17.9967
NaN 0 1500 1495 18.0717
NaN 0 1500 1495 18.1488
NaN 0 1500 1495 18.2237
NaN 0 1500 1495 18.2988
NaN 0 1500 1495 18.3738
NaN 0 1500 1495 18.4489
NaN 0 1500 1495 18.5238
NaN 0 1500 1495 18.6008
NaN 0 1500 1495 18.6778
NaN 0 1500 1495 18.7527
NaN 0 1500 1495 18.8288
NaN 0 1500 1495 18.9069
NaN 0 1500 1495 18.984
NaN 0 1500 1495 19.0608
NaN 0 1500 1495 19.1378
NaN 0 1500 1495 19.2169
NaN 0 1500 1495 19.2937
NaN 0 1500 1495 19.3708
NaN 0 1500 1495 19.4478
NaN 0 1500 1495 19.5248
NaN 0 1500 1495 19.6018
NaN 0 1500 1495 19.6778
NaN 0 1500 1495 19.7527
NaN 0 1500 1495 19.8287
NaN 0 1500 1495 19.9068
NaN 0 1500 1495 19.9828
NaN 0 1500 1495 20.0582
NaN 0 1500 1495 20.1322
NaN 0 1500 1495 20.2089
NaN 0 1500 1495 20.2838
NaN 0 1500 1495 20.3596
NaN 0 1500 1495 20.4355
NaN 0 1500 1495 20.5106
NaN 0 1500 1495 20.5857
NaN 0 1500 1495 20.6617
NaN 0 1500 1495 20.7393
NaN 0 1500 1495 20.8107
NaN 0 1500 1495 20.8879
NaN 0 1500 1495 20.9638
NaN 0 1500 1495 21.0407
NaN 0 1500 1495 21.1169
NaN 0 1500 1495 21.1929
NaN 0 1500 1495 21.2689
NaN 0 1500 1495 21.3458
NaN 0 1500 1495 21.4218
NaN 0 1500 1495 21.4979
NaN 0 1500 1495 21.5738
NaN 0 1500 1495 21.6498
NaN 0 1500 1495 21.7272
NaN 0 1500 1495 21.8029
NaN 0 1500 1495 21.8781
NaN 0 1500 1495 21.9535
NaN 0 1500 1495 22.0286
NaN 0 1500 1495 22.1054
NaN 0 1500 1495 22.1808
NaN 0 1500 1495 22.2561
NaN 0 1500 1495 22.3306
NaN 0 1500 1495 22.4055
NaN 0 1500 1495 22.4807
NaN 0 1500 1495 22.5565
NaN 0 1500 1495 22.6331
NaN 0 1500 1495 22.7116
NaN 0 1500 1495 22.7864
NaN 0 1500 1495 22.8611
NaN 0 1500 1495 22.9369
NaN 0 1500 1495 23.014
NaN 0 1500 1495 23.0898
NaN 0 1500 1495 23.1653
NaN 0 1500 1495 23.2664
NaN 0 1500 1495 23.3404
NaN 0 1500 1495 23.4205
NaN 0 1500 1495 23.496
NaN 0 1500 1495 23.5718
NaN 0 1500 1495 23.6475
NaN 0 1500 1495 23.723
NaN 0 1500 1495 23.8008
NaN 0 1500 1495 23.8757
NaN 0 1500 1495 23.9505
NaN 0 1500 1495 24.0253
NaN 0 1500 1495 24.1004
NaN 0 1500 1495 24.1755
NaN 0 1500 1495 24.2524
NaN 0 1500 1495 24.3291
NaN 0 1500 1495 24.4049
NaN 0 1500 1495 24.4801
NaN 0 1500 1495 24.5549
NaN 0 1500 1495 24.6305
NaN 0 1500 1496 24.7054
NaN 0 1501 1496 24.7795
NaN 0 1501 1496 24.8545
NaN 0 1501 1496 24.93
NaN 0 1501 1496 25.0042
NaN 0 1502 1498 25.0788
NaN 105 1507 1503 25.1531
NaN 269 1516 1512 25.2272
NaN 367 1522 1518 25.3035
NaN 427 1525 1521 25.3791
NaN 463 1527 1523 25.4532
NaN 477 1527 1523 25.5283
NaN 463 1526 1522 25.6042
NaN 414 1522 1518 25.6794
NaN 328 1517 1514 25.7624
NaN 234 1512 1510 25.8385
NaN 154 1509 1509 25.9194
NaN 104 1507 1508 25.9954
NaN 62 1506 1508 26.0708
NaN 37 1506 1507 26.1455
NaN 22 1506 1507 26.2206
NaN 13 1506 1507 26.2953
NaN 8 1506 1506 26.3706
NaN 4 1504 1504 26.4457
NaN 2 1498 1503 26.5205
NaN 1 1496 1502 26.5954
NaN 1 1496 1501 26.6713
NaN 0 1496 1500 26.7463
NaN 0 1497 1499 26.8229
NaN 0 1498 1498 26.8974
NaN 0 1499 1498 26.9732
NaN 0 1499 1497 27.0507
NaN 0 1499 1497 27.1245
NaN 0 1499 1497 27.1984
NaN 0 1499 1497 27.2724
NaN 0 1500 1497 27.3468
NaN 0 1500 1498 27.4204
NaN 0 1500 1498 27.4954
NaN 0 1500 1498 27.5691
NaN 0 1500 1499 27.6439
NaN 0 1499 1499 27.7204
NaN 0 1499 1499 27.7957
NaN 0 1499 1500 27.8701
NaN 0 1499 1500 27.9537
NaN 0 1499 1500 28.0275
NaN 0 1499 1500 28.1034
NaN 0 1498 1500 28.1782
NaN 0 1498 1500 28.2532
NaN 0 1498 1500 28.3287
NaN 0 1498 1500 28.4035
NaN 0 1498 1500 28.4789
NaN 0 1498 1500 28.5537
NaN 0 1498 1500 28.6283
NaN 0 1498 1500 28.7036
NaN 0 1498 1500 28.7786
0 0 1498 1500 28.8544
0 0 1498 1500 28.9292
0 0 1498 1500 29.0041
0 0 1498 1501 29.0792
0 0 1498 1501 29.1547
0 0 1497 1501 29.2295
0 0 1497 1501 29.3042
0 0 1497 1501 29.3793
0 0 1496 1501 29.4542
0 0 1496 1501 29.5285
0 0 1495 1501 29.6027
0 0 1494 1501 29.677
0 27 1494 1501 29.7522
0 86 1494 1501 29.8307
0 154 1494 1502 29.9043
0 203 1493 1503 29.9885
0 234 1493 1503 30.0635
0 257 1493 1503 30.1384
0 282 1492 1503 30.2124
0 299 1492 1503 30.2876
0 310 1492 1503 30.3628
0 320 1491 1504 30.4373
0 329 1491 1504 30.5149
0 339 1491 1504 30.5915
0 347 1490 1504 30.6694
0 355 1490 1504 30.746
0 362 1490 1504 30.823
0 373 1490 1504 30.9022
0 396 1490 1504 30.9776
0 423 1490 1504 31.0527
0 441 1490 1504 31.1275
0 458 1490 1504 31.2029
0 473 1489 1505 31.2775
0 484 1489 1505 31.3526
0 506 1489 1505 31.4273
0 530 1489 1506 31.5024
0 550 1489 1506 31.5779
0 565 1489 1506 31.6526
0 575 1489 1506 31.7274
0 581 1489 1507 31.8025
0 585 1490 1507 31.8765
0 591 1489 1507 31.9518
0 601 1489 1507 32.0308
0 611 1489 1507 32.1058
0 619 1489 1507 32.1809
0 629 1488 1507 32.2667
0 640 1488 1507 32.3405
0 650 1488 1507 32.414
0 664 1488 1507 32.4869
0 687 1488 1507 32.5611
0 715 1487 1507 32.637
0 742 1487 1507 32.7153
0 765 1487 1507 32.7908
0 782 1486 1507 32.8657
0 794 1486 1507 32.9392
0 803 1486 1507 33.0146
0 810 1486 1507 33.0897
0 815 1486 1507 33.1641
0 822 1486 1507 33.2401
0 832 1485 1507 33.3158
0 843 1485 1507 33.3905
0 863 1485 1507 33.4652
0 900 1485 1507 33.5404
0 940 1485 1507 33.6154
0 968 1485 1507 33.6949
0 987 1484 1507 33.7733
0 1003 1484 1507 33.8502
0 1015 1484 1507 33.9277
0 1026 1484 1507 34.0025
0 1036 1483 1507 34.092
0 1046 1483 1508 34.1643
0 1056 1483 1508 34.2387
0 1064 1483 1508 34.3102
0 1074 1483 1508 34.3863
0 1089 1484 1508 34.4612
0 1104 1484 1508 34.5356
0 1117 1484 1508 34.61
0 1128 1484 1508 34.684
0 1141 1484 1508 34.7582
0 1153 1485 1508 34.8335
0 1175 1485 1509 34.9094
0 1202 1485 1509 34.9842
0 1225 1486 1510 35.0608
0 1248 1486 1510 35.1356
0 1269 1486 1510 35.2109
0 1285 1486 1510 35.2856
0 1301 1486 1510 35.3605
0 1321 1486 1510 35.4355
0 1349 1486 1510 35.5108
0 1382 1485 1510 35.586
0 1410 1485 1510 35.6604
0 1435 1485 1510 35.7358
0 1457 1484 1510 35.8105
0 1477 1484 1510 35.8872
0 1493 1484 1510 35.9618
0 1506 1484 1510 36.0372
0 1515 1484 1510 36.1197
0 1521 1483 1510 36.1936
0 1527 1483 1510 36.2683
0 1535 1483 1510 36.3434
0 1553 1483 1510 36.4179
0 1587 1484 1510 36.4918
0 1619 1483 1509 36.5669
0 1655 1483 1510 36.6404
0 1692 1483 1510 36.715
0 1718 1483 1509 36.7889
0 1737 1483 1509 36.8632
0 1755 1483 1509 36.9391
0 1773 1482 1509 37.0105
0 1789 1482 1509 37.0864
0 1805 1482 1509 37.1614
0 1829 1482 1509 37.2384
0 1859 1482 1509 37.3125
0 1878 1481 1509 37.3919
0 1891 1481 1509 37.4667
0 1900 1481 1509 37.5415
0 1911 1481 1509 37.6167
0 1930 1482 1509 37.6916
0 1943 1482 1509 37.7665
0 1960 1482 1509 37.8416
0 1978 1482 1509 37.9162
0 1992 1482 1509 37.9911
0 2001 1483 1509 38.0656
0 2009 1483 1509 38.1411
0 2016 1483 1509 38.2155
0 2023 1483 1509 38.291
0 2043 1483 1509 38.3663
0 2064 1483 1509 38.4421
0 2089 1484 1509 38.5167
0 2123 1484 1509 38.5918
0 2153 1484 1509 38.6667
0 2185 1484 1509 38.7408
0 2221 1483 1509 38.815
0 2258 1483 1509 38.8882
0 2282 1483 1509 38.9636
0 2297 1483 1509 39.0376
0 2311 1482 1509 39.1143
0 2323 1482 1509 39.1963
0 2334 1482 1509 39.2706
0 2345 1482 1509 39.3453
0 2354 1481 1509 39.4193
0 2368 1481 1509 39.4924
0 2384 1481 1509 39.5684
0 2407 1481 1509 39.6434
0 2431 1481 1509 39.7174
0 2453 1482 1509 39.7924
0 2469 1482 1509 39.8664
0 2480 1482 1509 39.9415
0 2501 1482 1509 40.017
0 2523 1482 1509 40.0914
0 2541 1482 1509 40.1666
0 2561 1482 1509 40.2425
0 2587 1483 1509 40.3184
0 2607 1483 1509 40.3955
0 2622 1483 1509 40.476
0 2632 1483 1509 40.5513
0 2644 1483 1509 40.6371
0 2663 1483 1509 40.7103
0 2676 1483 1509 40.7861
0 2684 1483 1509 40.8609
0 2689 1483 1509 40.9357
0 2699 1483 1509 41.0105
0 2746 1483 1510 41.0849
0 2805 1483 1511 41.1613
0 2846 1482 1511 41.2505
0 2872 1482 1512 41.3256
0 2890 1482 1512 41.3991
0 2902 1482 1512 41.4725
0 2910 1482 1512 41.5466
0 2915 1482 1512 41.6215
0 2917 1482 1512 41.6958
0 2920 1482 1512 41.7703
0 2926 1482 1512 41.8447
0 2934 1482 1512 41.9196
0 2954 1482 1512 41.9974
0 2973 1482 1512 42.073
0 2990 1483 1511 42.1478
0 3006 1483 1511 42.2257
0 3019 1483 1511 42.3011
0 3033 1483 1511 42.376
0 3046 1483 1511 42.4509
0 3062 1482 1511 42.526
0 3078 1482 1511 42.6013
0 3090 1482 1511 42.6785
0 3098 1482 1511 42.7543
0 3105 1482 1511 42.8297
0 3122 1482 1511 42.9048
0 3144 1482 1511 42.9808
0 3163 1482 1511 43.057
0 3179 1482 1511 43.1331
0 3202 1483 1511 43.2107
0 3226 1483 1511 43.2889
0 3254 1483 1511 43.3631
0 3286 1483 1511 43.4376
0 3318 1483 1511 43.5146
0 3341 1483 1511 43.5895
0 3359 1483 1511 43.6634
0 3373 1483 1511 43.7508
0 3383 1483 1511 43.8252
0 3393 1482 1511 43.8988
0 3401 1482 1511 43.9734
0 3412 1482 1511 44.0485
0 3423 1482 1511 44.123
0 3434 1483 1511 44.1981
0 3445 1482 1510 44.2905
0 3461 1482 1510 44.3668
0 3480 1482 1510 44.4422
0 3503 1483 1510 44.5176
0 3531 1483 1510 44.5924
0 3561 1483 1510 44.6684
0 3591 1483 1510 44.7438
0 3619 1483 1511 44.8276
0 3640 1483 1510 44.9033
0 3660 1482 1510 44.9783
0 3683 1482 1510 45.053
0 3701 1482 1510 45.1281
0 3714 1482 1510 45.2036
0 3723 1482 1510 45.2787
0 3729 1482 1510 45.3542
0 3733 1482 1510 45.4292
0 3736 1482 1510 45.5062
0 3740 1482 1510 45.5833
0 3744 1482 1510 45.6609
0 3750 1482 1510 45.7379
0 3756 1482 1510 45.8164
0 3768 1482 1510 45.891
0 3781 1483 1510 45.9649
0 3797 1483 1510 46.0394
0 3811 1483 1510 46.1144
0 3827 1483 1510 46.1879
0 3840 1483 1510 46.2622
0 3853 1483 1510 46.3387
0 3866 1482 1510 46.4116
0 3886 1482 1510 46.4874
0 3906 1482 1510 46.5621
0 3920 1482 1509 46.6376
0 3932 1482 1509 46.7145
0 3941 1482 1509 46.79
0 3948 1483 1509 46.8839
0 3963 1483 1509 46.9586
0 3976 1483 1509 47.0334
0 3988 1483 1509 47.1086
0 4007 1483 1509 47.1835
0 4026 1483 1509 47.2579
0 4046 1483 1509 47.334
0 4066 1483 1509 47.4085
0 4087 1484 1509 47.4834
0 4110 1484 1509 47.5578
0 4136 1484 1509 47.633
0 4160 1484 1509 47.7086
0 4180 1484 1509 47.7855
0 4194 1484 1510 47.8647
0 4204 1484 1510 47.9549
0 4211 1484 1510 48.0282
0 4218 1484 1509 48.1008
0 4227 1484 1509 48.1759
0 4235 1485 1509 48.2514
0 4242 1485 1509 48.3252
0 4247 1484 1509 48.4022
0 4251 1484 1509 48.476
0 4253 1484 1509 48.5502
0 4254 1484 1509 48.6238
0 4255 1484 1509 48.698
0 4255 1484 1509 48.7723
0 4255 1484 1509 48.8485
0 4256 1484 1509 48.9238
0 4256 1484 1509 48.9994
0 4256 1484 1509 49.0744
0 4256 1484 1509 49.1489
0 4258 1484 1509 49.2241
0 4263 1484 1509 49.2988
0 4284 1484 1508 49.3739
0 4300 1484 1508 49.4494
0 4309 1484 1508 49.5242
0 4315 1484 1508 49.599
0 4323 1484 1508 49.6737
0 4331 1485 1508 49.7488
0 4338 1485 1508 49.8303
0 4345 1485 1508 49.9051
0 4350 1485 1508 49.9835
0 4354 1485 1508 50.0593
0 4356 1485 1508 50.1348
0 4357 1485 1508 50.2104
NaN 4358 1485 1508 50.285
NaN 4357 1485 1508 50.3591
NaN 4357 1485 1508 50.4425
NaN 4357 1485 1508 50.5158
NaN 4357 1485 1508 50.5909
NaN 4357 1485 1508 50.665
NaN 4357 1485 1508 50.7395
NaN 4357 1485 1508 50.8153
NaN 4357 1485 1508 50.8894
NaN 4355 1485 1508 50.9632
NaN 4353 1485 1508 51.0371
NaN 4350 1485 1508 51.1109
NaN 4346 1485 1508 51.1851
NaN 4341 1485 1509 51.2594
NaN 4338 1485 1509 51.3345
1 4334 1485 1509 51.4112
1 4330 1484 1509 51.4864
1 4322 1484 1509 51.5648
1 4322 1484 1509 51.6419
1 4329 1484 1510 51.7181
1 4337 1483 1510 51.7953
1 4346 1483 1510 51.8713
1 4358 1482 1510 51.9478
1 4368 1481 1510 52.0258
1 4374 1481 1510 52.1076
1 4379 1481 1510 52.1823
1 4383 1481 1511 52.2579
1 4390 1480 1511 52.3334
1 4401 1480 1511 52.4078
1 4419 1479 1511 52.4838
1 4437 1478 1511 52.5625
1 4449 1477 1512 52.6416
1 4456 1476 1512 52.7166
1 4459 1476 1512 52.7935
1 4463 1476 1512 52.8696
1 4464 1476 1512 52.9463
1 4461 1475 1512 53.0227
1 4459 1475 1512 53.0974
1 4456 1474 1511 53.1862
1 4444 1473 1511 53.2594
1 4430 1472 1510 53.3338
1 4416 1471 1510 53.4095
1 4401 1470 1509 53.4836
1 4399 1469 1509 53.5573
1 4406 1468 1508 53.6344
1 4418 1467 1508 53.7097
1 4419 1465 1508 53.7862
1 4404 1464 1507 53.8644
1 4378 1462 1506 53.9392
1 4362 1461 1506 54.0157
1 4352 1460 1506 54.0927
1 4343 1458 1505 54.1675
1 4341 1457 1505 54.2421
1 4344 1456 1505 54.3171
1 4349 1454 1506 54.392
1 4353 1453 1506 54.4681
1 4358 1452 1506 54.5431
1 4363 1452 1505 54.6209
1 4380 1452 1504 54.6963
1 4403 1452 1503 54.7735
1 4432 1452 1502 54.8482
1 4459 1452 1501 54.9249
1 4486 1452 1500 55.003
1 4512 1452 1499 55.0785
1 4535 1452 1499 55.154
1 4554 1452 1498 55.2302
1 4566 1452 1498 55.3061
1 4574 1452 1497 55.3816
1 4584 1452 1497 55.4553
1 4598 1451 1497 55.5305
1 4609 1451 1497 55.606
1 4617 1450 1497 55.6862
1 4625 1449 1497 55.7635
1 4631 1447 1498 55.8375
1 4636 1446 1498 55.9119
1 4640 1445 1498 55.9875
1 4646 1444 1499 56.0653
1 4654 1443 1499 56.1415
1 4662 1443 1498 56.2183
1 4674 1443 1498 56.2918
1 4690 1442 1498 56.369
1 4710 1443 1497 56.444
1 4730 1443 1497 56.5191
1 4743 1443 1496 56.594
1 4753 1443 1496 56.6681
1 4760 1443 1496 56.744
1 4766 1443 1496 56.819
1 4771 1443 1495 56.895
1 4773 1443 1495 56.9701
1 4776 1443 1495 57.046
1 4778 1443 1495 57.1222
1 4781 1443 1495 57.1976
1 4785 1443 1495 57.2729
1 4790 1443 1495 57.3495
1 4794 1443 1495 57.4244
1 4797 1442 1495 57.4988
1 4798 1442 1495 57.5711
1 4800 1442 1495 57.6461
1 4802 1442 1495 57.7202
1 4803 1441 1495 57.7952
1 4803 1441 1495 57.8722
1 4806 1441 1495 57.9473
1 4809 1441 1495 58.0219
1 4811 1441 1495 58.0995
1 4813 1441 1495 58.1733
1 4814 1441 1495 58.2476
1 4814 1441 1495 58.3242
1 4815 1441 1495 58.4134
1 4815 1441 1495 58.4868
1 4815 1441 1495 58.5627
1 4815 1441 1495 58.6379
1 4815 1441 1495 58.7122
1 4815 1441 1495 58.7874
1 4819 1440 1495 58.8657
1 4835 1441 1496 58.9409
1 4859 1441 1496 59.0198
1 4887 1441 1496 59.0977
1 4915 1441 1497 59.173
1 4952 1441 1497 59.2488
1 5000 1442 1498 59.325
1 5060 1442 1499 59.4014
1 5127 1443 1500 59.4766
1 5190 1443 1502 59.552
1 5244 1443 1503 59.6265
1 5295 1443 1503 59.7006
1 5342 1443 1504 59.7778
1 5385 1443 1505 59.8519
1 5432 1444 1506 59.9249
1 5483 1444 1508 60.001
1 5525 1444 1509 60.0749
1 5563 1445 1510 60.1487
1 5602 1445 1511 60.2238
1 5637 1446 1512 60.301
1 5660 1446 1513 60.3764
1 5670 1446 1513 60.4513
1 5679 1446 1514 60.5253
1 5699 1447 1515 60.5996
1 5735 1447 1516 60.6746
1 5771 1448 1517 60.7541
1 5798 1449 1517 60.8297
1 5826 1449 1518 60.9061
1 5860 1450 1519 60.9828
1 5892 1450 1519 61.058
1 5918 1451 1520 61.1332
1 5945 1451 1520 61.2088
1 5975 1452 1521 61.2832
1 6014 1453 1522 61.3604
1 6057 1454 1522 61.4386
1 6088 1454 1523 61.516
1 6107 1455 1523 61.5909
1 6121 1455 1524 61.666
1 6135 1455 1524 61.7444
1 6149 1456 1524 61.8201
1 6175 1456 1525 61.8972
1 6202 1457 1525 61.9726
1 6226 1457 1526 62.0479
1 6257 1458 1527 62.1219
1 6291 1459 1527 62.1979
1 6313 1459 1528 62.2724
1 6328 1460 1528 62.3484
1 6346 1460 1529 62.4239
1 6373 1461 1529 62.4984
1 6392 1461 1530 62.5764
1 6404 1461 1530 62.6505
1 6420 1462 1530 62.7276
1 6443 1462 1531 62.8015
1 6472 1463 1532 62.883
1 6507 1464 1533 62.9563
1 6539 1465 1533 63.0316
1 6559 1465 1534 63.1066
1 6571 1466 1534 63.1818
1 6580 1466 1534 63.2567
1 6589 1466 1535 63.3328
1 6607 1466 1534 63.4074
1 6631 1467 1534 63.4829
1 6664 1467 1534 63.5578
1 6714 1468 1534 63.6422
1 6776 1469 1533 63.7179
1 6843 1470 1533 63.7931
1 6911 1471 1533 63.8675
1 6974 1473 1534 63.9433
1 7015 1473 1534 64.0197
1 7039 1474 1535 64.0954
1 7053 1475 1535 64.1746
1 7067 1476 1535 64.2498
1 7081 1477 1535 64.3259
1 7093 1477 1536 64.4007
1 7113 1478 1536 64.48
1 7143 1480 1537 64.5564
1 7170 1481 1538 64.6337
1 7189 1482 1539 64.708
1 7206 1483 1539 64.7836
1 7229 1484 1540 64.8583
1 7265 1485 1541 64.9347
1 7305 1486 1542 65.0115
1 7332 1487 1543 65.0866
1 7351 1488 1543 65.1622
1 7368 1489 1544 65.2396
1 7387 1490 1544 65.3185
1 7404 1490 1545 65.3939
1 7434 1491 1546 65.4684
1 7499 1493 1545 65.5434
1 7598 1494 1544 65.6199
1 7707 1495 1542 65.6968
1 7791 1496 1540 65.7726
1 7856 1498 1539 65.8479
1 7926 1499 1538 65.9224
1 7987 1500 1537 65.9976
1 8025 1501 1537 66.0729
1 8059 1502 1536 66.1475
1 8110 1503 1534 66.2234
1 8166 1505 1532 66.2992
1 8216 1505 1531 66.3745
1 8261 1506 1530 66.4507
1 8310 1506 1528 66.5266
1 8359 1507 1527 66.6017
1 8412 1507 1525 66.6794
1 8453 1508 1524 66.7751
1 8486 1509 1524 66.849
1 8509 1509 1524 66.923
1 8523 1510 1524 66.9966
1 8533 1510 1524 67.0716
1 8539 1510 1524 67.1509
1 8544 1511 1524 67.2258
1 8551 1512 1524 67.2993
1 8557 1512 1525 67.3746
1 8567 1513 1526 67.4495
1 8580 1514 1527 67.525
1 8590 1515 1527 67.5994
1 8594 1515 1528 67.6745
1 8593 1516 1528 67.7505
1 8598 1517 1529 67.8273
1 8605 1518 1530 67.9032
1 8608 1519 1531 67.9782
1 8605 1520 1531 68.0505
1 8599 1520 1531 68.1254
1 8587 1521 1531 68.2004
1 8577 1522 1531 68.276
1 8571 1523 1530 68.3507
1 8566 1524 1530 68.4265
1 8563 1524 1529 68.5044
1 8560 1525 1528 68.5799
1 8561 1526 1528 68.657
1 8566 1527 1527 68.75
1 8577 1527 1526 68.8249
1 8590 1528 1525 68.9002
1 8610 1528 1524 68.9747
1 8637 1528 1523 69.0499
1 8662 1528 1523 69.1246
1 8684 1529 1522 69.2002
1 8707 1529 1521 69.2739
1 8740 1529 1520 69.3497
1 8778 1529 1519 69.4243
1 8812 1530 1517 69.4999
1 8834 1530 1517 69.5736
1 8849 1530 1516 69.6492
1 8865 1530 1516 69.7227
1 8883 1530 1515 69.7991
1 8896 1530 1515 69.8787
1 8908 1530 1514 69.9527
1 8919 1530 1514 70.0276
1 8926 1530 1514 70.1031
1 8934 1530 1513 70.178
1 8942 1531 1513 70.2518
1 8948 1531 1513 70.3266
1 8956 1531 1512 70.4015
1 8966 1531 1512 70.4769
1 8979 1531 1511 70.5547
1 8987 1531 1511 70.6311
1 8992 1531 1510 70.7069
1 8995 1531 1509 70.7833
1 8997 1532 1509 70.8701
1 8998 1532 1508 70.9453
1 8999 1532 1507 71.0198
1 8999 1532 1507 71.0965
1 8999 1532 1507 71.1717
1 8999 1532 1506 71.2481
1 8999 1532 1506 71.3218
1 8999 1532 1506 71.398
1 8999 1532 1505 71.4733
1 8999 1532 1505 71.5488
1 8999 1533 1504 71.6246
1 8999 1533 1504 71.7027
1 8999 1533 1503 71.7787
1 8999 1533 1503 71.8536
1 8999 1533 1502 71.9286
1 8999 1533 1501 72.0036
1 8999 1533 1501 72.0776
1 8999 1533 1501 72.1526
1 8999 1533 1501 72.2276
1 8999 1533 1500 72.3026
1 8999 1533 1500 72.3776
1 8999 1533 1500 72.4526
1 8999 1533 1499 72.5287
1 8999 1534 1499 72.6047
1 8999 1534 1498 72.6806
1 8999 1534 1497 72.7565
1 8999 1534 1497 72.833
1 8999 1534 1496 72.917
1 8999 1534 1495 72.9918
1 8999 1534 1494 73.0676
1 8999 1534 1494 73.1427
1 8999 1534 1494 73.2177
1 8999 1534 1493 73.2926
1 8999 1535 1492 73.3676
1 8999 1535 1491 73.4437
1 8999 1535 1490 73.5197
1 8999 1535 1490 73.5957
1 8999 1536 1489 73.6717
1 8999 1536 1488 73.7457
1 8999 1536 1488 73.8208
1 8999 1537 1487 73.8956
1 8999 1537 1487 73.9705
1 8999 1538 1487 74.0456
1 8999 1538 1486 74.1202
1 8999 1538 1486 74.1941
1 8999 1538 1486 74.2679
1 8999 1539 1485 74.342
1 8999 1539 1485 74.4172
1 8999 1539 1485 74.4915
1 8999 1538 1484 74.5667
1 8999 1538 1483 74.642
1 8999 1538 1482 74.7177
1 8999 1538 1482 74.7932
1 8999 1538 1482 74.8681
1 8999 1538 1481 74.9639
1 8999 1538 1480 75.0381
1 8999 1538 1480 75.1108
1 8999 1538 1479 75.1857
1 8999 1538 1479 75.2618
1 8999 1538 1479 75.3369
1 8999 1538 1478 75.4119
1 8999 1537 1477 75.4885
1 8999 1537 1476 75.5633
1 8999 1537 1476 75.6392
1 8999 1537 1475 75.7154
1 8999 1537 1474 75.7901
1 8999 1537 1474 75.8671
1 8999 1537 1473 75.9426
1 8999 1536 1472 76.0182
1 8999 1536 1472 76.0907
1 8999 1536 1471 76.1668
1 8999 1536 1471 76.2427
1 8999 1536 1470 76.3208
1 8999 1535 1469 76.3989
1 8999 1535 1468 76.4778
1 8999 1534 1468 76.5539
1 8999 1534 1467 76.632
1 8999 1534 1466 76.7079
1 8999 1534 1465 76.7828
1 8999 1533 1464 76.859
1 8999 1533 1464 76.9358
1 8999 1533 1463 77.0148
1 8996 1532 1462 77.09
1 8990 1532 1461 77.1648
1 8994 1531 1461 77.2408
1 8996 1531 1461 77.3168
1 8997 1529 1462 77.3918
1 8998 1529 1462 77.4668
1 8999 1528 1462 77.5428
1 8999 1526 1462 77.6179
1 8999 1524 1462 77.6969
1 8999 1522 1461 77.7719
1 8999 1520 1461 77.8478
1 8999 1519 1461 77.9238
1 8999 1518 1461 77.9998
1 8999 1518 1461 78.0748
1 8999 1517 1461 78.1511
1 8999 1516 1460 78.2269
1 8999 1516 1460 78.3018
1 8999 1515 1460 78.3768
1 8999 1515 1460 78.4518
1 8999 1514 1460 78.5258
1 8999 1514 1460 78.6008
1 8999 1513 1459 78.6745
1 8999 1513 1459 78.7483
1 8999 1512 1459 78.8231
1 8999 1511 1459 78.8981
1 8999 1511 1459 78.9726
1 8999 1510 1458 79.0484
1 8999 1510 1458 79.1229
1 8999 1509 1457 79.1974
1 8999 1508 1457 79.2712
1 8999 1507 1457 79.3468
1 8999 1507 1457 79.4223
1 8999 1506 1457 79.4977
1 8999 1505 1457 79.5731
1 8999 1504 1457 79.6508
1 8999 1503 1457 79.7261
1 8999 1502 1457 79.8012
1 8999 1502 1457 79.8776
1 8999 1501 1457 79.9556
1 8999 1500 1457 80.0304
1 8999 1500 1457 80.1054
1 8999 1499 1457 80.1813
1 8999 1498 1457 80.2563
1 8999 1497 1457 80.3318
1 8999 1497 1457 80.4067
1 8999 1496 1457 80.4813
1 8999 1495 1457 80.5563
1 8999 1493 1457 80.6312
1 8999 1492 1458 80.7068
1 8999 1492 1458 80.7842
1 8999 1491 1458 80.8582
1 8999 1491 1458 80.934
1 8999 1490 1458 81.0104
1 8999 1490 1457 81.0941
1 8999 1489 1457 81.1684
1 8999 1489 1456 81.2425
1 8961 1487 1455 81.3173
1 8905 1486 1453 81.3912
1 8874 1485 1452 81.4654
1 8860 1484 1452 81.54
1 8853 1484 1452 81.6151
1 8848 1483 1452 81.69
1 8831 1483 1451 81.7649
1 8797 1482 1451 81.8401
1 8766 1482 1450 81.9154
1 8740 1481 1450 81.9902
1 8708 1481 1449 82.0652
1 8661 1480 1448 82.1403
1 8617 1479 1448 82.2171
1 8580 1479 1447 82.2946
1 8547 1478 1446 82.3703
1 8514 1478 1446 82.4542
1 8484 1477 1445 82.5281
1 8465 1477 1445 82.6036
1 8457 1477 1445 82.6784
1 8461 1476 1445 82.7532
1 8479 1475 1445 82.8282
1 8496 1474 1445 82.9032
1 8508 1473 1445 82.9784
1 8518 1473 1446 83.0544
1 8534 1472 1446 83.1345
1 8554 1471 1446 83.2098
1 8569 1470 1447 83.2859
1 8578 1469 1447 83.3601
1 8589 1469 1447 83.4342
1 8601 1468 1447 83.5106
1 8616 1467 1448 83.5857
1 8632 1466 1449 83.6593
1 8648 1465 1449 83.7348
1 8665 1465 1450 83.8099
1 8683 1465 1451 83.8841
1 8704 1464 1452 83.9591
1 8724 1464 1453 84.0341
1 8742 1464 1453 84.1099
1 8764 1464 1454 84.1839
1 8786 1464 1455 84.259
1 8808 1464 1456 84.335
1 8827 1464 1457 84.4105
1 8840 1464 1458 84.4856
1 8848 1464 1458 84.5609
1 8853 1464 1459 84.6366
1 8855 1463 1459 84.7122
1 8855 1462 1460 84.7877
1 8858 1462 1461 84.8621
1 8848 1461 1461 84.9374
1 8818 1460 1461 85.0131
1 8788 1460 1461 85.0913
1 8771 1459 1461 85.1665
1 8750 1459 1460 85.2422
1 8694 1458 1459 85.3173
1 8602 1457 1457 85.3922
1 8522 1455 1456 85.468
1 8471 1455 1455 85.5444
1 8441 1454 1454 85.6205
1 8423 1454 1454 85.6946
1 8412 1454 1454 85.7685
1 8406 1454 1454 85.8442
1 8400 1454 1453 85.9191
1 8382 1453 1453 85.9947
1 8354 1453 1453 86.0707
1 8336 1453 1452 86.145
1 8326 1453 1452 86.2212
1 8321 1452 1452 86.2964
1 8318 1452 1452 86.3714
1 8320 1452 1452 86.4467
1 8323 1451 1453 86.5217
1 8326 1451 1453 86.5968
1 8327 1450 1453 86.6713
1 8330 1450 1453 86.7466
1 8335 1449 1453 86.8213
1 8338 1449 1453 86.8963
1 8340 1449 1453 86.9723
1 8344 1448 1454 87.0494
1 8346 1448 1454 87.1245
1 8347 1447 1454 87.1996
1 8346 1447 1454 87.2746
1 8346 1446 1454 87.3493
1 8348 1445 1454 87.4249
1 8350 1445 1454 87.5008
1 8354 1444 1454 87.577
1 8369 1444 1455 87.6674
1 8391 1444 1455 87.7424
1 8413 1445 1456 87.817
1 8427 1444 1457 87.8892
1 8434 1444 1457 87.9643
1 8446 1444 1458 88.0414
1 8462 1445 1458 88.1164
1 8473 1445 1459 88.1912
1 8489 1445 1459 88.2673
1 8501 1445 1460 88.3422
1 8508 1445 1461 88.4172
1 8513 1445 1461 88.4922
1 8533 1445 1462 88.5673
1 8567 1446 1463 88.6442
1 8587 1446 1464 88.7362
1 8610 1446 1465 88.8102
1 8640 1447 1466 88.8853
1 8675 1447 1467 88.9602
1 8697 1447 1468 89.0366
1 8715 1448 1469 89.1117
1 8739 1448 1469 89.1867
1 8755 1448 1470 89.2736
1 8769 1448 1471 89.3494
1 8785 1449 1471 89.4248
1 8802 1449 1472 89.5
1 8818 1449 1473 89.5742
1 8838 1449 1474 89.6493
1 8859 1450 1475 89.7254
1 8878 1450 1476 89.8043
1 8903 1451 1477 89.8801
1 8938 1452 1478 89.9557
1 8963 1452 1479 90.0309
1 8977 1453 1479 90.1058
1 8986 1454 1480 90.1794
1 8992 1454 1481 90.2534
1 8995 1455 1482 90.3274
1 8997 1455 1484 90.4013
1 8998 1456 1485 90.4768
1 8998 1456 1485 90.5501
1 8999 1456 1486 90.6261
1 8999 1456 1487 90.7029
1 8999 1456 1487 90.7771
1 8999 1455 1487 90.8519
1 8999 1455 1488 90.9271
1 8999 1455 1488 91.0029
1 8999 1454 1488 91.0769
1 8999 1453 1489 91.1493
1 8986 1452 1488 91.2243
1 8961 1451 1488 91.2993
1 8932 1450 1488 91.3743
1 8890 1449 1487 91.4503
1 8822 1447 1486 91.5254
1 8779 1446 1486 91.6004
1 8752 1445 1486 91.6765
1 8734 1445 1485 91.7532
1 8723 1445 1485 91.8301
1 8717 1445 1485 91.9049
1 8713 1444 1485 91.9798
1 8710 1444 1485 92.0545
1 8705 1444 1485 92.1301
1 8700 1444 1485 92.2063
1 8696 1444 1485 92.2843
1 8690 1444 1486 92.3586
1 8678 1443 1486 92.4323
1 8652 1442 1488 92.5068
1 8637 1442 1489 92.5807
1 8631 1442 1489 92.6547
1 8637 1442 1490 92.7301
1 8681 1443 1491 92.8052
1 8719 1443 1491 92.8815
1 8740 1444 1492 92.9565
1 8745 1444 1492 93.0312
1 8743 1444 1493 93.1053
1 8743 1444 1494 93.1809
1 8749 1444 1495 93.2558
1 8761 1444 1495 93.3314
1 8775 1445 1496 93.407
1 8803 1445 1497 93.4816
1 8827 1446 1497 93.5567
1 8841 1446 1498 93.6315
1 8858 1447 1498 93.707
1 8883 1447 1499 93.7834
1 8897 1448 1499 93.8589
1 8907 1448 1500 93.9337
1 8915 1448 1500 94.0084
1 8923 1449 1501 94.0842
1 8932 1449 1502 94.1597
1 8948 1450 1502 94.2347
1 8969 1451 1502 94.3095
1 8981 1452 1503 94.3866
1 8988 1453 1503 94.4616
1 8993 1454 1504 94.5381
1 8995 1456 1504 94.6125
1 8997 1458 1504 94.6885
1 8998 1459 1504 94.7662
1 8999 1459 1504 94.8436
1 8999 1460 1504 94.92
1 8999 1461 1505 95.0044
1 8999 1462 1505 95.0789
1 8999 1463 1506 95.1521
1 8999 1463 1506 95.2289
1 8999 1464 1506 95.3056
1 8999 1464 1507 95.3811
1 8999 1464 1507 95.4551
1 8999 1464 1508 95.5283
1 8999 1465 1509 95.6042
1 8999 1465 1510 95.6803
1 8999 1465 1510 95.7551
1 8999 1465 1510 95.8296
1 8999 1465 1510 95.9046
1 8999 1465 1511 95.9796
1 8999 1465 1511 96.0551
1 8999 1465 1512 96.1298
1 8999 1465 1512 96.2047
1 8999 1465 1512 96.2797
1 8999 1465 1512 96.3548
1 8999 1465 1512 96.4294
1 8999 1465 1512 96.5059
1 8999 1465 1512 96.5815
1 8999 1465 1512 96.657
1 8999 1465 1512 96.7327
1 8999 1465 1512 96.8078
1 8999 1465 1512 96.8831
1 8999 1465 1512 96.9583
1 8999 1465 1512 97.0333
1 8999 1465 1512 97.1089
1 8999 1465 1512 97.1837
1 8999 1465 1512 97.3233
