0 0 1499 68.159
0 0 1499 68.1791
0 0 1499 68.199
0 0 1499 68.2191
0 0 1499 68.2392
0 0 1499 68.259
0 0 1499 68.279
0 0 1499 68.2994
0 0 1499 68.319
0 0 1499 68.3391
0 0 1499 68.3592
0 0 1499 68.379
0 0 1499 68.399
0 0 1499 68.419
0 0 1499 68.439
0 0 1499 68.4591
0 0 1499 68.479
0 0 1499 68.4991
0 0 1499 68.519
0 0 1499 68.5391
0 0 1499 68.5592
0 0 1499 68.579
0 0 1499 68.5991
0 0 1499 68.619
0 0 1499 68.639
0 0 1499 68.659
0 0 1499 68.679
0 0 1499 68.6991
0 0 1499 68.7191
0 0 1499 68.739
0 0 1499 68.759
0 0 1499 68.779
0 0 1499 68.799
0 0 1499 68.8192
0 0 1499 68.839
0 0 1499 68.8591
0 0 1499 68.879
0 0 1499 68.9
0 0 1499 68.9202
0 0 1498 68.939
0 0 1498 68.9591
0 0 1498 68.979
0 0 1498 68.9991
0 0 1498 69.0192
0 0 1498 69.039
0 0 1498 69.0591
0 0 1498 69.079
0 0 1498 69.0991
0 0 1497 69.1192
0 0 1497 69.139
0 0 1497 69.1591
0 0 1497 69.179
0 0 1497 69.199
0 0 1497 69.2191
0 0 1497 69.239
0 0 1497 69.259
0 0 1497 69.2791
0 0 1497 69.2991
0 0 1497 69.319
0 0 1496 69.3391
0 0 1496 69.3591
0 0 1496 69.379
0 0 1496 69.3991
0 0 1496 69.4192
0 0 1496 69.439
0 0 1496 69.459
0 0 1496 69.4791
0 0 1496 69.4991
0 1 1495 69.5191
0 5 1495 69.5391
0 9 1495 69.5591
0 13 1495 69.5791
0 17 1495 69.5991
0 21 1495 69.6191
0 26 1495 69.6391
0 31 1495 69.659
0 36 1495 69.6793
0 42 1494 69.6991
0 48 1494 69.7191
0 54 1494 69.7391
0 60 1494 69.7593
0 66 1493 69.7791
0 72 1493 69.7991
0 77 1493 69.8193
0 80 1493 69.8391
0 83 1493 69.8591
0 85 1493 69.8799
0 87 1492 69.8991
0 89 1492 69.9193
0 91 1492 69.9381
0 94 1492 69.9581
0 96 1492 69.9782
0 98 1492 69.9981
0 100 1492 70.0183
0 101 1492 70.038
0 101 1492 70.0581
0 101 1492 70.0781
0 102 1492 70.0981
0 102 1492 70.1183
0 102 1492 70.138
0 102 1492 70.1582
0 103 1492 70.1781
0 104 1492 70.1981
0 105 1491 70.2181
0 106 1491 70.2381
0 107 1491 70.2581
0 108 1491 70.278
0 110 1491 70.2981
0 111 1491 70.3181
0 112 1491 70.3381
0 113 1491 70.3581
0 113 1491 70.3782
0 114 1491 70.3981
0 114 1491 70.4181
0 115 1491 70.4381
0 116 1491 70.4581
0 119 1491 70.4782
0 121 1491 70.498
0 124 1490 70.5181
0 126 1490 70.5382
0 128 1490 70.5581
0 129 1490 70.5781
0 130 1490 70.5982
0 132 1490 70.6181
0 132 1490 70.6381
0 133 1490 70.6581
0 133 1490 70.6782
0 134 1490 70.6981
0 135 1490 70.7181
0 137 1490 70.7381
0 139 1490 70.7581
0 141 1490 70.7781
0 143 1490 70.7981
0 144 1490 70.8181
0 147 1490 70.8384
0 149 1490 70.8581
0 151 1490 70.8783
0 153 1490 70.8981
0 156 1490 70.9181
0 161 1490 70.9381
0 166 1490 70.9581
0 171 1490 70.9785
0 176 1489 70.9981
0 181 1489 71.0181
0 187 1489 71.0381
0 196 1489 71.0584
0 205 1488 71.0781
0 213 1488 71.0981
0 221 1487 71.1181
0 228 1487 71.1381
0 237 1487 71.1581
0 249 1487 71.1783
0 261 1487 71.1981
0 273 1487 71.2181
0 285 1487 71.2381
0 295 1487 71.2581
0 303 1487 71.2781
0 309 1487 71.2981
0 315 1487 71.3183
0 321 1487 71.3381
0 326 1486 71.3581
0 329 1486 71.3783
0 333 1486 71.3981
0 335 1486 71.4181
0 338 1486 71.4383
0 340 1486 71.4581
0 342 1486 71.4783
0 345 1486 71.4981
0 350 1485 71.5181
0 357 1485 71.5381
0 365 1485 71.5581
0 375 1485 71.5781
0 388 1484 71.5981
0 403 1484 71.6184
0 418 1483 71.6381
0 436 1483 71.6584
0 459 1482 71.6781
0 490 1482 71.6988
0 531 1482 71.7182
0 578 1481 71.7381
0 630 1481 71.7582
0 687 1481 71.7781
0 749 1481 71.7981
0 813 1481 71.8182
0 880 1481 71.8381
0 949 1481 71.8581
0 1018 1481 71.8782
0 1086 1481 71.8981
0 1154 1481 71.9181
0 1220 1480 71.9384
0 1286 1480 71.9581
0 1351 1480 71.9782
0 1417 1480 71.9981
0 1484 1480 72.0181
0 1551 1480 72.0383
0 1618 1480 72.0581
0 1681 1480 72.0782
0 1741 1480 72.0982
0 1793 1480 72.1181
0 1835 1480 72.1381
0 1865 1480 72.1582
0 1884 1480 72.1781
0 1896 1480 72.1981
0 1903 1480 72.2182
0 1907 1480 72.2382
0 1173 1480 75.1383
0 1174 1480 75.1584
0 1174 1480 75.1783
0 1174 1480 75.1984
0 1174 1480 75.2183
0 1174 1480 75.2383
0 1174 1480 75.2584
0 1174 1480 75.2788
0 1175 1480 75.2984
0 1175 1480 75.3187
0 1175 1480 75.3383
0 1175 1480 75.3584
0 1175 1480 75.3784
0 1175 1480 75.3984
0 1175 1480 75.4184
0 1175 1480 75.4384
0 1175 1480 75.4583
0 1175 1480 75.4782
0 1181 1480 76.4586
0 1182 1480 76.4784
0 1183 1480 76.4984
0 1185 1480 76.5183
0 1186 1480 76.5384
0 1188 1480 76.5584
0 1190 1480 76.5784
0 1192 1480 76.5985
0 1194 1480 76.6184
0 1195 1480 76.6384
0 1197 1480 76.6584
0 1199 1480 76.6784
0 1200 1480 76.6984
0 1201 1480 76.7184
0 1202 1480 76.7383
0 1204 1480 76.7585
0 1205 1480 76.7785
0 1206 1480 76.7984
0 1208 1480 76.8185
0 1208 1480 76.8384
0 1211 1480 76.8583
0 1214 1480 76.8783
0 1218 1480 76.8984
0 1221 1480 76.9183
0 1223 1479 76.9383
0 1225 1479 76.9584
0 1227 1479 76.9783
0 1229 1479 76.9983
0 1232 1479 77.0184
0 1234 1479 77.0384
0 1236 1479 77.0583
0 1237 1479 77.0783
0 1238 1479 77.0983
0 1240 1479 77.1183
0 1242 1479 77.1384
0 1244 1479 77.1584
0 1245 1479 77.1784
0 1247 1479 77.1983
0 1248 1479 77.2185
0 1250 1478 77.2385
0 1252 1478 77.2583
0 1255 1478 77.2783
0 1258 1478 77.2984
0 1261 1478 77.3183
0 1265 1478 77.3383
0 1269 1478 77.3583
0 1272 1478 77.3783
0 1275 1478 77.3983
0 1278 1478 77.4183
0 1280 1478 77.4383
0 1282 1478 77.4583
0 1285 1478 77.4784
0 1287 1477 77.4984
0 1290 1477 77.5183
0 1294 1477 77.5384
0 1297 1477 77.5583
0 1301 1477 77.5783
0 1310 1477 77.5984
0 1321 1477 77.6184
0 1334 1477 77.6383
0 1348 1477 77.6583
0 1360 1477 77.6783
0 1370 1477 77.6983
0 1377 1477 77.7183
0 1383 1477 77.7383
0 1388 1477 77.7584
0 1391 1477 77.7784
0 1393 1476 77.7983
0 1395 1476 77.8184
0 1397 1476 77.8383
0 1398 1476 77.8584
0 1399 1476 77.8783
0 1401 1476 77.8984
0 1403 1476 77.9185
0 1403 1476 77.9383
0 1404 1476 77.9583
0 1405 1476 77.9785
0 1406 1476 77.9983
0 1407 1476 78.0185
0 1408 1476 78.0383
0 1408 1476 78.0584
0 1409 1476 78.0783
0 1410 1476 78.0983
0 1411 1476 78.1183
0 1412 1476 78.1384
0 1414 1476 78.1585
0 1415 1476 78.1784
0 1416 1476 78.1983
0 1418 1476 78.2184
0 1420 1475 78.2383
0 1423 1475 78.2584
0 1425 1475 78.2784
0 1428 1475 78.2983
0 1430 1475 78.3184
0 1435 1475 78.3383
0 1443 1475 78.3584
0 1454 1475 78.3786
0 1468 1475 78.3984
0 1482 1476 78.4184
0 1495 1476 78.4384
0 1508 1476 78.4584
0 1518 1476 78.4784
0 1525 1476 78.4984
0 1530 1476 78.5183
0 1534 1476 78.5384
0 1537 1476 78.5586
0 1539 1476 78.5784
0 1540 1476 78.5984
0 1542 1475 78.6185
0 1544 1475 78.6384
0 1546 1475 78.6585
0 1548 1475 78.6784
0 1551 1475 78.6985
0 1554 1475 78.7183
0 1557 1475 78.7384
0 1560 1475 78.7585
0 1562 1475 78.7783
0 1565 1475 78.7984
0 1567 1475 78.8186
0 1569 1475 78.8383
0 1571 1475 78.8584
0 1574 1475 78.8783
0 1578 1475 78.8984
0 1582 1474 78.9184
0 1587 1474 78.9383
0 1592 1474 78.9583
0 1596 1474 78.9784
0 1600 1474 78.9983
0 1603 1474 79.0184
0 1606 1473 79.0384
0 1609 1473 79.0584
0 1611 1473 79.0784
0 1614 1473 79.0984
0 1616 1473 79.1184
0 1618 1473 79.1384
0 1620 1473 79.1587
0 1621 1473 79.1784
0 1622 1473 79.1984
0 1624 1472 79.2185
0 1629 1472 79.2384
0 1635 1472 79.2584
0 1643 1472 79.2784
0 1651 1472 79.2984
0 1659 1472 79.3184
0 1666 1472 79.3385
0 1672 1473 79.3584
0 1678 1473 79.3784
0 1684 1473 79.3984
0 1689 1473 79.4184
0 1693 1473 79.4386
0 1696 1473 79.4584
0 1699 1472 79.4784
0 1701 1472 79.4984
0 1703 1472 79.5184
0 1704 1472 79.5384
0 1705 1472 79.5584
0 1706 1472 79.5784
0 1707 1472 79.5984
0 1708 1472 79.6184
0 1708 1472 79.6384
0 1710 1472 79.6584
0 1711 1472 79.6784
0 1714 1472 79.6984
0 1716 1472 79.7184
0 1718 1472 79.7393
0 1720 1472 79.759
0 1723 1472 79.7785
0 1726 1472 79.799
0 1728 1472 79.8184
0 1731 1471 79.8385
0 1734 1471 79.8584
0 1736 1471 79.8784
0 1738 1471 79.8984
0 1739 1471 79.9184
0 1739 1471 79.9385
0 1740 1471 79.9584
0 1741 1471 79.9784
0 1741 1471 79.9984
0 1742 1471 80.0184
0 1742 1471 80.0385
0 1743 1471 80.0584
0 1744 1471 80.0784
0 1745 1471 80.0984
0 1746 1471 80.1184
0 1747 1471 80.1384
0 1748 1471 80.1585
0 1750 1471 80.1784
0 1750 1471 80.1985
0 1751 1471 80.2185
0 1752 1471 80.2384
0 1752 1471 80.2585
0 1752 1471 80.2786
0 1752 1471 80.2984
0 1752 1471 80.3184
0 1752 1471 80.3384
0 1753 1471 80.3584
0 1753 1471 80.3785
0 1753 1471 80.3984
0 1754 1471 80.4184
0 1755 1471 80.4385
0 1756 1471 80.4584
0 1757 1471 80.4784
0 1757 1471 80.4986
0 1757 1470 80.5184
0 1758 1470 80.5385
0 1758 1470 80.5584
0 1758 1470 80.5784
0 1758 1470 80.5984
0 1759 1470 80.6184
0 1759 1470 80.6384
0 1760 1470 80.6584
0 1760 1470 80.6784
0 1761 1470 80.6986
0 1762 1470 80.7184
0 1764 1470 80.7384
0 1767 1470 80.7584
0 1770 1470 80.7784
0 1774 1470 80.8065
0 1779 1470 80.8184
0 1784 1470 80.8384
0 1788 1470 80.8584
0 1792 1470 80.8784
0 1796 1469 80.8984
0 1800 1469 80.9184
0 1803 1469 80.9384
0 1807 1469 80.9585
0 1811 1469 80.9785
0 1815 1469 80.9984
0 1819 1469 81.0184
0 1824 1469 81.0387
0 1829 1468 81.0584
0 1834 1468 81.0784
0 1840 1468 81.0984
0 1849 1468 81.1184
0 1861 1468 81.1385
0 1876 1468 81.1584
0 1892 1468 81.1785
0 1909 1468 81.1985
0 1925 1468 81.2185
0 1938 1468 81.2386
0 1947 1468 81.2584
0 1954 1468 81.2784
0 1959 1468 81.2986
0 1964 1468 81.3184
0 1967 1468 81.3384
0 1970 1468 81.3586
0 1973 1468 81.3784
0 1975 1468 81.3984
0 1978 1468 81.4184
0 1980 1467 81.4386
0 1981 1467 81.4588
0 1983 1467 81.4785
0 1984 1467 81.4984
0 1985 1467 81.5186
0 1985 1467 81.5385
0 1986 1467 81.5585
0 1986 1467 81.5784
0 1987 1467 81.5985
0 1987 1467 81.6184
0 1988 1467 81.6384
0 1990 1467 81.6585
0 1995 1467 81.6784
0 2002 1467 81.6984
0 2012 1467 81.7186
0 2023 1467 81.7384
0 2034 1467 81.7585
0 2043 1467 81.7784
0 2050 1467 81.7985
0 2054 1467 81.8185
0 2057 1467 81.8385
0 2059 1467 81.8585
0 2060 1467 81.8787
0 2061 1467 81.8985
0 2061 1467 81.9184
0 2062 1467 81.9385
0 2063 1467 81.9585
0 2063 1467 81.9785
0 2064 1467 81.9986
0 2064 1467 82.0185
0 2064 1467 82.0388
0 2065 1467 82.0584
0 2065 1467 82.0784
0 2066 1467 82.0985
0 2067 1467 82.1184
0 2068 1467 82.1384
0 2068 1467 82.1585
0 2069 1467 82.1784
0 2070 1467 82.1985
0 2071 1467 82.2186
0 2072 1467 82.2384
0 2072 1467 82.2585
0 2074 1467 82.2784
0 2075 1467 82.2985
0 2076 1467 82.3187
0 2078 1467 82.3385
0 2079 1467 82.3585
0 2081 1467 82.3784
0 2082 1467 82.3985
0 2083 1467 82.4188
0 2085 1467 82.4385
0 2087 1467 82.4585
0 2092 1467 82.4785
0 2098 1467 82.4985
0 2103 1467 82.5185
0 2108 1467 82.5385
0 2111 1467 82.5585
0 2114 1467 82.5785
0 2116 1467 82.5985
0 2118 1467 82.6185
0 2120 1467 82.6386
0 2122 1467 82.6585
0 2124 1466 82.6785
0 2126 1466 82.6986
0 2129 1466 82.7185
0 2132 1466 82.7385
0 2135 1466 82.7587
0 2137 1466 82.7785
0 2139 1466 82.7985
0 2142 1466 82.8186
0 2144 1466 82.8385
0 2146 1466 82.8585
0 2148 1466 82.8786
0 2150 1466 82.8985
0 2152 1465 82.9186
0 2153 1465 82.9384
0 2155 1465 82.9585
0 2156 1465 82.9787
0 2157 1465 82.9985
0 2157 1465 83.0187
0 2157 1465 83.0385
0 2158 1465 83.0585
0 2158 1465 83.0785
0 2159 1465 83.0985
0 2161 1465 83.1186
0 2163 1465 83.1385
0 2165 1465 83.1585
0 2167 1465 83.1785
0 2170 1465 83.1985
0 2176 1465 83.2185
0 2183 1465 83.2386
0 2194 1465 83.2585
0 2205 1465 83.2787
0 2217 1465 83.2985
0 2229 1465 83.319
0 2238 1465 83.3385
0 2245 1464 83.3585
0 2250 1464 83.3785
0 2253 1464 83.3985
0 2254 1464 83.4185
0 2255 1464 83.4385
0 2256 1464 83.4585
0 2257 1464 83.4785
0 2257 1464 83.4985
0 2258 1464 83.5185
0 2259 1464 83.5385
0 2260 1464 83.5586
0 2262 1464 83.5785
0 2263 1464 83.5985
0 2265 1464 83.6186
0 2267 1464 83.6385
0 2270 1464 83.6586
0 2273 1464 83.6785
0 2274 1463 83.6987
0 2275 1463 83.7185
0 2276 1463 83.7386
0 2278 1463 83.7585
0 2281 1464 83.7785
0 2285 1464 83.7985
0 2287 1464 83.8185
0 2289 1464 83.8385
0 2290 1464 83.8585
0 2291 1464 83.8785
0 2292 1464 83.8985
0 2292 1464 83.9187
0 2294 1464 83.9385
0 2295 1464 83.9585
0 2297 1463 83.9785
0 2298 1463 83.9986
0 2300 1463 84.0185
0 2302 1463 84.0386
0 2305 1463 84.0585
0 2309 1463 84.0787
0 2312 1463 84.0985
0 2316 1463 84.1187
0 2319 1463 84.1385
0 2321 1463 84.1586
0 2323 1462 84.1786
0 2326 1462 84.1985
0 2327 1462 84.2187
0 2329 1462 84.2385
0 2330 1462 84.2585
0 2332 1462 84.2785
0 2334 1462 84.2985
0 2337 1462 84.3186
0 2339 1462 84.3385
0 2343 1462 84.3585
0 2346 1462 84.3787
0 2349 1462 84.3985
0 2351 1461 84.4187
0 2353 1461 84.4385
0 2355 1461 84.4587
0 2357 1461 84.4785
0 2358 1461 84.4986
0 2359 1461 84.5185
0 2361 1461 84.5385
0 2363 1461 84.5587
0 2365 1461 84.5785
0 2367 1461 84.5986
0 2368 1460 84.6185
0 2370 1460 84.6385
0 2370 1460 84.6587
0 2371 1460 84.6786
0 2372 1460 84.6986
0 2373 1460 84.7185
0 2373 1460 84.7386
0 2373 1460 84.7586
0 2374 1460 84.7787
0 2375 1460 84.7985
0 2375 1460 84.8186
0 2376 1460 84.8387
0 2378 1460 84.8585
0 2380 1460 84.8786
0 2382 1460 84.8987
0 2384 1460 84.9186
0 2386 1460 84.9386
0 2391 1460 84.9588
0 2398 1460 84.9785
0 2407 1460 84.9986
0 2418 1460 85.0185
0 2430 1460 85.0385
0 2440 1460 85.0586
0 2448 1460 85.0785
0 2454 1460 85.0986
0 2457 1460 85.1186
0 2460 1460 85.1385
0 2461 1460 85.1586
0 2462 1460 85.1785
0 2462 1460 85.1986
0 2463 1460 85.2187
0 2463 1460 85.2385
0 2463 1460 85.2595
0 2464 1460 85.2806
0 2464 1460 85.2986
1 2464 1460 86.1386
1 2464 1460 86.1586
1 2464 1460 86.1787
1 2464 1460 86.1986
1 2464 1460 86.2187
1 2464 1460 86.2386
1 2464 1460 86.2586
1 2464 1460 86.2788
1 2465 1460 86.2986
1 2465 1460 86.3186
1 2465 1460 86.3386
1 2465 1460 86.3586
1 2465 1460 86.3787
1 2465 1460 86.3986
1 2465 1460 86.4186
1 2465 1460 86.4386
1 2465 1460 86.4586
1 2465 1460 86.4786
1 2465 1460 86.4986
1 2465 1460 86.5186
1 2465 1460 86.5389
1 2465 1460 86.5586
1 2465 1460 86.5788
1 2465 1460 86.5986
1 2465 1460 86.6186
1 2465 1460 86.6387
1 2464 1460 86.6586
1 2463 1460 86.6786
1 2462 1460 86.6986
1 2461 1460 86.7186
1 2459 1461 86.7386
1 2457 1461 86.7588
1 2455 1461 86.7786
1 2452 1461 86.7986
1 2448 1462 86.8186
1 2444 1462 86.8386
1 2439 1462 86.8586
1 2435 1463 86.8787
1 2430 1463 86.8986
1 2426 1463 86.9188
1 2422 1464 86.9386
1 2419 1464 86.9586
1 2416 1464 86.9787
1 2414 1464 86.9987
1 2413 1464 87.0186
1 2411 1465 87.0387
1 2410 1465 87.0586
1 2408 1465 87.0786
1 2408 1465 87.0986
1 2406 1465 87.1188
1 2405 1465 87.1388
1 2404 1465 87.1586
1 2401 1465 87.1786
1 2399 1466 87.1987
1 2397 1466 87.2186
1 2394 1466 87.2388
1 2392 1466 87.2586
1 2391 1466 87.2786
1 2389 1466 87.2988
1 2388 1466 87.3186
1 2386 1467 87.3386
1 2385 1467 87.3587
1 2383 1467 87.3787
1 2381 1467 87.3988
1 2379 1467 87.4176
1 2377 1467 87.4378
1 2374 1467 87.4576
1 2372 1468 87.4776
1 2370 1468 87.4976
1 2368 1468 87.5176
1 2366 1468 87.5376
1 2364 1468 87.5576
1 2362 1468 87.5777
1 2361 1468 87.5976
1 2360 1469 87.6177
1 2358 1469 87.6378
1 2357 1469 87.6576
1 2354 1469 87.6776
1 2351 1469 87.6976
1 2348 1469 87.7176
1 2345 1470 87.7377
1 2343 1470 87.7576
1 2340 1470 87.7781
1 2338 1470 87.7976
1 2337 1470 87.818
1 2336 1470 87.8387
1 2334 1470 87.8576
1 2332 1471 87.8776
1 2330 1471 87.8977
1 2328 1471 87.9181
1 2325 1471 87.9378
1 2322 1471 87.9577
1 2318 1471 87.9778
1 2315 1472 87.9976
1 2312 1472 88.0177
1 2309 1472 88.0377
1 2307 1472 88.0577
1 2306 1472 88.0777
1 2305 1472 88.0977
1 2304 1472 88.1176
1 2303 1473 88.1377
1 2303 1473 88.1577
1 2302 1473 88.1776
1 2301 1473 88.1976
1 2300 1473 88.2176
1 2298 1473 88.2376
1 2298 1473 88.2577
1 2302 1473 88.2776
1 2307 1474 88.2976
1 2314 1474 88.3176
1 2322 1474 88.3376
1 2331 1475 88.3578
1 2339 1475 88.3776
1 2346 1475 88.3976
1 2349 1475 88.4176
1 2350 1476 88.4377
1 2349 1476 88.4577
1 2348 1476 88.4777
1 2347 1476 88.4978
1 2345 1476 88.5177
1 2343 1476 88.5377
1 2340 1477 88.5576
1 2337 1477 88.5777
1 2334 1477 88.5977
1 2331 1477 88.6176
1 2328 1477 88.6379
1 2325 1478 88.6576
1 2321 1478 88.6777
1 2318 1478 88.6982
1 2315 1478 88.7176
1 2312 1478 88.7377
1 2309 1479 88.7577
1 2306 1479 88.7777
1 2304 1479 88.7977
1 2301 1479 88.8177
1 2299 1479 88.8377
1 2296 1479 88.8577
1 2294 1480 88.8776
1 2292 1480 88.8978
1 2290 1480 88.9177
1 2288 1480 88.9377
1 2287 1480 88.9577
1 2285 1480 88.9777
1 2283 1480 88.9977
1 2281 1480 89.0177
1 2279 1480 89.0377
1 2276 1481 89.0577
1 2273 1481 89.0777
1 2269 1481 89.0977
1 2265 1481 89.1177
1 2261 1481 89.1378
1 2258 1482 89.1577
1 2255 1482 89.1777
1 2252 1482 89.1979
1 2248 1482 89.2177
1 2245 1482 89.2377
1 2242 1483 89.2577
1 2239 1483 89.2777
1 2236 1483 89.2977
1 2233 1483 89.3177
1 2230 1483 89.3377
1 2227 1484 89.3577
1 2224 1484 89.3777
1 2221 1484 89.3977
1 2219 1484 89.4179
1 2216 1484 89.4377
1 2214 1484 89.4577
1 2212 1484 89.4778
1 2210 1485 89.4977
1 2208 1485 89.5177
1 2205 1485 89.5377
1 2203 1485 89.5577
1 2200 1485 89.5778
1 2198 1485 89.5977
1 2195 1485 89.6177
1 2193 1486 89.6378
1 2191 1486 89.6577
1 2189 1486 89.6777
1 2189 1486 89.6977
1 2191 1486 89.7177
1 2194 1486 89.7379
1 2197 1487 89.7577
1 2200 1487 89.7779
1 2202 1487 89.7977
1 2203 1488 89.8177
1 2203 1488 89.8379
1 2202 1488 89.8578
1 2199 1489 89.8777
1 2196 1489 89.8977
1 2192 1490 89.9177
1 2188 1490 89.9377
1 2183 1490 89.9577
1 2179 1490 89.9777
1 2175 1491 89.9977
1 2170 1491 90.0178
1 2167 1491 90.0387
1 2164 1491 90.0578
1 2162 1491 90.0778
1 2160 1491 90.0977
1 2157 1492 90.1177
1 2155 1492 90.1377
1 2152 1492 90.1577
1 2150 1492 90.1777
1 2147 1492 90.1977
1 2144 1492 90.2179
1 2141 1492 90.2377
1 2138 1493 90.2577
1 2137 1493 90.2777
1 2138 1493 90.2977
1 2141 1493 90.3177
1 2145 1494 90.3377
1 2148 1494 90.3577
1 2150 1495 90.3777
1 2151 1495 90.3978
1 2152 1495 90.4177
1 2150 1496 90.4378
1 2148 1496 90.4577
1 2144 1496 90.4777
1 2141 1497 90.4978
1 2138 1497 90.5177
1 2135 1497 90.5378
1 2134 1497 90.5579
1 2135 1497 90.5777
1 2138 1498 90.5978
1 2142 1498 90.6178
1 2149 1499 90.6379
1 2156 1499 90.6577
1 2162 1499 90.6778
1 2167 1500 90.6979
1 2170 1500 90.7177
1 2172 1501 90.7377
1 2173 1501 90.7578
1 2172 1501 90.7777
1 2170 1501 90.7977
1 2168 1501 90.8179
1 2166 1501 90.8377
1 2162 1502 90.8577
1 2159 1502 90.8778
1 2155 1502 90.8982
1 2151 1502 90.9179
1 2146 1502 90.9377
1 2141 1503 90.9577
1 2136 1503 90.9777
1 2130 1503 90.9977
1 2124 1503 91.0177
1 2118 1504 91.0379
1 2112 1504 91.0577
1 2106 1504 91.0777
1 2101 1505 91.0978
1 2096 1505 91.1178
1 2092 1505 91.1378
1 2089 1505 91.1579
1 2086 1505 91.1778
1 2084 1505 91.1977
1 2082 1505 91.2178
1 2081 1505 91.2377
1 2079 1505 91.2578
1 2078 1506 91.2779
1 2077 1506 91.2977
1 2075 1506 91.3177
1 2072 1506 91.3378
1 2069 1506 91.3577
1 2066 1506 91.3779
1 2061 1506 91.3977
1 2057 1507 91.4177
1 2054 1507 91.4377
1 2053 1507 91.4577
1 2056 1508 91.4777
1 2063 1508 91.4978
1 2069 1509 91.5177
1 2074 1509 91.5377
1 2077 1510 91.5579
1 2077 1510 91.5777
1 2075 1510 91.5977
1 2072 1511 91.6178
1 2069 1511 91.6377
1 2065 1511 91.6577
1 2061 1511 91.6778
1 2056 1511 91.6977
1 2052 1512 91.7177
1 2046 1512 91.738
1 2041 1512 91.7578
1 2035 1512 91.7778
1 2030 1513 91.7977
1 2024 1513 91.8177
1 2019 1513 91.8378
1 2016 1513 91.8578
1 2015 1514 91.8778
1 2016 1514 91.898
1 2019 1514 91.9178
1 2021 1515 91.9378
1 2023 1515 91.9578
1 2026 1515 91.9777
1 2029 1516 91.9978
1 2032 1516 92.018
1 2035 1516 92.0379
1 2039 1516 92.0578
1 2043 1516 92.0777
1 2046 1517 92.0978
1 2050 1517 92.1178
1 2053 1517 92.1378
1 2056 1517 92.1578
1 2059 1517 92.1778
1 2063 1518 92.1978
1 2066 1518 92.2179
1 2069 1518 92.2378
1 2073 1519 92.2578
1 2075 1519 92.2778
1 2078 1519 92.2978
1 2079 1519 92.3178
1 2081 1519 92.3378
1 2083 1519 92.3578
1 2086 1519 92.3778
1 2088 1520 92.3978
1 2091 1520 92.4178
1 2093 1520 92.4378
1 2094 1520 92.4578
1 2095 1520 92.4778
1 2096 1521 92.4978
1 2096 1521 92.5182
1 2095 1521 92.538
1 2094 1521 92.5578
1 2093 1522 92.5779
1 2091 1522 92.5978
1 2088 1522 92.6179
1 2085 1523 92.6381
1 2081 1523 92.658
1 2076 1523 92.6781
1 2071 1524 92.6981
1 2066 1524 92.7183
1 2062 1524 92.742
1 2059 1524 92.7578
1 2058 1524 92.7778
1 2057 1524 92.7978
1 2056 1524 92.8178
1 2056 1524 92.8378
1 2055 1524 92.8582
1 2055 1524 92.8779
1 2055 1525 92.8978
1 2055 1525 92.9178
1 2056 1525 92.938
1 2058 1525 92.9578
1 2062 1525 92.9782
1 2067 1526 92.9978
1 2072 1526 93.0178
1 2077 1526 93.0378
1 2081 1526 93.0578
1 2083 1527 93.0782
1 2084 1527 93.0978
1 2083 1527 93.1178
1 2081 1528 93.1378
1 2080 1528 93.1578
1 2081 1528 93.178
1 2083 1528 93.1978
1 2087 1529 93.2178
1 2091 1529 93.238
1 2096 1529 93.2578
1 2100 1529 93.2778
1 2104 1530 93.2979
1 2107 1530 93.3178
1 2109 1530 93.3378
1 2112 1530 93.3579
1 2115 1530 93.3778
1 2119 1530 93.3979
1 2122 1531 93.4178
1 2125 1531 93.4378
1 2128 1531 93.4578
1 2131 1531 93.478
1 2134 1531 93.498
1 2137 1531 93.5179
1 2139 1532 93.5378
1 2141 1532 93.558
1 2143 1532 93.5778
1 2145 1532 93.5978
1 2147 1532 93.6179
1 2149 1532 93.6379
1 2152 1532 93.6578
1 2156 1532 93.6781
1 2159 1532 93.6978
1 2163 1533 93.7178
1 2166 1533 93.738
1 2169 1533 93.7579
1 2171 1533 93.778
1 2173 1533 93.7978
1 2175 1533 93.818
1 2176 1533 93.8379
1 2176 1533 93.858
1 2176 1533 93.878
1 2176 1534 93.8979
1 2175 1534 93.918
1 2174 1534 93.9381
1 2173 1534 93.958
1 2172 1534 93.978
1 2171 1534 93.9979
1 2169 1534 94.018
1 2166 1534 94.0382
1 2163 1534 94.0579
1 2160 1534 94.0778
1 2157 1534 94.0978
1 2155 1534 94.1179
1 2153 1535 94.1379
1 2153 1535 94.1579
1 2152 1535 94.178
1 2152 1535 94.198
1 2152 1535 94.2179
1 2151 1535 94.2379
1 2151 1535 94.258
1 2151 1535 94.278
1 2151 1535 94.2979
1 2151 1535 94.318
1 2151 1535 94.3379
1 2151 1535 94.3579
0 2160 1535 96.3179
0 2162 1535 96.3381
0 2164 1535 96.3581
0 2166 1535 96.378
0 2169 1535 96.3979
0 2171 1534 96.4179
0 2175 1534 96.4379
0 2179 1534 96.4581
0 2183 1534 96.4779
0 2187 1534 96.4979
0 2191 1534 96.5179
0 2194 1534 96.5379
0 2198 1534 96.5581
0 2201 1534 96.5779
0 2205 1534 96.5979
0 2209 1534 96.6179
0 2215 1533 96.6379
0 2220 1533 96.658
0 2227 1533 96.6779
0 2233 1533 96.6979
0 2239 1533 96.7182
0 2245 1533 96.7379
0 2252 1533 96.7579
0 2259 1532 96.7781
0 2266 1532 96.7979
0 2275 1532 96.8179
0 2284 1532 96.838
0 2292 1532 96.8579
0 2299 1532 96.8779
0 2306 1531 96.8981
0 2311 1531 96.9179
0 2317 1531 96.9379
0 2322 1531 96.9579
0 2327 1531 96.9779
0 2334 1531 96.9983
0 2340 1531 97.0179
0 2346 1531 97.038
0 2352 1531 97.0579
0 2357 1531 97.0782
0 2363 1531 97.0979
0 2367 1531 97.1179
0 2370 1531 97.1379
0 2374 1531 97.1581
0 2376 1531 97.178
0 2377 1530 97.198
0 2378 1530 97.2181
0 2378 1530 97.238
0 2379 1530 97.2581
0 2380 1531 97.2779
0 2380 1531 97.2979
0 2380 1531 97.3179
0 2381 1531 97.338
0 2381 1531 97.3581
0 2381 1531 97.378
0 2381 1531 97.398
0 2382 1531 97.4181
0 2382 1531 97.4379
0 2391 1531 97.9379
0 2393 1531 97.9581
0 2396 1531 97.978
0 2400 1530 97.998
0 2403 1530 98.0182
0 2407 1530 98.0387
0 2411 1530 98.058
0 2415 1530 98.0779
0 2418 1530 98.0979
0 2421 1530 98.118
0 2425 1530 98.1379
0 2429 1530 98.158
0 2433 1530 98.178
0 2438 1530 98.198
0 2442 1529 98.218
0 2446 1529 98.2382
0 2450 1529 98.258
0 2455 1529 98.278
0 2460 1529 98.2981
0 2465 1529 98.318
0 2469 1529 98.338
0 2475 1529 98.358
0 2480 1529 98.378
0 2487 1528 98.398
0 2494 1528 98.4183
0 2501 1528 98.438
0 2508 1528 98.458
0 2515 1528 98.478
0 2521 1528 98.498
0 2527 1527 98.5181
0 2533 1527 98.538
0 2538 1527 98.558
0 2543 1527 98.5781
0 2548 1527 98.598
0 2552 1527 98.6181
0 2556 1527 98.638
0 2559 1527 98.658
0 2562 1527 98.678
0 2565 1527 98.698
0 2569 1527 98.7181
0 2572 1527 98.738
0 2575 1526 98.758
0 2579 1526 98.778
0 2583 1526 98.798
0 2586 1526 98.8181
0 2589 1526 98.838
0 2592 1526 98.858
0 2596 1526 98.878
0 2600 1526 98.898
0 2604 1526 98.918
0 2607 1526 98.938
0 2611 1526 98.958
0 2614 1526 98.978
0 2617 1526 98.998
0 2620 1526 99.018
0 2623 1526 99.038
0 2625 1526 99.058
0 2626 1526 99.0781
0 2627 1526 99.098
0 2628 1526 99.118
0 2630 1526 99.138
0 2631 1526 99.158
0 2633 1526 99.178
0 2637 1525 99.1982
0 2640 1525 99.218
0 2644 1525 99.238
0 2648 1525 99.258
0 2653 1525 99.278
0 2658 1525 99.2981
0 2661 1525 99.3182
0 2664 1525 99.338
0 2668 1525 99.358
0 2670 1525 99.3782
0 2675 1525 99.3981
0 2678 1524 99.418
0 2682 1524 99.438
0 2687 1524 99.458
0 2691 1524 99.478
0 2696 1524 99.498
0 2700 1524 99.518
0 2705 1524 99.5383
0 2709 1524 99.558
0 2713 1523 99.578
0 2717 1523 99.598
0 2721 1523 99.618
0 2724 1523 99.6382
0 2727 1523 99.658
0 2729 1523 99.678
0 2731 1523 99.698
0 2734 1523 99.718
0 2735 1523 99.7382
0 2736 1523 99.7581
0 2737 1523 99.778
0 2737 1523 99.7982
0 2738 1523 99.818
0 2738 1523 99.838
0 2739 1523 99.858
0 2739 1523 99.878
0 2740 1523 99.898
0 2741 1523 99.9181
0 2742 1523 99.938
0 2742 1523 99.9582
0 2743 1523 99.978
0 2744 1523 99.998
0 2747 1523 100.018
0 2752 1523 100.038
0 2756 1523 100.058
0 2760 1523 100.078
0 2765 1523 100.098
0 2771 1523 100.118
0 2778 1523 100.138
0 2785 1523 100.158
0 2791 1523 100.178
0 2797 1523 100.198
0 2803 1523 100.218
0 2808 1523 100.238
0 2813 1523 100.258
0 2817 1523 100.278
0 2821 1523 100.298
0 2824 1523 100.318
0 2827 1523 100.338
0 2829 1523 100.358
0 2830 1523 100.378
0 2832 1523 100.398
0 2834 1523 100.418
0 2837 1523 100.438
0 2841 1523 100.458
0 2845 1523 100.478
0 2849 1523 100.498
0 2854 1523 100.518
0 2858 1523 100.538
0 2862 1523 100.558
0 2866 1523 100.578
0 2869 1523 100.598
0 2872 1523 100.618
0 2873 1523 100.638
0 2875 1522 100.658
0 2877 1522 100.678
0 2878 1522 100.698
0 2879 1522 100.718
0 2879 1522 100.738
0 2879 1522 100.758
0 2881 1522 100.778
0 2884 1522 100.798
0 2888 1522 100.818
0 2893 1522 100.838
0 2899 1522 100.858
0 2905 1522 100.878
0 2911 1522 100.898
0 2917 1522 100.918
0 2923 1522 100.938
0 2928 1522 100.958
0 2933 1522 100.978
0 2938 1522 100.998
0 2941 1522 101.018
0 2944 1522 101.038
0 2947 1522 101.058
0 2951 1522 101.078
0 2953 1522 101.098
0 2956 1522 101.118
0 2959 1522 101.138
0 2962 1522 101.158
0 2966 1522 101.178
0 2971 1522 101.198
0 2976 1522 101.218
0 2982 1522 101.238
0 2986 1522 101.258
0 2991 1522 101.278
0 2995 1522 101.298
0 3000 1522 101.318
0 3004 1522 101.338
0 3007 1522 101.358
0 3010 1522 101.378
0 3013 1522 101.398
0 3016 1522 101.418
0 3019 1522 101.438
0 3021 1522 101.458
0 3024 1522 101.478
0 3027 1522 101.498
0 3029 1522 101.518
0 3032 1522 101.538
0 3035 1522 101.558
0 3038 1522 101.578
0 3041 1522 101.598
0 3044 1521 101.618
0 3047 1521 101.64
0 3050 1521 101.658
0 3053 1521 101.678
0 3055 1521 101.698
0 3057 1521 101.718
0 3059 1521 101.738
0 3060 1521 101.758
0 3061 1521 101.779
0 3062 1521 101.798
0 3063 1521 101.818
0 3065 1521 101.838
0 3066 1521 101.858
0 3068 1521 101.878
0 3069 1521 101.898
0 3070 1521 101.918
0 3071 1521 101.938
0 3071 1521 101.958
0 3072 1521 101.978
0 3073 1521 101.998
0 3073 1521 102.018
0 3074 1521 102.038
0 3077 1521 102.058
0 3084 1521 102.078
0 3091 1521 102.098
0 3098 1521 102.118
0 3104 1521 102.138
0 3108 1521 102.158
0 3112 1521 102.178
0 3115 1521 102.198
0 3117 1521 102.218
0 3119 1521 102.238
0 3120 1521 102.258
0 3122 1521 102.278
0 3124 1521 102.298
0 3126 1521 102.318
0 3127 1521 102.338
0 3129 1521 102.358
0 3130 1521 102.378
0 3131 1521 102.398
0 3132 1521 102.418
0 3133 1521 102.438
0 3135 1521 102.458
0 3138 1521 102.478
0 3141 1521 102.498
0 3144 1521 102.518
0 3148 1521 102.538
0 3152 1520 102.558
0 3156 1520 102.578
0 3160 1520 102.598
0 3163 1520 102.618
0 3167 1520 102.638
0 3172 1520 102.658
0 3177 1520 102.678
0 3181 1520 102.698
0 3185 1520 102.718
0 3188 1519 102.738
0 3190 1519 102.758
0 3192 1519 102.778
0 3192 1519 102.798
0 3193 1519 102.818
0 3193 1519 102.838
0 3194 1519 102.858
0 3194 1519 102.878
0 3194 1519 102.898
0 3194 1519 102.918
0 3195 1519 102.938
0 3195 1519 102.958
0 3196 1519 102.978
0 3196 1519 102.998
0 3196 1519 103.018
0 3196 1519 103.038
1 3200 1520 103.958
1 3200 1520 103.978
1 3200 1520 103.998
1 3200 1520 104.018
1 3200 1520 104.038
1 3200 1520 104.058
1 3200 1520 104.078
1 3200 1520 104.098
1 3200 1520 104.118
1 3200 1520 104.138
1 3200 1520 104.158
1 3200 1520 104.178
1 3200 1520 104.198
1 3200 1520 104.218
1 3200 1520 104.238
1 3200 1520 104.258
1 3200 1520 104.278
1 3200 1520 104.298
1 3200 1520 104.318
1 3200 1520 104.338
1 3199 1520 104.358
1 3198 1520 104.378
1 3196 1520 104.398
1 3194 1520 104.418
1 3192 1520 104.438
1 3193 1520 104.458
1 3195 1520 104.478
1 3200 1521 104.498
1 3206 1521 104.518
1 3214 1521 104.538
1 3221 1522 104.558
1 3229 1522 104.578
1 3236 1522 104.598
1 3243 1523 104.618
1 3249 1523 104.638
1 3254 1523 104.658
1 3258 1523 104.678
1 3261 1524 104.698
1 3261 1524 104.718
1 3262 1524 104.738
1 3262 1524 104.758
1 3263 1524 104.778
1 3264 1524 104.798
1 3265 1524 104.818
1 3265 1524 104.839
1 3267 1524 104.858
1 3268 1525 104.878
1 3268 1525 104.897
1 3268 1525 104.917
1 3266 1525 104.937
1 3265 1525 104.957
1 3264 1526 104.977
1 3264 1526 104.997
1 3263 1526 105.017
1 3263 1526 105.037
1 3263 1526 105.057
1 3263 1526 105.078
1 3263 1527 105.097
1 3262 1527 105.117
1 3261 1527 105.137
1 3259 1527 105.157
1 3258 1527 105.177
1 3255 1527 105.197
1 3253 1527 105.217
1 3251 1527 105.237
1 3250 1527 105.257
1 3249 1527 105.277
1 3250 1528 105.297
1 3251 1528 105.317
1 3252 1528 105.337
1 3253 1528 105.357
1 3255 1528 105.377
1 3256 1528 105.397
1 3255 1528 105.417
1 3255 1528 105.437
1 3255 1528 105.457
1 3255 1528 105.477
1 3255 1528 105.497
1 3254 1528 105.517
1 3252 1529 105.537
1 3250 1529 105.557
1 3247 1529 105.577
1 3245 1529 105.597
1 3242 1529 105.617
1 3238 1529 105.637
1 3236 1529 105.657
1 3235 1530 105.677
1 3233 1530 105.698
1 3230 1530 105.717
1 3227 1530 105.737
1 3223 1530 105.757
1 3219 1531 105.777
1 3214 1531 105.797
1 3211 1531 105.817
1 3207 1531 105.837
1 3205 1531 105.857
1 3203 1532 105.877
1 3201 1532 105.897
1 3199 1532 105.917
1 3196 1532 105.937
1 3191 1532 105.957
1 3186 1532 105.977
1 3181 1533 105.997
1 3176 1533 106.017
1 3171 1533 106.037
1 3167 1533 106.057
1 3163 1533 106.077
1 3160 1533 106.097
1 3156 1534 106.117
1 3154 1534 106.137
1 3153 1534 106.157
1 3153 1534 106.177
1 3155 1534 106.197
1 3157 1534 106.217
1 3159 1534 106.237
1 3162 1535 106.257
1 3164 1535 106.277
1 3166 1535 106.297
1 3167 1535 106.317
1 3168 1535 106.337
1 3168 1536 106.357
1 3167 1536 106.378
1 3166 1536 106.397
1 3164 1536 106.417
1 3163 1537 106.437
1 3161 1537 106.457
1 3161 1537 106.477
1 3161 1537 106.497
1 3161 1538 106.517
1 3161 1538 106.537
1 3161 1538 106.557
1 3162 1538 106.577
1 3161 1538 106.597
1 3160 1538 106.617
1 3157 1539 106.637
1 3154 1539 106.657
1 3151 1539 106.677
1 3150 1539 106.697
1 3150 1539 106.717
1 3150 1539 106.737
1 3151 1539 106.757
1 3152 1540 106.777
1 3154 1540 106.797
1 3156 1540 106.817
1 3158 1540 106.837
1 3159 1540 106.857
1 3160 1541 106.877
1 3160 1541 106.897
1 3160 1541 106.917
1 3159 1541 106.937
1 3159 1541 106.957
1 3159 1541 106.977
1 3159 1542 106.997
1 3160 1542 107.017
1 3160 1542 107.037
1 3161 1542 107.057
1 3163 1542 107.077
1 3166 1542 107.097
1 3167 1543 107.117
1 3169 1543 107.137
1 3170 1543 107.157
1 3170 1543 107.177
1 3170 1544 107.197
1 3170 1544 107.218
1 3168 1544 107.237
1 3166 1544 107.257
1 3165 1545 107.277
1 3164 1545 107.297
1 3164 1545 107.317
1 3164 1545 107.337
1 3164 1545 107.357
1 3164 1545 107.377
1 3164 1545 107.397
1 3164 1545 107.417
1 3164 1545 107.437
1 3164 1545 107.457
1 3165 1545 107.477
1 3167 1545 107.497
1 3168 1546 107.517
1 3169 1546 107.537
1 3170 1546 107.557
1 3171 1546 107.577
1 3172 1546 107.597
1 3173 1546 107.617
1 3174 1546 107.637
1 3176 1546 107.657
1 3178 1546 107.677
1 3180 1546 107.697
1 3183 1546 107.717
1 3186 1547 107.737
1 3189 1547 107.757
1 3192 1547 107.777
1 3196 1547 107.797
1 3198 1547 107.817
1 3201 1547 107.837
1 3203 1548 107.857
1 3204 1548 107.877
1 3206 1548 107.897
1 3207 1548 107.917
1 3208 1548 107.937
1 3210 1548 107.957
1 3211 1548 107.977
1 3211 1548 107.997
1 3212 1548 108.017
1 3212 1548 108.037
1 3213 1548 108.057
1 3213 1548 108.077
1 3214 1548 108.097
1 3214 1548 108.118
1 3214 1548 108.137
1 3215 1548 108.157
1 3217 1548 108.177
1 3219 1548 108.197
1 3222 1549 108.217
1 3225 1549 108.237
1 3228 1549 108.257
1 3231 1549 108.277
1 3233 1549 108.297
1 3234 1549 108.318
1 3235 1549 108.337
1 3236 1549 108.357
1 3236 1549 108.378
1 3236 1549 108.397
1 3237 1549 108.417
1 3238 1549 108.437
1 3239 1549 108.457
1 3240 1549 108.477
1 3242 1550 108.497
1 3243 1550 108.517
1 3244 1550 108.537
1 3245 1550 108.557
1 3246 1550 108.577
1 3247 1550 108.597
1 3248 1550 108.617
1 3250 1550 108.637
1 3251 1550 108.657
1 3253 1550 108.678
1 3255 1550 108.697
1 3257 1550 108.717
1 3259 1551 108.737
1 3261 1551 108.757
1 3263 1551 108.777
1 3266 1551 108.797
1 3268 1551 108.817
1 3270 1551 108.837
1 3271 1551 108.857
1 3272 1551 108.877
1 3273 1551 108.897
1 3273 1551 108.917
1 3274 1551 108.937
1 3274 1551 108.957
1 3275 1551 108.977
1 3275 1551 108.997
1 3275 1552 109.017
1 3275 1552 109.037
1 3275 1552 109.057
1 3275 1552 109.077
1 3275 1552 109.097
1 3275 1552 109.117
1 3275 1552 109.137
1 3276 1552 109.157
1 3276 1552 109.177
1 3277 1552 109.198
1 3278 1552 109.217
1 3279 1552 109.237
1 3281 1552 109.257
1 3282 1552 109.277
1 3283 1552 109.297
1 3284 1552 109.317
1 3285 1552 109.337
1 3286 1552 109.357
1 3287 1552 109.377
1 3288 1552 109.397
1 3289 1552 109.417
1 3290 1552 109.437
1 3289 1553 109.457
1 3289 1553 109.477
1 3287 1553 109.497
1 3286 1553 109.517
1 3285 1553 109.537
1 3285 1553 109.557
1 3286 1553 109.577
1 3286 1553 109.597
1 3288 1553 109.617
1 3288 1554 109.637
1 3288 1554 109.657
1 3288 1554 109.677
1 3287 1554 109.697
1 3287 1554 109.717
1 3287 1554 109.737
1 3287 1554 109.758
1 3287 1554 109.777
1 3287 1554 109.797
1 3288 1555 109.817
1 3289 1555 109.837
1 3290 1555 109.857
1 3289 1555 109.877
1 3290 1555 109.897
1 3291 1555 109.917
1 3291 1555 109.937
1 3291 1555 109.957
1 3291 1555 109.978
1 3292 1555 109.997
1 3291 1555 110.017
1 3292 1555 110.037
1 3293 1555 110.057
1 3295 1555 110.077
1 3296 1556 110.097
1 3298 1556 110.118
1 3300 1556 110.138
1 3301 1556 110.157
1 3303 1556 110.177
1 3304 1556 110.198
1 3305 1556 110.218
1 3305 1556 110.238
1 3304 1556 110.258
1 3303 1556 110.278
1 3303 1556 110.297
1 3302 1557 110.318
1 3301 1557 110.337
1 3301 1557 110.357
1 3302 1557 110.377
1 3301 1557 110.397
1 3300 1557 110.418
1 3299 1557 110.438
1 3297 1557 110.457
1 3296 1557 110.478
1 3295 1557 110.497
1 3294 1557 110.518
1 3293 1557 110.538
1 3292 1557 110.557
1 3291 1557 110.577
1 3291 1558 110.598
1 3291 1558 110.618
1 3291 1558 110.637
1 3290 1558 110.657
1 3290 1558 110.677
1 3289 1558 110.697
1 3289 1558 110.717
1 3289 1558 110.737
1 3289 1558 110.757
1 3289 1558 110.778
1 3289 1558 110.798
1 3289 1558 110.817
1 3289 1558 110.837
1 3289 1558 110.858
1 3289 1558 110.878
0 3312 1558 111.758
0 3316 1558 111.778
0 3321 1558 111.798
0 3326 1557 111.817
0 3332 1557 111.838
0 3338 1557 111.858
0 3343 1557 111.878
0 3351 1557 111.898
0 3359 1557 111.918
0 3367 1557 111.938
0 3375 1557 111.958
0 3383 1557 111.978
0 3390 1556 111.997
0 3397 1556 112.017
0 3404 1556 112.038
0 3411 1556 112.058
0 3416 1556 112.078
0 3420 1556 112.097
0 3423 1556 112.118
0 3424 1556 112.137
0 3425 1556 112.158
0 3431 1556 112.818
0 3432 1556 112.837
0 3433 1556 112.858
0 3434 1556 112.878
0 3434 1556 112.897
0 3437 1556 112.918
0 3440 1556 112.937
0 3444 1556 112.957
0 3449 1556 112.977
0 3457 1556 112.998
0 3465 1556 113.017
0 3473 1555 113.038
0 3482 1555 113.058
0 3491 1555 113.078
0 3498 1555 113.098
0 3506 1555 113.117
0 3513 1555 113.138
0 3521 1554 113.158
0 3528 1554 113.177
0 3536 1554 113.197
0 3543 1554 113.217
0 3550 1554 113.237
0 3558 1554 113.258
0 3565 1554 113.277
0 3572 1553 113.298
0 3579 1553 113.317
0 3585 1553 113.337
0 3590 1553 113.358
0 3593 1553 113.378
0 3596 1553 113.398
0 3599 1553 113.417
0 3601 1553 113.438
0 3602 1553 113.457
0 3602 1553 113.478
0 3603 1553 113.498
0 3604 1553 113.517
0 3604 1553 114.038
0 3604 1553 114.058
0 3604 1553 114.078
0 3604 1553 114.097
0 3604 1553 114.118
0 3605 1553 114.138
0 3605 1553 114.158
0 3606 1553 114.178
0 3606 1553 114.198
0 3608 1553 114.218
0 3609 1553 114.237
0 3613 1553 114.258
0 3617 1553 114.278
0 3622 1553 114.297
0 3626 1553 114.318
0 3630 1552 114.338
0 3634 1552 114.358
0 3637 1552 114.378
0 3641 1552 114.398
0 3645 1552 114.418
0 3649 1552 114.437
0 3653 1552 114.457
0 3658 1552 114.478
0 3663 1552 114.498
0 3668 1552 114.518
0 3674 1552 114.538
0 3679 1551 114.557
0 3686 1551 114.578
0 3692 1551 114.598
0 3698 1551 114.617
0 3705 1551 114.638
0 3711 1551 114.657
0 3716 1551 114.677
0 3721 1551 114.698
0 3725 1551 114.718
0 3728 1550 114.738
0 3730 1550 114.758
0 3731 1550 114.778
0 3731 1550 114.798
0 3732 1550 114.818
0 3732 1550 114.838
0 3732 1550 114.858
0 3732 1550 114.878
0 3732 1550 114.898
0 3732 1550 114.918
1 3728 1551 115.678
1 3728 1551 115.698
1 3728 1551 115.718
1 3729 1551 115.738
1 3730 1551 115.758
1 3731 1551 115.778
1 3733 1551 115.798
1 3734 1551 115.817
1 3735 1551 115.838
1 3737 1551 115.858
1 3737 1551 115.878
1 3738 1551 115.898
1 3738 1552 115.918
1 3738 1552 115.938
1 3737 1552 115.958
1 3737 1552 115.978
1 3737 1552 115.998
1 3737 1552 116.018
1 3737 1553 116.038
1 3737 1553 116.058
1 3737 1553 116.078
1 3735 1553 116.098
1 3734 1553 116.118
1 3732 1553 116.138
1 3731 1553 116.158
1 3731 1554 116.178
1 3730 1554 116.198
1 3730 1554 116.218
1 3730 1554 116.238
1 3731 1554 116.258
1 3732 1555 116.278
1 3734 1555 116.298
1 3736 1555 116.318
1 3737 1555 116.338
1 3739 1556 116.358
1 3740 1556 116.378
1 3740 1556 116.398
1 3739 1556 116.418
1 3737 1556 116.438
1 3735 1557 116.458
1 3732 1557 116.478
1 3731 1557 116.498
1 3729 1557 116.518
1 3728 1557 116.538
1 3728 1558 116.558
1 3728 1558 116.578
1 3727 1558 116.598
1 3726 1558 116.618
1 3725 1558 116.638
1 3724 1558 116.658
1 3723 1558 116.678
1 3723 1559 116.698
1 3723 1559 116.718
1 3723 1559 116.738
1 3723 1559 116.758
1 3724 1559 116.778
1 3726 1560 116.798
1 3726 1560 116.818
1 3727 1560 116.838
1 3727 1560 116.858
1 3728 1560 116.878
1 3729 1560 116.898
1 3730 1560 116.918
1 3732 1560 116.938
1 3733 1561 116.958
1 3736 1561 116.978
1 3738 1561 116.998
1 3740 1561 117.018
1 3742 1561 117.038
1 3744 1561 117.058
1 3746 1561 117.078
1 3748 1561 117.098
1 3749 1562 117.118
1 3750 1562 117.138
1 3751 1562 117.158
1 3752 1562 117.178
1 3752 1562 117.198
1 3750 1562 117.218
1 3749 1562 117.238
1 3748 1562 117.258
1 3747 1563 117.278
1 3747 1563 117.298
1 3747 1563 117.318
1 3747 1563 117.338
1 3746 1563 117.358
1 3744 1563 117.378
1 3741 1563 117.398
1 3736 1563 117.418
1 3733 1564 117.438
1 3729 1564 117.458
1 3726 1564 117.478
1 3724 1564 117.498
1 3723 1564 117.518
1 3723 1564 117.538
1 3723 1564 117.558
1 3723 1564 117.578
1 3723 1564 117.598
1 3723 1565 117.618
1 3723 1565 117.638
1 3722 1565 117.658
1 3722 1565 117.678
1 3722 1565 117.698
1 3722 1565 117.718
1 3721 1565 117.738
1 3720 1565 117.758
1 3719 1565 117.778
1 3718 1565 117.798
1 3717 1565 117.818
1 3717 1565 117.838
1 3716 1565 117.858
1 3716 1565 117.878
1 3713 1565 117.898
1 3711 1566 117.918
1 3708 1566 117.938
1 3704 1566 117.958
1 3700 1566 117.978
1 3696 1566 117.998
1 3694 1566 118.018
1 3691 1566 118.038
1 3689 1566 118.058
1 3686 1566 118.078
1 3684 1566 118.098
1 3682 1566 118.118
1 3679 1567 118.138
1 3677 1567 118.158
1 3675 1567 118.178
1 3673 1567 118.198
1 3671 1567 118.218
1 3671 1567 118.238
1 3671 1567 118.258
1 3672 1567 118.278
1 3672 1568 118.298
1 3671 1568 118.318
1 3670 1568 118.338
1 3669 1568 118.358
1 3669 1568 118.378
1 3669 1568 118.398
1 3669 1568 118.418
1 3670 1568 118.438
1 3671 1568 118.458
1 3672 1568 118.478
1 3673 1568 118.498
1 3674 1568 118.518
1 3675 1569 118.538
1 3676 1569 118.558
1 3676 1569 118.578
1 3676 1569 118.598
1 3677 1569 118.618
1 3676 1569 118.638
1 3676 1569 118.658
1 3676 1569 118.678
1 3675 1569 118.698
1 3673 1569 118.718
1 3672 1569 118.738
1 3670 1569 118.758
1 3668 1569 118.778
1 3667 1569 118.798
1 3666 1569 118.818
1 3666 1569 118.838
1 3664 1569 118.858
1 3663 1570 118.878
1 3661 1570 118.898
1 3659 1570 118.918
1 3659 1570 118.938
1 3659 1570 118.958
1 3658 1570 118.978
1 3658 1570 118.998
1 3658 1570 119.018
1 3659 1570 119.038
1 3659 1570 119.058
1 3659 1570 119.078
1 3659 1570 119.098
1 3658 1570 119.118
1 3658 1570 119.138
1 3658 1571 119.158
1 3657 1571 119.178
1 3657 1571 119.198
1 3655 1571 119.218
1 3653 1571 119.238
1 3651 1571 119.258
1 3648 1571 119.278
1 3644 1572 119.298
1 3641 1572 119.318
1 3636 1572 119.338
1 3631 1572 119.358
1 3625 1572 119.378
1 3619 1572 119.398
1 3612 1573 119.418
1 3606 1573 119.438
1 3601 1573 119.458
1 3596 1573 119.478
1 3592 1573 119.498
1 3589 1573 119.518
1 3587 1573 119.538
1 3586 1573 119.558
1 3585 1573 119.578
1 3586 1573 119.598
1 3586 1573 119.618
1 3586 1573 119.638
1 3586 1573 119.658
1 3586 1573 119.678
1 3586 1573 119.698
1 3586 1573 119.718
1 3586 1573 119.738
1 3586 1573 119.758
1 3586 1573 119.778
0 3673 1573 120.818
0 3681 1573 120.838
0 3689 1572 120.858
0 3696 1572 120.878
0 3703 1572 120.898
0 3710 1572 120.918
0 3715 1572 120.938
0 3721 1572 120.958
0 3727 1572 120.978
0 3733 1572 120.998
0 3740 1572 121.018
0 3748 1572 121.038
0 3759 1572 121.058
0 3770 1571 121.078
0 3782 1571 121.098
0 3793 1571 121.118
0 3804 1571 121.138
0 3814 1571 121.158
0 3822 1571 121.178
0 3830 1570 121.198
0 3838 1570 121.218
0 3844 1570 121.238
0 3851 1570 121.258
0 3857 1570 121.278
0 3863 1570 121.298
0 3869 1570 121.318
0 3877 1569 121.338
0 3886 1569 121.358
0 3897 1569 121.378
0 3908 1569 121.398
0 3917 1569 121.418
0 3922 1569 121.438
0 3941 1569 122.358
0 3942 1569 122.378
0 3944 1569 122.397
0 3945 1568 122.417
0 3947 1568 122.437
0 3948 1568 122.457
0 3951 1568 122.477
0 3953 1568 122.497
0 3956 1568 122.517
0 3958 1568 122.537
0 3961 1568 122.557
0 3966 1568 122.577
0 3971 1568 122.597
0 3977 1568 122.617
0 3982 1568 122.637
0 3987 1568 122.657
0 3991 1568 122.677
0 3995 1568 122.697
0 3998 1567 122.717
0 4000 1567 122.737
0 4003 1567 122.757
0 4006 1567 122.777
0 4010 1567 122.797
0 4014 1567 122.817
0 4019 1567 122.837
0 4024 1567 122.857
0 4029 1567 122.877
0 4036 1567 122.897
0 4044 1567 122.917
0 4052 1567 122.937
0 4062 1566 122.957
0 4072 1566 122.977
0 4083 1566 122.997
0 4092 1566 123.017
0 4098 1566 123.037
0 4102 1566 123.057
0 4104 1566 123.077
0 4106 1566 123.097
0 4107 1566 123.117
0 4107 1566 123.137
1 4108 1566 124.237
1 4108 1566 124.257
1 4108 1566 124.277
1 4108 1566 124.297
1 4108 1566 124.317
1 4108 1566 124.337
1 4108 1566 124.357
1 4108 1566 124.377
1 4107 1566 124.397
1 4106 1566 124.417
1 4105 1566 124.437
1 4103 1566 124.457
1 4102 1566 124.477
1 4102 1566 124.497
1 4103 1566 124.517
1 4105 1567 124.537
1 4108 1567 124.557
1 4111 1567 124.577
1 4114 1567 124.597
1 4117 1568 124.617
1 4120 1568 124.637
1 4124 1568 124.657
1 4127 1568 124.677
1 4130 1569 124.697
1 4133 1569 124.717
1 4136 1569 124.737
1 4139 1569 124.757
1 4141 1569 124.777
1 4143 1569 124.797
1 4145 1570 124.817
1 4147 1570 124.837
1 4149 1570 124.857
1 4151 1570 124.877
1 4153 1570 124.897
1 4154 1570 124.917
1 4156 1571 124.937
1 4157 1571 124.957
1 4157 1571 124.977
1 4156 1571 124.997
1 4155 1571 125.017
1 4152 1571 125.037
1 4151 1571 125.057
1 4150 1571 125.077
1 4149 1572 125.097
1 4147 1572 125.117
1 4146 1572 125.137
1 4146 1572 125.157
1 4146 1573 125.177
1 4146 1573 125.197
1 4146 1573 125.217
1 4145 1573 125.237
1 4146 1573 125.257
1 4146 1573 125.277
1 4147 1573 125.297
1 4147 1573 125.317
1 4148 1573 125.337
1 4148 1574 125.357
1 4148 1574 125.377
1 4149 1574 125.397
1 4150 1574 125.417
1 4150 1574 125.437
1 4151 1574 125.457
1 4152 1574 125.477
1 4154 1574 125.497
1 4154 1574 125.517
1 4156 1574 125.537
1 4156 1574 125.557
1 4158 1575 125.577
1 4159 1575 125.597
1 4160 1575 125.617
1 4162 1575 125.637
1 4163 1575 125.657
1 4165 1575 125.677
1 4167 1575 125.697
1 4168 1575 125.717
1 4170 1575 125.737
1 4171 1575 125.757
1 4171 1576 125.777
1 4171 1576 125.797
1 4171 1576 125.817
1 4169 1576 125.837
1 4167 1576 125.857
1 4165 1576 125.877
1 4164 1576 125.897
1 4162 1577 125.917
1 4161 1577 125.937
1 4161 1577 125.957
1 4160 1577 125.977
1 4159 1577 125.997
1 4158 1577 126.017
1 4158 1577 126.037
1 4158 1577 126.057
1 4157 1577 126.077
1 4156 1577 126.097
1 4156 1577 126.117
1 4154 1577 126.137
1 4152 1577 126.157
1 4150 1577 126.177
1 4149 1577 126.197
1 4148 1577 126.217
1 4148 1578 126.237
1 4147 1578 126.257
1 4144 1578 126.277
1 4142 1578 126.297
1 4138 1578 126.317
1 4136 1578 126.337
1 4133 1578 126.357
1 4130 1578 126.377
1 4127 1578 126.397
1 4125 1578 126.417
1 4123 1579 126.437
1 4122 1579 126.457
1 4122 1579 126.477
1 4121 1579 126.497
1 4121 1579 126.517
1 4120 1579 126.537
1 4118 1579 126.557
1 4117 1579 126.577
1 4113 1579 126.597
1 4110 1579 126.617
1 4106 1579 126.637
1 4102 1579 126.657
1 4096 1579 126.677
1 4092 1580 126.697
1 4088 1580 126.717
1 4085 1580 126.737
1 4083 1580 126.757
1 4080 1580 126.777
1 4076 1580 126.797
1 4073 1580 126.817
1 4069 1581 126.837
1 4065 1581 126.857
1 4060 1581 126.877
1 4054 1581 126.897
1 4049 1581 126.917
1 4045 1581 126.937
1 4042 1582 126.957
1 4040 1582 126.977
1 4037 1582 126.997
1 4033 1582 127.017
1 4030 1582 127.037
1 4028 1582 127.057
1 4025 1582 127.077
1 4021 1582 127.097
1 4018 1582 127.117
1 4015 1583 127.137
1 4013 1583 127.157
1 4011 1583 127.177
1 4008 1583 127.197
1 4005 1583 127.217
1 4002 1583 127.237
1 4000 1584 127.257
1 3997 1584 127.277
1 3996 1584 127.297
1 3994 1584 127.317
1 3988 1584 127.337
1 3982 1585 127.357
1 3975 1585 127.377
1 3969 1585 127.397
1 3964 1585 127.417
1 3961 1585 127.437
1 3958 1585 127.457
1 3957 1585 127.477
1 3957 1585 127.497
1 3959 1586 127.532
1 3960 1586 127.539
1 3961 1586 127.557
1 3963 1586 127.577
1 3966 1586 127.597
1 3969 1586 127.617
1 3972 1587 127.637
1 3975 1587 127.657
1 3978 1587 127.677
1 3980 1587 127.697
1 3981 1588 127.717
1 3982 1588 127.737
1 3983 1588 127.757
1 3983 1588 127.777
1 3982 1588 127.797
1 3981 1589 127.817
1 3980 1589 127.837
1 3978 1589 127.857
1 3976 1589 127.877
1 3972 1589 127.897
1 3968 1589 127.917
1 3964 1590 127.937
1 3961 1590 127.957
1 3959 1590 127.977
1 3957 1590 127.997
1 3954 1591 128.017
1 3951 1591 128.037
1 3947 1591 128.057
1 3943 1591 128.077
1 3940 1592 128.097
1 3936 1592 128.117
1 3932 1592 128.137
1 3928 1592 128.157
1 3924 1593 128.178
1 3923 1593 128.198
1 3922 1593 128.217
1 3921 1593 128.237
1 3920 1593 128.257
1 3919 1594 128.277
1 3916 1594 128.297
1 3913 1594 128.317
1 3910 1594 128.337
1 3906 1595 128.357
1 3902 1595 128.377
1 3899 1595 128.397
1 3897 1595 128.418
1 3896 1595 128.437
1 3895 1595 128.457
1 3895 1595 128.477
1 3895 1595 128.497
1 3895 1595 128.517
1 3894 1595 128.538
1 3893 1595 128.558
1 3893 1595 128.578
1 3893 1595 128.597
1 3891 1595 128.617
1 3889 1595 128.637
1 3886 1595 128.657
1 3882 1596 128.677
1 3879 1596 128.697
1 3876 1596 128.717
1 3871 1596 128.738
1 3866 1596 128.757
1 3861 1596 128.777
1 3856 1596 128.797
1 3852 1596 128.817
1 3846 1597 128.837
1 3840 1597 128.857
1 3834 1597 128.877
1 3830 1597 128.897
1 3827 1597 128.917
1 3826 1597 128.937
1 3825 1597 128.957
1 3823 1597 128.977
1 3821 1597 128.997
1 3819 1597 129.017
1 3817 1597 129.037
1 3816 1597 129.057
1 3814 1598 129.077
1 3812 1598 129.097
1 3810 1598 129.117
1 3806 1598 129.137
1 3803 1598 129.157
1 3801 1598 129.177
1 3799 1598 129.197
1 3797 1598 129.217
1 3796 1598 129.237
1 3795 1598 129.257
1 3795 1598 129.279
1 3793 1598 129.297
1 3792 1598 129.317
1 3788 1598 129.337
1 3785 1598 129.357
1 3781 1598 129.377
1 3778 1599 129.397
1 3775 1599 129.417
1 3772 1599 129.437
1 3769 1599 129.457
1 3766 1599 129.477
1 3765 1599 129.497
1 3763 1599 129.517
1 3760 1599 129.537
1 3755 1599 129.557
1 3752 1599 129.577
1 3749 1599 129.597
1 3748 1600 129.617
1 3746 1600 129.637
1 3745 1600 129.657
1 3744 1600 129.677
1 3743 1600 129.697
1 3741 1600 129.717
1 3739 1600 129.737
1 3736 1600 129.757
1 3735 1600 129.777
1 3734 1600 129.797
1 3733 1600 129.817
1 3733 1600 129.837
1 3733 1600 129.857
1 3733 1600 129.877
1 3732 1600 129.897
1 3731 1600 129.917
1 3729 1600 129.937
1 3728 1600 129.957
1 3726 1600 129.977
1 3725 1600 129.997
1 3725 1600 130.017
1 3725 1600 130.037
1 3724 1600 130.057
1 3723 1600 130.077
1 3722 1600 130.097
1 3721 1600 130.117
1 3719 1600 130.137
1 3717 1601 130.157
1 3716 1601 130.177
1 3716 1601 130.197
1 3714 1601 130.217
1 3713 1601 130.237
1 3712 1601 130.257
1 3709 1601 130.277
1 3707 1601 130.297
1 3704 1601 130.317
1 3702 1601 130.337
1 3700 1601 130.357
1 3697 1601 130.377
1 3696 1602 130.397
1 3695 1602 130.417
1 3694 1602 130.437
1 3693 1602 130.457
1 3693 1602 130.477
1 3692 1602 130.497
1 3692 1602 130.517
1 3690 1602 130.537
1 3689 1602 130.557
1 3686 1602 130.577
1 3682 1602 130.597
1 3679 1602 130.617
1 3675 1603 130.637
1 3673 1603 130.657
1 3669 1603 130.677
1 3666 1603 130.697
1 3663 1603 130.717
1 3661 1604 130.737
1 3660 1604 130.757
1 3657 1604 130.777
1 3653 1604 130.797
1 3649 1604 130.817
1 3645 1604 130.837
1 3642 1605 130.857
1 3640 1605 130.877
1 3636 1605 130.897
1 3634 1605 130.917
1 3632 1605 130.937
1 3630 1605 130.957
1 3628 1605 130.977
1 3625 1605 130.997
1 3619 1606 131.017
1 3614 1606 131.037
1 3608 1606 131.057
1 3604 1606 131.077
1 3601 1606 131.097
1 3596 1606 131.117
1 3592 1606 131.137
1 3589 1606 131.157
1 3586 1607 131.177
1 3584 1607 131.197
1 3582 1607 131.217
1 3580 1607 131.237
1 3579 1607 131.257
1 3577 1607 131.277
1 3577 1607 131.297
1 3576 1607 131.317
1 3576 1607 131.337
1 3575 1607 131.357
1 3573 1607 131.377
1 3571 1607 131.397
1 3569 1607 131.417
1 3566 1607 131.437
1 3564 1607 131.457
1 3563 1607 131.477
1 3563 1607 131.499
1 3563 1607 131.517
1 3563 1607 131.537
1 3563 1607 131.557
1 3563 1607 131.577
1 3563 1607 131.597
0 3607 1607 132.477
0 3614 1607 132.497
0 3620 1607 132.517
0 3625 1607 132.537
0 3631 1607 132.557
0 3638 1607 132.577
0 3644 1607 132.597
0 3650 1607 132.617
0 3657 1607 132.637
0 3665 1607 132.657
0 3675 1607 132.677
0 3685 1607 132.697
0 3697 1607 132.717
0 3710 1606 132.737
0 3722 1606 132.757
0 3735 1606 132.777
0 3748 1606 132.797
0 3762 1606 132.817
0 3776 1606 132.837
0 3788 1606 132.857
0 3800 1606 132.877
0 3810 1605 132.897
0 3818 1605 132.917
0 3825 1605 132.937
0 3830 1605 132.957
0 3833 1605 132.977
0 3837 1605 132.997
0 3839 1605 133.017
0 3842 1605 133.037
0 3844 1605 133.057
0 3845 1605 133.077
0 3846 1605 133.097
0 3847 1605 133.117
0 3847 1605 133.137
0 3848 1605 133.157
0 3848 1605 133.177
0 3848 1605 133.197
0 3848 1605 133.217
0 3850 1605 133.237
0 3852 1605 133.257
0 3856 1605 133.277
0 3860 1605 133.297
0 3864 1605 133.317
0 3868 1605 133.337
0 3872 1605 133.357
0 3877 1605 133.377
0 3882 1605 133.397
0 3888 1605 133.417
0 3894 1605 133.437
0 3900 1605 133.457
0 3908 1604 133.477
0 3916 1604 133.497
0 3924 1604 133.517
0 3931 1604 133.537
0 3938 1604 133.557
0 3943 1604 133.577
0 3948 1604 133.597
0 3951 1604 133.617
0 3955 1604 133.637
0 3958 1604 133.657
0 3961 1604 133.677
0 3964 1604 133.697
0 3969 1604 133.717
0 3974 1603 133.737
0 3980 1603 133.757
0 3986 1603 133.777
0 3993 1603 133.797
0 4000 1603 133.817
0 4007 1603 133.837
0 4013 1603 133.857
0 4017 1603 133.877
0 4019 1603 133.897
0 4021 1603 133.917
0 4023 1603 133.937
0 4024 1603 133.957
0 4025 1603 133.977
0 4026 1603 133.997
0 4026 1603 134.017
0 4028 1603 134.037
0 4031 1603 134.057
0 4034 1603 134.077
0 4038 1603 134.097
0 4043 1603 134.117
0 4047 1603 134.137
0 4051 1603 134.158
0 4056 1603 134.177
0 4061 1602 134.197
0 4065 1602 134.217
0 4069 1602 134.237
0 4072 1602 134.257
0 4075 1602 134.277
0 4078 1602 134.297
0 4083 1602 134.317
0 4087 1602 134.337
0 4090 1602 134.357
0 4095 1602 134.377
0 4099 1602 134.397
0 4103 1602 134.417
0 4107 1602 134.437
0 4111 1602 134.457
0 4115 1602 134.477
0 4118 1602 134.497
0 4122 1602 134.517
0 4125 1602 134.537
0 4127 1601 134.557
0 4130 1601 134.577
0 4132 1601 134.597
0 4134 1601 134.617
0 4136 1601 134.637
0 4137 1601 134.657
0 4138 1601 134.677
0 4139 1601 134.697
0 4140 1601 134.717
0 4140 1601 134.737
0 4141 1601 134.757
0 4141 1601 134.777
0 4141 1601 134.797
0 4141 1601 134.817
0 4143 1601 134.837
0 4143 1601 134.857
0 4144 1601 134.877
0 4145 1601 134.897
0 4146 1601 134.917
0 4148 1601 134.937
0 4149 1601 134.957
0 4150 1601 134.977
0 4151 1601 134.997
0 4153 1601 135.017
0 4156 1601 135.037
0 4159 1601 135.057
0 4163 1601 135.077
0 4166 1601 135.097
0 4168 1601 135.117
0 4171 1601 135.137
0 4172 1601 135.157
0 4175 1601 135.177
0 4176 1601 135.197
0 4178 1601 135.217
0 4179 1601 135.237
0 4182 1601 135.257
0 4184 1601 135.277
0 4187 1601 135.297
0 4191 1600 135.317
0 4195 1600 135.337
0 4200 1600 135.357
0 4206 1600 135.377
0 4212 1600 135.397
0 4217 1600 135.417
0 4222 1600 135.437
0 4226 1600 135.457
0 4230 1600 135.477
0 4233 1600 135.497
0 4236 1600 135.517
0 4239 1600 135.537
0 4244 1600 135.557
0 4246 1600 135.577
0 4250 1600 135.597
0 4253 1600 135.617
0 4258 1600 135.637
0 4261 1600 135.657
0 4264 1600 135.677
0 4266 1600 135.697
0 4269 1600 135.717
0 4270 1599 135.737
0 4272 1599 135.76
0 4273 1600 135.777
0 4273 1600 135.797
0 4275 1599 135.817
0 4277 1599 135.837
0 4281 1599 135.857
0 4285 1599 135.877
0 4290 1599 135.897
0 4294 1599 135.917
0 4296 1599 135.937
0 4298 1599 135.957
0 4300 1599 135.977
0 4301 1599 135.997
0 4301 1599 136.017
0 4301 1599 136.037
0 4302 1599 136.057
0 4302 1599 136.077
0 4302 1599 136.097
0 4303 1599 136.117
0 4304 1599 136.137
0 4305 1599 136.157
0 4309 1599 136.177
0 4312 1599 136.197
0 4315 1599 136.217
0 4319 1599 136.237
0 4323 1599 136.257
0 4326 1599 136.277
0 4329 1599 136.297
0 4332 1599 136.317
0 4333 1599 136.337
0 4335 1599 136.357
0 4338 1598 136.377
0 4341 1598 136.397
0 4347 1598 136.417
0 4353 1598 136.437
0 4359 1598 136.457
0 4363 1598 136.477
0 4368 1598 136.497
0 4372 1598 136.517
0 4375 1598 136.537
0 4379 1598 136.557
0 4382 1598 136.577
0 4384 1598 136.597
0 4387 1598 136.617
0 4389 1598 136.637
0 4390 1598 136.657
0 4391 1598 136.677
0 4392 1598 136.697
0 4393 1598 136.717
0 4396 1598 136.737
0 4397 1598 136.757
0 4399 1598 136.777
0 4402 1598 136.797
0 4405 1598 136.817
0 4408 1598 136.837
0 4411 1598 136.857
0 4415 1597 136.877
0 4420 1597 136.897
0 4424 1597 136.917
0 4429 1597 136.937
0 4433 1597 136.957
0 4438 1597 136.977
0 4442 1597 136.997
0 4447 1597 137.017
0 4452 1597 137.037
0 4456 1597 137.057
0 4459 1597 137.077
0 4463 1597 137.097
0 4467 1597 137.117
0 4471 1596 137.137
0 4474 1596 137.157
0 4478 1596 137.177
0 4483 1596 137.197
0 4487 1596 137.217
0 4492 1596 137.237
0 4497 1596 137.257
0 4502 1596 137.277
0 4506 1596 137.297
0 4510 1596 137.319
0 4514 1596 137.337
0 4519 1596 137.357
0 4524 1596 137.377
0 4528 1595 137.397
0 4531 1595 137.418
0 4535 1595 137.437
0 4538 1595 137.457
0 4541 1595 137.477
0 4544 1595 137.497
0 4545 1595 137.517
0 4546 1595 137.537
0 4546 1595 137.557
0 4547 1595 137.577
0 4548 1595 137.597
0 4549 1595 137.617
0 4550 1595 137.637
0 4553 1595 137.657
0 4555 1595 137.677
0 4559 1595 137.697
0 4563 1595 137.717
0 4568 1595 137.737
0 4572 1595 137.757
0 4576 1595 137.777
0 4581 1595 137.797
0 4585 1594 137.817
0 4588 1594 137.837
0 4590 1594 137.857
0 4592 1594 137.877
0 4593 1594 137.897
0 4595 1594 137.917
0 4596 1594 137.937
0 4597 1594 137.957
0 4597 1594 137.977
0 4598 1594 137.997
0 4598 1594 138.017
0 4598 1594 138.037
0 4598 1594 138.057
0 4598 1594 138.077
0 4600 1594 138.097
0 4601 1594 138.117
0 4603 1594 138.137
0 4604 1594 138.157
0 4605 1594 138.177
0 4606 1594 138.197
0 4607 1594 138.217
0 4609 1594 138.237
0 4612 1594 138.257
0 4616 1594 138.277
0 4620 1594 138.297
0 4625 1594 138.317
0 4631 1594 138.337
0 4635 1594 138.357
0 4640 1594 138.377
0 4644 1593 138.397
0 4648 1593 138.417
0 4653 1593 138.437
0 4657 1593 138.457
0 4661 1593 138.477
0 4665 1593 138.497
0 4669 1593 138.517
0 4672 1593 138.537
0 4674 1593 138.557
0 4677 1593 138.577
0 4678 1593 138.597
0 4679 1593 138.617
0 4679 1593 138.637
0 4680 1593 138.657
0 4681 1593 138.677
0 4683 1593 138.697
0 4685 1593 138.717
0 4688 1593 138.737
0 4691 1593 138.757
0 4695 1593 138.777
0 4698 1593 138.797
0 4700 1593 138.817
0 4701 1593 138.837
0 4704 1593 138.857
0 4707 1593 138.877
0 4711 1593 138.898
0 4716 1593 138.918
0 4722 1593 138.937
0 4727 1593 138.957
0 4729 1593 138.977
0 4732 1592 138.997
0 4734 1592 139.017
0 4735 1592 139.037
0 4737 1592 139.057
0 4739 1592 139.077
0 4742 1592 139.097
0 4743 1592 139.117
0 4745 1592 139.137
0 4748 1592 139.157
0 4750 1592 139.177
0 4754 1592 139.197
0 4758 1592 139.217
0 4763 1592 139.237
0 4768 1592 139.257
0 4773 1592 139.277
0 4776 1592 139.297
0 4781 1592 139.317
0 4786 1591 139.337
0 4793 1591 139.357
0 4800 1591 139.377
0 4808 1591 139.397
0 4817 1591 139.417
0 4825 1591 139.437
0 4834 1590 139.457
0 4844 1590 139.477
0 4854 1590 139.497
0 4865 1590 139.517
0 4877 1590 139.537
0 4886 1590 139.557
0 4893 1589 139.577
0 4899 1589 139.597
0 4903 1589 139.617
0 4906 1589 139.637
0 4909 1589 139.657
0 4914 1589 139.677
0 4918 1589 139.697
0 4924 1589 139.717
0 4930 1589 139.737
0 4937 1588 139.757
0 4945 1588 139.777
0 4953 1588 139.797
0 4959 1588 139.817
0 4964 1588 139.837
0 4969 1588 139.857
0 4971 1588 139.876
0 4973 1588 139.896
0 4975 1588 139.916
0 4976 1588 139.936
0 4978 1588 139.957
0 4980 1587 139.976
0 4983 1587 139.996
0 4986 1587 140.016
0 4989 1587 140.036
0 4992 1587 140.056
0 4994 1587 140.076
0 4996 1587 140.096
0 4998 1587 140.116
0 5000 1587 140.136
0 5002 1587 140.156
0 5002 1587 140.176
0 5003 1587 140.196
0 5004 1587 140.217
0 5006 1587 140.236
0 5006 1587 140.256
0 5007 1587 140.276
0 5007 1587 140.296
0 5008 1587 140.316
0 5008 1587 140.336
0 5009 1587 140.356
0 5009 1587 140.376
0 5010 1587 140.396
0 5010 1587 140.416
0 5013 1587 140.436
0 5018 1587 140.456
0 5023 1587 140.476
0 5029 1587 140.496
0 5034 1587 140.516
0 5036 1586 140.536
0 5038 1586 140.556
0 5039 1586 140.577
0 5040 1586 140.596
0 5040 1586 140.616
0 5040 1586 140.636
0 5042 1586 140.656
0 5042 1586 140.676
0 5043 1586 140.696
0 5044 1586 140.716
0 5046 1586 140.736
0 5049 1586 140.756
0 5052 1586 140.776
0 5056 1586 140.797
0 5060 1586 140.816
0 5064 1586 140.836
0 5066 1586 140.857
0 5069 1586 140.876
0 5071 1586 140.896
0 5073 1586 140.916
0 5075 1586 140.936
0 5077 1586 140.956
0 5078 1586 140.976
0 5079 1586 140.996
0 5079 1586 141.016
0 5079 1586 141.036
0 5079 1586 141.056
0 5080 1586 141.076
0 5080 1586 141.096
0 5080 1586 141.116
0 5080 1586 141.136
0 5080 1586 141.156
0 5080 1586 141.176
0 5080 1586 141.196
