0 0 1500 46.5994
0 0 1500 46.6192
0 0 1500 46.6392
0 0 1500 46.6598
0 0 1500 46.6791
0 0 1500 46.6992
0 0 1500 46.7191
0 0 1500 46.7392
0 0 1500 46.7592
0 0 1500 46.7792
0 0 1500 46.7992
0 0 1500 46.8192
0 0 1500 46.8392
0 0 1500 46.8592
0 0 1500 46.8792
0 0 1500 46.8994
0 0 1500 46.9194
0 0 1500 46.9392
0 0 1500 46.9592
0 0 1500 46.9792
0 0 1500 46.9992
0 0 1500 47.0192
0 0 1500 47.0392
0 0 1500 47.0592
0 0 1500 47.0793
0 0 1500 47.0992
0 0 1500 47.1194
0 0 1500 47.1392
0 0 1500 47.1592
0 0 1500 47.1792
0 0 1500 47.1992
0 0 1500 47.2194
0 0 1500 47.2392
0 0 1500 47.2592
0 0 1500 47.2792
0 0 1500 47.2992
0 0 1500 47.3193
0 0 1500 47.3392
0 0 1500 47.3592
0 0 1500 47.3792
0 0 1500 47.3992
0 0 1500 47.4192
0 0 1500 47.4392
0 0 1500 47.4592
0 0 1500 47.4792
0 0 1500 47.4992
0 0 1500 47.5194
0 0 1500 47.5392
0 0 1500 47.5592
0 0 1500 47.5794
0 0 1500 47.5992
0 0 1500 47.6192
0 0 1500 47.6394
0 0 1500 47.6592
0 0 1500 47.6792
0 0 1500 47.6992
0 0 1500 47.7192
0 0 1500 47.7392
0 0 1499 47.7595
0 0 1499 47.7792
0 0 1499 47.7994
0 0 1499 47.8194
0 0 1499 47.8392
0 0 1499 47.8592
0 0 1499 47.8794
0 0 1500 47.8992
0 0 1500 47.9193
0 0 1500 47.9393
0 0 1500 47.9593
0 0 1500 47.9792
0 0 1499 47.9993
0 0 1499 48.0193
0 0 1499 48.0392
0 0 1499 48.0592
0 0 1499 48.0792
0 0 1499 48.0992
0 0 1499 48.1193
0 0 1499 48.1392
0 0 1499 48.1592
0 0 1499 48.1792
0 0 1498 48.1992
0 0 1498 48.2193
0 0 1498 48.2392
0 0 1498 48.2592
0 0 1498 48.2794
0 0 1498 48.2993
0 0 1498 48.3192
0 0 1498 48.3394
0 0 1498 48.3592
0 0 1498 48.3792
0 0 1498 48.3992
0 0 1498 48.4193
0 0 1499 48.4395
0 0 1499 48.4592
0 0 1499 48.4817
0 0 1499 48.4993
0 0 1499 48.5192
0 0 1499 48.5392
0 0 1499 48.5593
0 0 1499 48.5792
0 0 1499 48.5992
0 0 1499 48.6193
0 0 1499 48.6393
0 0 1499 48.6594
0 0 1499 48.6792
0 0 1499 48.6993
0 0 1499 48.7193
0 0 1499 48.7393
0 0 1499 48.7593
0 0 1499 48.7792
0 0 1499 48.7994
0 0 1499 48.8193
0 0 1499 48.8392
0 0 1498 48.8594
0 0 1498 48.8793
0 0 1498 48.8993
0 0 1498 48.9194
0 1 1498 48.9393
0 3 1498 48.9593
0 8 1498 48.9795
0 15 1498 48.9993
0 24 1498 49.0192
0 34 1498 49.0394
0 46 1498 49.0605
0 60 1498 49.0794
0 74 1498 49.0996
0 88 1498 49.1193
0 101 1498 49.1393
0 112 1499 49.1593
0 122 1499 49.1793
0 130 1499 49.1993
0 135 1499 49.2193
0 138 1499 49.2393
0 141 1499 49.2593
0 143 1499 49.2793
0 146 1499 49.2993
0 149 1499 49.3193
0 152 1499 49.3393
0 154 1499 49.3593
0 157 1499 49.3793
0 159 1499 49.3997
0 160 1499 49.4196
0 163 1498 49.4393
0 164 1498 49.4595
0 166 1498 49.4792
0 168 1498 49.4996
0 169 1498 49.5194
0 170 1498 49.5393
0 171 1498 49.5595
0 171 1498 49.5794
0 171 1498 49.5995
0 172 1498 49.6195
0 172 1498 49.6393
0 173 1498 49.6594
0 174 1498 49.6793
0 175 1498 49.6997
0 176 1498 49.7194
0 178 1498 49.7393
0 180 1498 49.7598
0 182 1497 49.7793
0 185 1497 49.7993
0 188 1497 49.82
0 191 1497 49.8394
0 193 1497 49.8593
0 195 1497 49.8793
0 197 1497 49.8994
0 198 1497 49.9193
0 199 1497 49.9393
0 200 1497 49.9593
0 201 1497 49.9794
0 202 1497 49.9994
0 202 1497 50.0195
0 203 1496 50.0395
0 204 1496 50.0593
0 205 1496 50.0794
0 205 1496 50.0993
0 205 1496 50.1195
0 206 1496 50.1393
0 206 1496 50.1593
0 207 1496 50.1793
0 208 1496 50.1994
0 210 1496 50.2193
0 211 1496 50.2395
0 212 1496 50.2593
0 212 1497 50.2793
0 212 1497 50.2994
0 213 1496 50.3193
0 214 1496 50.3393
0 215 1496 50.3594
0 216 1496 50.3793
0 216 1496 50.3994
0 218 1496 50.4194
0 221 1496 50.4395
0 225 1496 50.4594
0 227 1496 50.4795
0 230 1496 50.4995
0 232 1496 50.5194
0 234 1496 50.5395
0 237 1496 50.5595
0 240 1496 50.5793
0 244 1495 50.5995
0 249 1495 50.6195
0 252 1495 50.6394
0 254 1495 50.6595
0 256 1495 50.6794
0 258 1495 50.6995
0 260 1495 50.7196
0 261 1495 50.7394
0 261 1495 50.7595
0 262 1495 50.7795
0 262 1495 50.7993
0 265 1495 50.8194
0 268 1495 50.8393
0 270 1495 50.8594
0 272 1495 50.8795
0 272 1495 50.8995
0 273 1495 50.9195
0 273 1495 50.9395
0 273 1495 50.9595
0 274 1495 50.9795
0 275 1495 50.9996
0 275 1495 51.0194
0 276 1495 51.0395
0 276 1495 51.0595
0 278 1494 51.0795
0 280 1494 51.0994
0 283 1494 51.1195
0 287 1494 51.1395
0 291 1494 51.1593
0 293 1494 51.1794
0 295 1493 51.1995
0 296 1493 51.2195
0 298 1493 51.2394
0 301 1493 51.2594
0 303 1493 51.2794
0 304 1493 51.2994
0 305 1493 51.3195
0 306 1493 51.3395
0 308 1493 51.3594
0 312 1493 51.3795
0 318 1493 51.3994
0 323 1493 51.4194
0 328 1492 51.4393
0 333 1492 51.4594
0 338 1492 51.4794
0 343 1492 51.4995
0 348 1491 51.5194
0 352 1491 51.5396
0 354 1491 51.5594
0 356 1491 51.5796
0 357 1491 51.5994
0 358 1491 51.6194
0 359 1491 51.6395
0 361 1491 51.6594
0 363 1490 51.6794
0 365 1490 51.6995
0 368 1490 51.7194
0 370 1490 51.7394
0 374 1490 51.7596
0 377 1490 51.7794
0 380 1489 51.7994
0 382 1489 51.8195
0 384 1489 51.8394
0 386 1489 51.8594
0 387 1489 51.8794
0 388 1489 51.8994
0 389 1489 51.9195
0 389 1489 51.9394
0 390 1489 51.9594
0 390 1489 51.9794
0 391 1489 51.9994
0 393 1489 52.0194
0 396 1488 52.0394
0 400 1488 52.0594
0 406 1488 52.0797
0 412 1488 52.0994
0 419 1487 52.1194
0 427 1487 52.1394
0 437 1487 52.1594
0 447 1486 52.1794
0 458 1486 52.1996
0 469 1486 52.2194
0 481 1485 52.2394
0 492 1485 52.2594
0 503 1485 52.2794
0 513 1485 52.2994
0 522 1485 52.3194
0 530 1485 52.3394
0 535 1485 52.3597
0 540 1485 52.3795
0 544 1485 52.3995
0 547 1485 52.4196
0 549 1485 52.4394
0 552 1485 52.4586
0 554 1485 52.4786
0 556 1485 52.4986
0 559 1485 52.5186
0 562 1485 52.5385
0 566 1485 52.5586
0 570 1485 52.5784
0 574 1485 52.5984
0 580 1485 52.6185
0 586 1485 52.6384
0 591 1485 52.6584
0 594 1485 52.6784
0 598 1484 52.6984
0 600 1484 52.7184
0 602 1484 52.7384
0 605 1484 52.7584
0 607 1484 52.7784
0 610 1484 52.7986
0 613 1484 52.8184
0 616 1484 52.8384
0 620 1483 52.8584
0 625 1483 52.8784
0 631 1483 52.8984
0 638 1483 52.9184
0 645 1482 52.9384
0 653 1482 52.9585
0 661 1482 52.9784
0 669 1482 52.9986
0 676 1482 53.0185
0 686 1482 53.0384
0 700 1482 53.0584
0 719 1482 53.0784
0 740 1482 53.0986
0 764 1482 53.1184
0 791 1482 53.1384
0 822 1483 53.1586
0 856 1483 53.1784
0 892 1483 53.1984
0 926 1483 53.2185
0 958 1484 53.2384
0 985 1484 53.2585
0 1008 1484 53.2786
0 1027 1484 53.2985
0 1040 1484 53.3184
0 1051 1484 53.3384
0 1058 1483 53.3584
0 1063 1483 53.3786
0 1066 1483 53.3987
0 1068 1483 53.4184
0 1070 1483 53.4384
0 1070 1483 53.4584
0 1071 1483 53.4785
0 1072 1483 53.4986
0 1072 1483 53.5184
0 1072 1483 53.5384
0 1073 1483 53.5585
0 1074 1483 53.5784
0 1075 1483 53.5985
0 1077 1483 53.6185
0 1079 1483 53.6384
0 1080 1483 53.6585
0 1081 1483 53.6784
0 1082 1482 53.6984
0 1084 1482 53.7185
0 1086 1483 53.7384
0 1089 1483 53.7585
0 1091 1483 53.7785
0 1094 1482 53.7985
0 1097 1482 53.8184
0 1100 1482 53.8385
0 1103 1482 53.8584
0 1104 1482 53.8784
0 1106 1482 53.8985
0 1108 1482 53.9184
0 1109 1482 53.9386
0 1111 1482 53.9584
0 1114 1482 53.9784
0 1116 1482 53.9985
0 1118 1482 54.0185
0 1121 1482 54.0385
0 1123 1482 54.0586
0 1126 1482 54.0785
0 1129 1482 54.0984
0 1133 1482 54.1184
0 1138 1482 54.1386
0 1143 1482 54.1584
0 1148 1482 54.1784
0 1153 1482 54.1986
0 1159 1482 54.2184
0 1169 1482 54.2385
0 1183 1482 54.2587
0 1201 1482 54.2784
0 1223 1482 54.2984
0 1250 1483 54.3186
0 1279 1483 54.3384
0 1310 1483 54.3584
0 1340 1483 54.3786
0 1367 1484 54.3985
0 1389 1484 54.4184
0 1406 1484 54.4385
0 1418 1484 54.4585
0 1427 1484 54.4784
0 1433 1484 54.4986
0 1439 1484 54.5185
0 1443 1484 54.5385
0 1447 1484 54.5585
0 1450 1484 54.5786
0 1452 1484 54.5985
0 1453 1484 54.6186
0 1454 1484 54.6384
0 1454 1484 54.6585
0 1455 1484 54.6785
0 1455 1484 54.6984
0 1456 1484 54.7184
0 1456 1484 54.7385
0 1456 1484 54.7585
0 1456 1484 54.7785
0 1456 1484 54.7985
0 1456 1484 54.8185
0 1456 1484 54.8385
0 1456 1484 54.8585
0 1456 1484 54.8786
0 1456 1484 54.8984
0 1456 1484 54.9186
0 1456 1484 54.9385
0 1457 1484 54.9584
0 1458 1484 54.9787
0 1459 1484 54.9985
0 1461 1483 55.0185
0 1462 1483 55.0385
0 1464 1483 55.0587
0 1466 1483 55.0785
0 1468 1483 55.0985
0 1470 1483 55.1185
0 1472 1483 55.1385
0 1475 1483 55.1586
0 1478 1483 55.1785
0 1481 1483 55.1984
0 1485 1483 55.2185
0 1489 1482 55.2385
0 1495 1482 55.2585
0 1501 1482 55.2785
0 1509 1482 55.2985
0 1517 1482 55.3184
0 1526 1481 55.3385
0 1534 1481 55.3584
0 1540 1481 55.3784
0 1545 1481 55.3985
0 1549 1481 55.4185
0 1551 1481 55.4385
0 1553 1481 55.4586
0 1554 1481 55.4784
0 1556 1481 55.4988
0 1558 1481 55.5185
0 1561 1481 55.5384
0 1565 1480 55.5586
0 1568 1480 55.5785
0 1572 1480 55.5985
0 1577 1480 55.6185
0 1581 1480 55.6388
0 1585 1480 55.6586
0 1589 1480 55.6785
0 1592 1479 55.6985
0 1595 1479 55.7185
0 1598 1479 55.7385
0 1601 1479 55.7587
0 1603 1479 55.7785
0 1607 1479 55.7985
0 1611 1479 55.8185
0 1616 1479 55.8385
0 1622 1478 55.8585
0 1629 1478 55.8787
0 1637 1478 55.8985
0 1644 1478 55.9185
0 1651 1477 55.9385
0 1656 1477 55.9584
0 1660 1477 55.9787
0 1663 1477 55.9985
0 1665 1477 56.0185
0 1666 1477 56.0385
0 1667 1477 56.0585
0 1668 1477 56.0786
0 1670 1477 56.0985
0 1671 1477 56.1187
0 1672 1477 56.1385
0 1672 1477 56.1587
0 1673 1477 56.1785
0 1674 1477 56.1985
0 1676 1477 56.2185
0 1680 1477 56.2385
0 1683 1477 56.2585
0 1687 1477 56.2785
0 1690 1477 56.2985
0 1694 1477 56.3185
0 1698 1477 56.3385
0 1702 1477 56.3585
0 1706 1477 56.3785
0 1709 1477 56.3986
0 1713 1477 56.4185
0 1717 1477 56.4385
0 1720 1477 56.4587
0 1723 1477 56.4785
0 1724 1477 56.4985
0 1725 1477 56.5185
0 1727 1477 56.5385
0 1728 1477 56.5585
0 1729 1477 56.5785
0 1730 1477 56.5985
0 1731 1477 56.6187
0 1733 1477 56.6385
0 1735 1477 56.6585
0 1737 1477 56.6785
0 1739 1477 56.6985
0 1741 1477 56.7186
0 1742 1477 56.7385
0 1743 1477 56.7587
0 1744 1477 56.7785
0 1746 1477 56.7986
0 1750 1477 56.8185
0 1753 1476 56.8385
0 1757 1476 56.8585
0 1760 1476 56.8785
0 1765 1476 56.8985
0 1770 1476 56.9185
0 1775 1476 56.9387
0 1782 1476 56.9585
0 1790 1476 56.9787
0 1798 1476 56.9985
0 1807 1476 57.0187
0 1815 1476 57.0389
0 1821 1476 57.0587
0 1826 1476 57.0785
0 1832 1476 57.0986
0 1836 1476 57.1185
0 1841 1476 57.1386
0 1845 1476 57.1585
0 1849 1475 57.1785
0 1852 1475 57.1988
0 1856 1475 57.2185
0 1859 1475 57.2387
0 1860 1475 57.2585
0 1861 1475 57.2785
0 1862 1475 57.2986
0 1863 1475 57.3187
0 1863 1475 57.3385
0 1863 1475 57.3585
0 1863 1475 57.3785
0 1863 1475 57.3985
0 1864 1475 57.4185
0 1864 1475 57.4385
0 1864 1475 57.4585
0 1865 1475 57.4792
0 1866 1475 57.4986
0 1869 1475 57.5185
0 1874 1475 57.5387
0 1881 1475 57.5585
0 1889 1476 57.5785
0 1897 1476 57.5985
0 1905 1476 57.6185
0 1912 1476 57.6386
0 1918 1476 57.6587
0 1922 1476 57.6786
0 1925 1476 57.6989
0 1927 1476 57.7187
0 1928 1476 57.7385
0 1929 1476 57.7585
0 1930 1476 57.7786
0 1931 1476 57.7985
0 1932 1476 57.8185
0 1933 1476 57.8386
0 1933 1476 57.8585
0 1934 1476 57.8787
0 1935 1476 57.8985
0 1936 1476 57.9185
0 1938 1476 57.9385
0 1940 1476 57.9588
0 1944 1476 57.9785
0 1952 1476 57.9986
0 1964 1476 58.0188
0 1977 1476 58.0385
0 1990 1476 58.0585
0 2003 1476 58.0786
0 2016 1476 58.0985
0 2027 1476 58.1185
0 2035 1476 58.1385
0 2043 1476 58.1586
0 2052 1476 58.1785
0 2059 1476 58.1987
0 2065 1475 58.2186
0 2070 1475 58.2387
0 2073 1475 58.2585
0 2075 1475 58.2786
0 2077 1475 58.2985
0 2078 1475 58.3185
0 2079 1475 58.3386
0 2080 1475 58.3585
0 2080 1475 58.3785
0 2081 1475 58.3986
0 2082 1475 58.4188
0 2083 1475 58.4386
0 2084 1475 58.4587
0 2085 1475 58.4789
0 2085 1475 58.4987
0 2086 1475 58.5188
0 2086 1475 58.539
0 2087 1475 58.5586
0 2087 1475 58.5787
0 2087 1475 58.5985
0 2088 1475 58.6186
0 2090 1475 58.6386
0 2094 1475 58.6585
0 2100 1475 58.6785
0 2108 1475 58.6986
0 2117 1475 58.7186
0 2125 1475 58.7385
0 2134 1475 58.7586
0 2143 1475 58.7786
0 2152 1474 58.7988
0 2159 1474 58.8186
0 2165 1474 58.8386
0 2169 1474 58.8593
0 2172 1474 58.8786
0 2174 1474 58.8987
0 2177 1474 58.9186
0 2180 1474 58.9386
0 2183 1474 58.9585
0 2185 1474 58.9788
0 2187 1474 58.9986
0 2189 1474 59.0187
0 2190 1474 59.0386
0 2191 1473 59.0586
0 2192 1473 59.0788
0 2192 1473 59.0986
0 2192 1473 59.1185
0 2193 1473 59.1388
0 2193 1473 59.1586
0 2194 1473 59.1787
0 2195 1473 59.1986
0 2197 1473 59.2188
0 2198 1473 59.2386
0 2200 1473 59.2589
0 2202 1473 59.2786
0 2205 1473 59.2986
0 2207 1473 59.3188
0 2210 1473 59.3386
0 2212 1473 59.3585
0 2215 1473 59.3789
0 2217 1472 59.3986
0 2218 1472 59.4186
0 2220 1472 59.4389
0 2223 1472 59.4586
0 2224 1472 59.4786
0 2227 1472 59.4987
0 2228 1472 59.5186
0 2229 1472 59.5386
0 2231 1472 59.5588
0 2232 1472 59.5786
0 2232 1472 59.5991
0 2233 1472 59.6186
0 2235 1472 59.6389
0 2235 1472 59.6586
0 2237 1472 59.6786
0 2239 1472 59.6988
0 2242 1472 59.7187
0 2245 1472 59.7386
0 2249 1471 59.7588
0 2253 1471 59.7787
0 2257 1471 59.7986
0 2261 1471 59.8186
0 2265 1471 59.8388
0 2267 1471 59.8586
0 2269 1471 59.8786
0 2270 1471 59.8986
0 2272 1471 59.9186
0 2273 1471 59.9386
0 2275 1471 59.9586
0 2278 1471 59.9786
0 2281 1471 59.9986
0 2284 1471 60.0186
0 2286 1471 60.0386
0 2288 1470 60.0587
0 2289 1470 60.0786
0 2290 1470 60.0987
0 2291 1470 60.1186
0 2293 1470 60.1386
0 2294 1470 60.1588
0 2296 1470 60.1786
0 2299 1470 60.1986
0 2301 1470 60.2187
0 2303 1470 60.2388
0 2306 1470 60.2586
0 2308 1470 60.2786
0 2310 1470 60.2986
0 2313 1470 60.3187
0 2314 1470 60.3386
0 2316 1470 60.3587
0 2317 1470 60.3787
0 2318 1470 60.3986
0 2319 1470 60.4186
0 2320 1470 60.4388
0 2321 1470 60.4587
0 2321 1470 60.4786
0 2321 1470 60.4988
0 2322 1470 60.5187
0 2322 1470 60.5387
0 2322 1470 60.5586
0 2324 1470 60.5788
0 2325 1470 60.5986
0 2328 1470 60.6186
0 2330 1470 60.6389
0 2332 1470 60.6586
0 2334 1470 60.6786
0 2334 1470 60.6986
0 2335 1470 60.7187
0 2335 1470 60.7386
0 2335 1470 60.7587
0 2335 1470 60.7788
0 2335 1470 60.7986
0 2335 1470 60.8186
0 2335 1470 60.8389
0 2335 1470 60.8586
0 2335 1470 60.8789
0 2336 1470 60.8986
0 2337 1470 60.9191
0 2340 1470 60.9386
0 2347 1470 60.9592
0 2360 1470 60.9791
0 2375 1470 60.9986
0 2389 1470 61.0198
0 2402 1471 61.0401
0 2412 1471 61.0587
0 2419 1471 61.0786
0 2426 1471 61.0987
0 2431 1471 61.1187
0 2438 1471 61.1386
0 2443 1470 61.1587
0 2448 1470 61.1787
0 2452 1470 61.1987
0 2455 1470 61.2186
0 2458 1470 61.2387
0 2460 1470 61.2587
0 2462 1470 61.2788
0 2463 1470 61.2986
0 2463 1470 61.3188
0 2464 1470 61.3386
0 2464 1470 61.3588
0 2464 1470 61.3786
0 2464 1470 61.3987
0 2464 1470 61.4189
0 2465 1469 61.4386
0 2465 1469 61.4586
0 2466 1469 61.4789
0 2466 1469 61.4987
0 2466 1469 61.5186
1 2465 1469 63.1587
1 2465 1469 63.1789
1 2465 1469 63.1987
1 2465 1469 63.2187
1 2465 1469 63.2387
1 2465 1469 63.2587
1 2465 1469 63.2787
1 2465 1469 63.2987
1 2465 1469 63.3187
1 2465 1469 63.3387
1 2465 1469 63.3587
1 2465 1469 63.3787
1 2465 1469 63.3987
1 2465 1469 63.4188
1 2465 1469 63.4387
1 2465 1469 63.4587
1 2465 1469 63.4787
1 2465 1469 63.4988
1 2465 1469 63.5189
1 2465 1469 63.5394
1 2465 1469 63.5587
1 2465 1469 63.5788
1 2465 1469 63.5993
1 2465 1469 63.6187
1 2465 1469 63.6389
1 2465 1469 63.6593
1 2465 1469 63.679
1 2465 1469 63.6989
1 2465 1469 63.7197
1 2465 1469 63.7392
1 2467 1470 63.759
1 2472 1470 63.7787
1 2480 1470 63.7987
1 2490 1471 63.8189
1 2500 1471 63.8387
1 2508 1472 63.8588
1 2516 1472 63.8787
1 2520 1473 63.8987
1 2522 1473 63.9189
1 2522 1474 63.9389
1 2519 1474 63.9587
1 2515 1474 63.9789
1 2510 1475 63.9987
1 2504 1475 64.0187
1 2499 1476 64.0389
1 2493 1476 64.0588
1 2488 1476 64.0787
1 2484 1477 64.0988
1 2479 1477 64.1187
1 2479 1477 64.139
1 2482 1478 64.1589
1 2489 1478 64.1787
1 2500 1478 64.1987
1 2513 1479 64.2188
1 2527 1480 64.2387
1 2541 1480 64.2587
1 2555 1481 64.2788
1 2567 1481 64.3002
1 2577 1482 64.3188
1 2584 1482 64.3388
1 2589 1483 64.3591
1 2591 1483 64.3788
1 2591 1484 64.3989
1 2591 1484 64.4187
1 2590 1484 64.4388
1 2589 1484 64.4589
1 2587 1484 64.4787
1 2586 1484 64.4988
1 2585 1484 64.519
1 2584 1484 64.5388
1 2582 1485 64.5588
1 2582 1485 64.5787
1 2581 1485 64.5988
1 2580 1485 64.6188
1 2579 1485 64.6387
1 2579 1485 64.6587
1 2579 1485 64.6789
1 2578 1485 64.6988
1 2578 1485 64.7188
1 2578 1485 64.7388
1 2578 1485 64.7588
1 2578 1485 64.7788
1 2578 1485 64.7987
1 2578 1485 64.8188
1 2578 1485 64.8388
1 2578 1485 64.8587
1 2578 1485 64.8787
1 2578 1485 64.8988
1 2578 1485 64.9187
1 2578 1485 64.9388
1 2578 1485 64.9587
1 2578 1485 64.9788
1 2578 1485 64.9987
1 2578 1485 65.0188
1 2578 1485 65.0388
1 2578 1485 65.0588
1 2578 1485 65.0788
1 2578 1485 65.099
1 2578 1485 65.1188
1 2578 1485 65.1388
1 2577 1485 65.1587
1 2577 1485 65.1788
1 2577 1485 65.1988
1 2577 1485 65.2187
1 2577 1485 65.2388
1 2578 1485 65.2587
1 2578 1485 65.279
1 2579 1485 65.2988
1 2579 1485 65.3188
1 2577 1485 65.3389
1 2575 1485 65.3588
1 2572 1485 65.3792
1 2570 1486 65.3988
1 2567 1486 65.4189
1 2565 1486 65.4388
1 2563 1486 65.4588
1 2561 1486 65.4789
1 2559 1486 65.4988
1 2557 1486 65.5188
1 2556 1486 65.5387
1 2556 1486 65.5588
1 2556 1487 65.579
1 2555 1487 65.5988
1 2553 1487 65.6189
1 2552 1487 65.6388
1 2550 1487 65.6588
1 2548 1487 65.6788
1 2546 1487 65.6988
1 2544 1487 65.7188
1 2541 1487 65.739
1 2540 1487 65.7588
1 2538 1488 65.7787
1 2537 1488 65.7989
1 2536 1488 65.8188
1 2536 1488 65.8389
1 2536 1488 65.8588
1 2535 1488 65.8789
1 2535 1488 65.8991
1 2535 1488 65.9189
1 2534 1488 65.9389
1 2533 1488 65.9588
1 2533 1488 65.9789
1 2532 1488 65.9991
1 2532 1488 66.0188
1 2532 1488 66.0388
1 2532 1488 66.059
1 2531 1488 66.0788
1 2532 1488 66.0988
1 2531 1488 66.1188
1 2531 1488 66.1388
1 2531 1488 66.1588
1 2530 1488 66.1788
1 2529 1488 66.1993
1 2528 1488 66.2191
1 2527 1488 66.239
1 2526 1488 66.2588
1 2525 1489 66.2788
1 2523 1489 66.2989
1 2522 1489 66.3188
1 2521 1489 66.339
1 2520 1489 66.3588
1 2519 1489 66.3788
1 2518 1489 66.3988
1 2517 1489 66.4188
1 2515 1489 66.4388
1 2514 1489 66.4588
1 2512 1489 66.4788
1 2510 1490 66.4989
1 2508 1490 66.5189
1 2507 1490 66.5388
1 2506 1490 66.5588
1 2504 1490 66.5788
1 2503 1490 66.5988
1 2502 1490 66.6188
1 2500 1490 66.6388
1 2499 1490 66.659
1 2498 1490 66.6788
1 2496 1490 66.6988
1 2494 1490 66.7189
1 2492 1490 66.7388
1 2490 1491 66.7588
1 2489 1491 66.7788
1 2489 1491 66.7988
1 2488 1491 66.8188
1 2487 1491 66.8389
1 2485 1491 66.8588
1 2485 1491 66.8788
1 2484 1491 66.899
1 2483 1491 66.9188
1 2482 1491 66.9388
1 2482 1491 66.9591
1 2481 1491 66.9789
1 2481 1491 66.999
1 2481 1491 67.0191
1 2481 1491 67.0391
1 2481 1491 67.0591
1 2479 1491 67.079
1 2478 1491 67.099
1 2476 1491 67.1197
1 2475 1492 67.1389
1 2472 1492 67.1594
1 2467 1492 67.1794
1 2462 1492 67.1989
1 2454 1493 67.2191
1 2447 1493 67.2394
1 2439 1493 67.2591
1 2435 1494 67.279
1 2434 1494 67.2993
1 2436 1495 67.319
1 2440 1495 67.3389
1 2443 1496 67.3593
1 2448 1496 67.379
1 2454 1497 67.3994
1 2461 1497 67.4193
1 2468 1498 67.439
1 2476 1498 67.4592
1 2484 1499 67.4792
1 2492 1499 67.4989
1 2501 1500 67.5192
1 2510 1500 67.5397
1 2520 1500 67.5595
1 2529 1501 67.5789
1 2541 1501 67.5989
1 2553 1502 67.619
1 2565 1502 67.6389
1 2578 1502 67.6588
1 2589 1503 67.6789
1 2600 1503 67.6988
1 2609 1504 67.7189
1 2617 1504 67.7389
1 2622 1504 67.759
1 2626 1504 67.7789
1 2628 1504 67.7988
1 2630 1504 67.8189
1 2631 1504 67.839
1 2632 1504 67.8589
1 2632 1504 67.8789
1 2632 1504 67.8989
1 2631 1504 67.9189
1 2630 1505 67.9389
1 2630 1505 67.9589
1 2628 1505 67.9791
1 2627 1505 67.9991
1 2625 1505 68.0189
1 2622 1505 68.039
1 2619 1505 68.059
1 2617 1505 68.0789
1 2613 1505 68.0989
1 2609 1506 68.119
1 2604 1506 68.139
1 2600 1506 68.1589
1 2597 1506 68.1789
1 2594 1506 68.1991
1 2592 1506 68.2191
1 2590 1506 68.239
1 2588 1506 68.2589
1 2586 1507 68.2791
1 2584 1507 68.299
1 2581 1507 68.3189
1 2579 1507 68.3391
1 2575 1507 68.3591
1 2572 1507 68.3791
1 2570 1507 68.3991
1 2568 1507 68.4189
1 2566 1507 68.4391
1 2566 1507 68.4591
1 2565 1507 68.479
1 2564 1508 68.499
1 2563 1508 68.519
1 2561 1508 68.539
1 2558 1508 68.5589
1 2554 1508 68.5789
1 2551 1508 68.599
1 2547 1508 68.6191
1 2545 1508 68.639
1 2542 1509 68.6589
1 2540 1509 68.6789
1 2538 1509 68.6989
1 2536 1509 68.719
1 2533 1509 68.7391
1 2530 1509 68.759
1 2526 1509 68.7789
1 2523 1509 68.7991
1 2519 1510 68.819
1 2516 1510 68.8391
1 2512 1510 68.859
1 2509 1510 68.879
1 2506 1510 68.899
1 2503 1510 68.919
1 2501 1510 68.9392
1 2500 1510 68.9589
1 2499 1510 68.9789
1 2499 1510 68.9989
1 2498 1510 69.019
1 2498 1510 69.0389
1 2498 1510 69.0589
1 2498 1510 69.0789
1 2497 1510 69.099
1 2497 1510 69.119
1 2496 1511 69.1391
1 2495 1511 69.1591
1 2494 1511 69.179
1 2492 1511 69.1991
1 2492 1511 69.219
1 2491 1511 69.239
1 2491 1511 69.259
1 2490 1511 69.2791
1 2489 1511 69.2991
1 2487 1511 69.3191
1 2485 1511 69.339
1 2482 1511 69.3591
1 2479 1511 69.3791
1 2477 1511 69.3989
1 2474 1511 69.4191
1 2472 1512 69.4391
1 2469 1512 69.4591
1 2467 1512 69.479
1 2465 1512 69.4991
1 2462 1512 69.5191
1 2459 1512 69.5391
1 2455 1512 69.559
1 2450 1512 69.579
1 2444 1513 69.599
1 2439 1513 69.6189
1 2433 1513 69.6389
1 2428 1513 69.659
1 2423 1514 69.6789
1 2419 1514 69.6991
1 2414 1514 69.719
1 2411 1514 69.739
1 2407 1514 69.7589
1 2405 1514 69.7789
1 2403 1514 69.799
1 2402 1514 69.8189
1 2400 1515 69.839
1 2398 1515 69.859
1 2397 1515 69.8789
1 2395 1515 69.8989
1 2393 1515 69.9189
1 2390 1515 69.9381
1 2387 1515 69.9581
1 2384 1515 69.9781
1 2381 1515 69.9981
1 2377 1516 70.0181
1 2374 1516 70.0381
1 2372 1516 70.0581
1 2370 1516 70.0781
1 2368 1516 70.0981
1 2366 1516 70.1181
1 2365 1516 70.1381
1 2363 1516 70.1581
1 2362 1516 70.1781
1 2360 1516 70.1981
1 2358 1516 70.218
1 2355 1517 70.2381
1 2352 1517 70.2581
1 2349 1517 70.2782
1 2346 1517 70.2981
1 2344 1517 70.3181
1 2342 1517 70.3381
1 2343 1518 70.3581
1 2344 1518 70.3781
1 2346 1518 70.398
1 2351 1518 70.4181
1 2355 1519 70.4381
1 2359 1519 70.4581
1 2362 1519 70.478
1 2366 1519 70.4981
1 2369 1520 70.518
1 2373 1520 70.538
1 2376 1520 70.5579
1 2380 1520 70.578
1 2384 1520 70.5982
1 2389 1521 70.618
1 2395 1521 70.6381
1 2402 1521 70.658
1 2409 1521 70.678
1 2415 1522 70.6981
1 2420 1522 70.718
1 2426 1522 70.7381
1 2431 1522 70.7582
1 2437 1523 70.7782
1 2443 1523 70.798
1 2448 1523 70.818
1 2453 1523 70.838
1 2457 1524 70.858
1 2461 1524 70.878
1 2465 1524 70.8981
1 2469 1524 70.918
1 2472 1524 70.938
1 2474 1524 70.958
1 2476 1524 70.978
1 2476 1524 70.998
1 2476 1524 71.018
1 2476 1524 71.038
1 2477 1524 71.058
1 2477 1524 71.0783
1 2478 1524 71.098
1 2478 1524 71.118
1 2477 1525 71.1382
1 2476 1525 71.158
1 2475 1525 71.1781
1 2474 1525 71.1983
1 2474 1525 71.218
1 2473 1525 71.238
1 2472 1525 71.258
1 2471 1525 71.278
1 2471 1525 71.2981
1 2471 1525 71.318
1 2472 1525 71.3382
1 2471 1525 71.358
1 2471 1525 71.378
1 2471 1525 71.398
1 2471 1525 71.418
1 2471 1525 71.438
1 2471 1525 71.4581
1 2470 1526 71.478
1 2469 1526 71.498
1 2469 1526 71.518
1 2470 1526 71.538
1 2470 1526 71.5582
1 2471 1526 71.578
1 2472 1526 71.598
1 2473 1526 71.6181
1 2474 1526 71.638
1 2475 1526 71.658
1 2475 1526 71.678
1 2476 1526 71.698
1 2476 1526 71.718
1 2478 1526 71.738
1 2480 1526 71.758
1 2484 1526 71.778
1 2489 1526 71.798
1 2495 1527 71.818
1 2501 1527 71.838
1 2506 1527 71.8581
1 2510 1528 71.878
1 2512 1528 71.898
1 2512 1528 71.918
1 2511 1528 71.938
1 2508 1529 71.9581
1 2505 1529 71.978
1 2502 1529 71.9982
1 2500 1529 72.018
1 2498 1529 72.038
1 2497 1529 72.0582
1 2496 1529 72.078
1 2494 1529 72.098
1 2493 1529 72.1181
1 2492 1529 72.138
1 2491 1530 72.158
1 2491 1530 72.178
1 2490 1530 72.198
1 2490 1530 72.2181
1 2490 1530 72.238
1 2492 1530 72.258
1 2494 1530 72.2782
1 2497 1530 72.298
1 2501 1530 72.3181
1 2505 1530 72.338
1 2509 1530 72.358
1 2513 1531 72.3782
1 2517 1531 72.398
1 2521 1531 72.418
1 2525 1531 72.438
1 2528 1531 72.458
1 2532 1531 72.478
1 2536 1532 72.4982
1 2540 1532 72.5181
1 2544 1532 72.538
1 2547 1532 72.5581
1 2551 1532 72.578
1 2554 1532 72.598
1 2557 1532 72.618
1 2559 1532 72.638
1 2563 1533 72.658
1 2565 1533 72.678
1 2567 1533 72.698
1 2569 1533 72.7181
1 2571 1533 72.7414
1 2573 1533 72.7581
1 2576 1533 72.778
1 2578 1534 72.7982
1 2580 1534 72.818
1 2581 1534 72.838
1 2582 1534 72.858
1 2582 1534 72.878
1 2583 1534 72.8981
1 2583 1534 72.918
1 2584 1534 72.938
1 2584 1534 72.958
1 2585 1534 72.978
1 2587 1534 72.998
1 2590 1534 73.018
1 2594 1534 73.038
1 2597 1534 73.058
1 2602 1534 73.078
1 2607 1535 73.0982
1 2612 1535 73.118
1 2616 1535 73.138
1 2620 1535 73.1582
1 2623 1535 73.178
1 2625 1535 73.198
1 2627 1536 73.2181
1 2629 1536 73.238
1 2631 1536 73.258
1 2633 1536 73.2781
1 2634 1536 73.298
1 2635 1536 73.318
1 2636 1536 73.3382
1 2637 1536 73.358
1 2639 1536 73.378
1 2640 1536 73.398
1 2640 1536 73.418
1 2641 1536 73.438
1 2642 1536 73.4581
1 2643 1536 73.478
1 2643 1536 73.498
1 2643 1536 73.518
1 2644 1536 73.538
1 2644 1536 73.5581
1 2644 1536 73.5789
1 2644 1536 73.5981
1 2644 1536 73.618
1 2644 1536 73.638
1 2644 1536 73.6581
1 2644 1536 73.6781
1 2645 1536 73.6982
1 2647 1536 73.7181
1 2649 1536 73.7381
1 2652 1537 73.7582
1 2655 1537 73.7781
1 2658 1537 73.798
1 2662 1537 73.818
1 2666 1537 73.8382
1 2670 1537 73.8581
1 2673 1537 73.8781
1 2677 1538 73.8981
1 2680 1538 73.918
1 2683 1538 73.9381
1 2685 1538 73.958
1 2686 1538 73.9781
1 2687 1538 73.9981
1 2689 1538 74.018
1 2689 1538 74.0381
1 2689 1538 74.058
1 2687 1538 74.0781
1 2685 1538 74.0981
1 2683 1538 74.1181
1 2682 1539 74.1381
1 2683 1539 74.1581
1 2685 1539 74.1781
1 2688 1539 74.1981
1 2691 1539 74.2181
1 2695 1540 74.238
1 2699 1540 74.2581
1 2702 1540 74.2781
1 2705 1540 74.2981
1 2708 1541 74.3183
1 2712 1541 74.3381
1 2715 1541 74.358
1 2719 1541 74.3782
1 2722 1541 74.3981
1 2724 1542 74.4181
1 2725 1542 74.4381
1 2726 1542 74.4582
1 2726 1542 74.478
1 2727 1542 74.4981
1 2727 1542 74.5181
1 2728 1542 74.538
1 2727 1542 74.5581
1 2727 1542 74.578
1 2727 1542 74.5981
1 2727 1542 74.6181
1 2727 1542 74.638
1 2728 1542 74.658
1 2728 1542 74.6781
1 2728 1542 74.698
1 2728 1542 74.7181
1 2728 1542 74.7381
0 2741 1542 76.4183
0 2742 1542 76.4382
0 2744 1542 76.4581
0 2746 1542 76.4782
0 2748 1542 76.4981
0 2750 1542 76.5182
0 2753 1542 76.5383
0 2757 1542 76.5581
0 2761 1542 76.5781
0 2766 1542 76.5983
0 2771 1542 76.6181
0 2777 1542 76.6381
0 2782 1542 76.6582
0 2787 1542 76.6781
0 2792 1542 76.6982
0 2796 1542 76.7182
0 2800 1542 76.7381
0 2803 1542 76.7582
0 2805 1542 76.7783
0 2807 1542 76.7981
0 2808 1542 76.8182
0 2808 1542 76.8381
0 2809 1542 76.8581
0 2833 1542 77.7384
0 2834 1542 77.7582
0 2835 1542 77.7782
0 2835 1542 77.7984
0 2836 1542 77.8182
0 2837 1542 77.8381
0 2838 1542 77.8584
0 2839 1542 77.8782
0 2839 1542 77.8981
0 2840 1542 77.9184
0 2841 1542 77.9382
0 2843 1542 77.9582
0 2845 1542 77.9782
0 2849 1542 77.9982
0 2852 1542 78.0181
0 2857 1542 78.0382
0 2861 1542 78.0582
0 2867 1542 78.0782
0 2872 1542 78.0984
0 2877 1542 78.1182
0 2883 1542 78.1382
0 2889 1541 78.1582
0 2895 1541 78.1782
0 2901 1541 78.1982
0 2907 1541 78.2184
0 2913 1541 78.2382
0 2918 1541 78.2582
0 2925 1541 78.2782
0 2932 1540 78.2982
0 2938 1540 78.3183
0 2944 1540 78.3382
0 2948 1540 78.3582
0 2953 1540 78.3783
0 2959 1540 78.3982
0 2964 1539 78.4182
0 2968 1539 78.4382
0 2971 1539 78.4582
0 2975 1539 78.4783
0 2978 1539 78.4982
0 2982 1539 78.5182
0 2986 1539 78.5381
0 2990 1539 78.5582
0 2993 1539 78.5782
0 2995 1539 78.5982
0 2996 1538 78.6182
0 2997 1538 78.6382
0 2998 1538 79.3183
0 2998 1538 79.3382
0 2998 1538 79.3584
0 2998 1538 79.3782
0 2998 1538 79.3982
0 2998 1538 79.4184
0 2998 1538 79.4382
0 2999 1538 79.4583
0 2999 1538 79.4786
0 3000 1538 79.4982
0 3002 1538 79.5182
0 3005 1538 79.5382
0 3008 1538 79.5583
0 3014 1538 79.5783
0 3020 1538 79.5982
0 3028 1538 79.6182
0 3035 1538 79.6382
0 3042 1538 79.6584
0 3048 1537 79.6782
0 3053 1537 79.6982
0 3059 1537 79.7185
0 3063 1537 79.7383
0 3067 1537 79.7582
0 3070 1537 79.7785
0 3072 1537 79.7983
0 3074 1537 79.8182
0 3076 1537 79.8382
0 3080 1537 79.8583
0 3086 1536 79.8785
0 3091 1536 79.8986
0 3097 1536 79.9182
0 3103 1536 79.9382
0 3108 1536 79.9583
0 3113 1536 79.9789
0 3118 1536 79.9982
0 3123 1536 80.0189
0 3129 1535 80.0394
0 3134 1535 80.0584
0 3138 1535 80.0782
0 3143 1535 80.0984
0 3147 1535 80.1182
0 3151 1535 80.1382
0 3155 1535 80.1584
0 3159 1535 80.1782
0 3163 1535 80.1982
0 3169 1535 80.2184
0 3177 1535 80.2382
0 3186 1534 80.2583
0 3194 1535 80.2784
0 3204 1535 80.2982
0 3216 1535 80.3184
0 3227 1535 80.3383
0 3240 1534 80.3582
0 3252 1534 80.3784
0 3264 1534 80.3982
0 3276 1534 80.4183
0 3287 1534 80.4384
0 3296 1534 80.4583
0 3303 1534 80.4782
0 3309 1534 80.4985
0 3313 1534 80.5183
0 3317 1534 80.5382
0 3319 1534 80.5585
0 3320 1534 80.5783
0 3321 1534 80.5983
0 3322 1534 80.6183
0 3322 1534 80.6383
0 3323 1534 80.6583
0 3323 1534 80.6784
0 3323 1534 80.6983
0 3323 1534 81.2583
0 3324 1534 81.2785
0 3324 1534 81.2983
0 3324 1534 81.3183
0 3324 1534 81.3385
0 3324 1534 81.3583
0 3324 1534 81.3783
0 3325 1534 81.3984
0 3325 1534 81.4183
0 3327 1534 81.4383
0 3329 1534 81.4585
0 3331 1534 81.4785
0 3334 1534 81.4983
0 3337 1534 81.5183
0 3340 1534 81.5383
0 3344 1534 81.5583
0 3348 1534 81.5784
0 3353 1534 81.5983
0 3360 1534 81.6183
0 3367 1533 81.6385
0 3375 1533 81.6583
0 3385 1533 81.6782
0 3396 1533 81.6983
0 3407 1533 81.7183
0 3416 1532 81.7383
0 3425 1532 81.7583
0 3433 1532 81.7785
0 3441 1532 81.7983
0 3451 1532 81.8185
0 3463 1532 81.8383
0 3476 1532 81.8583
0 3488 1532 81.8784
0 3500 1532 81.8983
0 3511 1532 81.9185
0 3522 1532 81.9383
0 3531 1532 81.9583
0 3539 1531 81.9785
0 3547 1531 81.9983
0 3554 1531 82.0184
0 3561 1531 82.0383
0 3567 1531 82.0585
0 3573 1531 82.0784
0 3578 1530 82.0983
0 3583 1530 82.1183
0 3588 1530 82.1384
0 3595 1530 82.1583
0 3605 1530 82.1783
0 3621 1530 82.1983
0 3638 1530 82.2183
0 3654 1530 82.2383
0 3668 1530 82.2583
0 3680 1530 82.2783
0 3689 1531 82.2984
0 3696 1531 82.3183
0 3701 1531 82.3385
0 3704 1531 82.3583
0 3707 1531 82.3783
0 3708 1531 82.3983
0 3711 1531 82.4183
0 3713 1531 82.4383
0 3715 1531 82.4585
0 3717 1531 82.4783
0 3718 1531 82.4983
0 3719 1531 82.5185
0 3719 1531 82.5383
0 3719 1531 82.5583
0 3719 1531 82.5785
0 3720 1531 83.1984
0 3720 1531 83.2183
0 3720 1531 83.2386
0 3720 1531 83.2584
0 3720 1531 83.2783
0 3720 1531 83.2984
0 3720 1531 83.3184
0 3721 1531 83.3385
0 3721 1531 83.3583
0 3721 1531 83.3783
0 3721 1531 83.3983
0 3721 1531 83.4183
0 3721 1531 83.4383
0 3722 1531 83.4584
0 3722 1531 83.4784
0 3723 1531 83.4983
0 3724 1531 83.5184
0 3724 1531 83.5384
0 3725 1531 83.5584
0 3726 1531 83.5783
0 3727 1531 83.5984
0 3728 1531 83.6184
0 3729 1531 83.6383
0 3731 1531 83.6584
0 3734 1531 83.6784
0 3738 1530 83.6984
0 3741 1530 83.7186
0 3744 1530 83.7383
0 3745 1530 83.7583
0 3746 1530 83.7784
0 3748 1530 83.7984
0 3749 1530 83.8183
0 3751 1530 83.8386
0 3754 1530 83.8584
0 3758 1530 83.8788
0 3762 1530 83.8984
0 3766 1530 83.9184
0 3770 1530 83.9388
0 3774 1530 83.9584
0 3777 1530 83.9783
0 3781 1530 83.9986
0 3784 1530 84.0184
0 3786 1530 84.0383
0 3789 1530 84.0584
0 3791 1530 84.0784
0 3793 1530 84.0984
0 3795 1530 84.1184
0 3797 1529 84.1384
0 3799 1529 84.1587
0 3801 1529 84.1784
0 3803 1529 84.1984
0 3806 1529 84.2186
0 3809 1529 84.2385
0 3813 1529 84.2583
0 3816 1529 84.2784
0 3819 1529 84.2985
0 3821 1529 84.3184
0 3823 1529 84.3383
0 3825 1529 84.3586
0 3827 1529 84.3784
0 3828 1529 84.3984
0 3831 1529 84.4185
0 3834 1529 84.4389
0 3838 1529 84.4584
0 3843 1529 84.4788
0 3848 1529 84.5
0 3853 1529 84.5193
0 3858 1529 84.5383
0 3862 1529 84.5588
0 3868 1529 84.5784
0 3874 1529 84.5984
0 3882 1530 84.6183
0 3890 1530 84.6384
0 3900 1530 84.6584
0 3910 1530 84.6786
0 3920 1530 84.6984
0 3932 1530 84.7184
0 3943 1530 84.7386
0 3953 1530 84.7584
0 3962 1530 84.7784
0 3970 1530 84.7984
0 3976 1530 84.8184
0 3980 1530 84.8386
0 3983 1530 84.8584
0 3984 1530 84.8784
0 3985 1530 84.8984
0 3987 1530 84.9184
0 3988 1530 84.9383
0 3988 1530 84.9584
0 3988 1530 84.9784
0 3989 1530 84.9984
1 3989 1530 85.7186
1 3989 1530 85.7387
1 3989 1530 85.7586
1 3989 1530 85.7788
1 3989 1530 85.7985
1 3989 1530 85.8185
1 3989 1530 85.8386
1 3989 1530 85.8585
1 3989 1530 85.8784
1 3989 1530 85.8984
1 3989 1530 85.9186
1 3989 1530 85.9385
1 3989 1530 85.9585
1 3988 1530 85.9785
1 3988 1530 85.9984
1 3986 1530 86.0185
1 3985 1530 86.0387
1 3983 1530 86.0587
1 3982 1530 86.0791
1 3981 1530 86.0986
1 3979 1530 86.1192
1 3979 1530 86.1386
1 3977 1530 86.1587
1 3975 1530 86.1785
1 3973 1530 86.1987
1 3970 1530 86.2185
1 3966 1530 86.2385
1 3964 1531 86.2586
1 3962 1531 86.2792
1 3960 1531 86.2987
1 3959 1531 86.3185
1 3958 1531 86.3386
1 3957 1531 86.3587
1 3958 1531 86.3787
1 3961 1531 86.3986
1 3965 1532 86.4185
1 3971 1532 86.4386
1 3977 1532 86.4586
1 3985 1533 86.4785
1 3995 1533 86.4988
1 4005 1533 86.5185
1 4017 1534 86.5387
1 4030 1534 86.5586
1 4044 1535 86.5785
1 4059 1536 86.5986
1 4074 1536 86.6186
1 4089 1537 86.6384
1 4103 1537 86.6586
1 4114 1538 86.6786
1 4125 1538 86.6984
1 4135 1539 86.7186
1 4143 1539 86.7386
1 4149 1539 86.7587
1 4151 1539 86.7786
1 4153 1540 86.7985
1 4153 1540 86.8187
1 4151 1540 86.8389
1 4149 1540 86.8586
1 4146 1540 86.8787
1 4143 1540 86.8985
1 4140 1540 86.9185
1 4136 1540 86.9387
1 4132 1540 86.9586
1 4128 1541 86.9787
1 4123 1541 86.9986
1 4117 1541 87.0186
1 4111 1541 87.0387
1 4105 1541 87.0586
1 4099 1542 87.0786
1 4094 1542 87.0986
1 4087 1542 87.1185
1 4081 1542 87.1385
1 4074 1542 87.1585
1 4068 1543 87.1785
1 4061 1543 87.1985
1 4055 1543 87.2185
1 4048 1543 87.2386
1 4042 1543 87.2586
1 4036 1544 87.2786
1 4032 1544 87.2987
1 4029 1544 87.3185
1 4026 1544 87.3385
1 4023 1544 87.3587
1 4021 1544 87.3786
1 4019 1544 87.3986
1 4016 1544 87.4177
1 4014 1544 87.4377
1 4012 1544 87.4577
1 4009 1544 87.4776
1 4005 1545 87.4977
1 4002 1545 87.5176
1 3999 1545 87.5377
1 3996 1545 87.5577
1 3994 1545 87.5777
1 3991 1545 87.5976
1 3986 1545 87.6177
1 3983 1545 87.6377
1 3980 1545 87.6576
1 3976 1546 87.6776
1 3972 1546 87.6975
1 3967 1546 87.7177
1 3962 1546 87.7377
1 3956 1546 87.7577
1 3952 1546 87.7777
1 3946 1547 87.7976
1 3941 1547 87.8176
1 3934 1547 87.8375
1 3928 1547 87.8577
1 3922 1548 87.8775
1 3917 1548 87.8976
1 3912 1548 87.9176
1 3908 1548 87.9375
1 3905 1549 87.9577
1 3902 1549 87.9777
1 3899 1549 87.9977
1 3895 1549 88.0177
1 3892 1549 88.0377
1 3888 1550 88.0575
1 3885 1550 88.0777
1 3882 1550 88.0977
1 3879 1550 88.1175
1 3877 1550 88.1377
1 3876 1550 88.1577
1 3875 1550 88.1777
1 3875 1550 88.1977
1 3874 1550 88.2176
1 3874 1550 88.2375
1 3874 1550 88.2576
1 3874 1550 88.2775
1 3873 1550 88.2976
1 3872 1550 88.3176
1 3873 1550 88.3376
1 3873 1550 88.3575
1 3874 1550 88.3775
1 3875 1550 88.3976
1 3876 1550 88.4175
1 3878 1550 88.4376
1 3878 1550 88.4575
1 3879 1550 88.4777
1 3879 1551 88.4977
1 3880 1551 88.5176
1 3880 1551 88.5377
1 3880 1551 88.5577
1 3880 1551 88.5777
1 3881 1551 88.5977
1 3881 1551 88.6177
1 3881 1551 88.6377
1 3882 1551 88.6577
1 3882 1551 88.6776
1 3882 1551 88.6976
1 3882 1551 88.7176
1 3884 1551 88.7377
1 3886 1551 88.7577
1 3889 1551 88.7775
1 3892 1551 88.7975
1 3894 1551 88.8177
1 3896 1551 88.8376
1 3898 1551 88.8576
1 3901 1551 88.8776
1 3902 1551 88.8976
1 3904 1551 88.9176
1 3905 1552 88.9378
1 3905 1552 88.9575
1 3906 1552 88.9775
1 3906 1552 88.9977
1 3906 1552 89.0176
1 3907 1552 89.0379
1 3908 1552 89.0576
1 3910 1552 89.0776
1 3912 1552 89.0976
1 3916 1552 89.1176
1 3919 1552 89.1376
1 3923 1552 89.1576
1 3927 1553 89.1777
1 3929 1553 89.1976
1 3931 1553 89.2176
1 3932 1553 89.2376
1 3933 1553 89.2576
1 3934 1553 89.2776
1 3934 1553 89.2976
1 3934 1553 89.3176
1 3933 1553 89.3379
1 3932 1553 89.3576
1 3932 1553 89.3776
1 3931 1553 89.3981
1 3930 1553 89.4178
1 3929 1553 89.4375
1 3929 1553 89.4575
1 3929 1554 89.4776
1 3930 1554 89.4976
1 3931 1554 89.5176
1 3932 1554 89.5376
1 3933 1554 89.5576
1 3935 1554 89.5776
1 3938 1554 89.5976
1 3941 1554 89.6176
1 3944 1554 89.6376
1 3948 1555 89.6577
1 3950 1555 89.6776
1 3953 1555 89.6976
1 3955 1555 89.7176
1 3957 1555 89.7377
1 3959 1555 89.7576
1 3961 1555 89.7776
1 3963 1555 89.7976
1 3964 1555 89.8178
1 3965 1555 89.8376
1 3966 1555 89.8576
1 3967 1556 89.8777
1 3968 1556 89.8976
1 3968 1556 89.9176
1 3969 1556 89.9378
1 3969 1556 89.9577
1 3971 1556 89.9776
1 3972 1556 89.9976
1 3974 1557 90.0177
1 3977 1557 90.0376
1 3979 1557 90.0576
1 3980 1557 90.0776
1 3981 1557 90.0976
1 3982 1557 90.1176
1 3984 1557 90.1376
1 3985 1558 90.158
1 3986 1558 90.1776
1 3987 1558 90.1976
1 3988 1558 90.2177
1 3989 1558 90.2376
1 3989 1558 90.2576
1 3990 1558 90.2776
1 3991 1558 90.2976
1 3993 1558 90.3177
1 3994 1558 90.3376
1 3997 1558 90.3576
1 3999 1558 90.3778
1 4003 1559 90.3976
1 4006 1559 90.4176
1 4010 1559 90.4376
1 4013 1559 90.4576
1 4015 1559 90.4776
1 4017 1559 90.4977
1 4018 1560 90.5176
1 4020 1560 90.5376
1 4021 1560 90.5577
1 4023 1560 90.5776
1 4025 1560 90.5976
1 4027 1560 90.6176
1 4029 1560 90.6376
1 4031 1560 90.6577
1 4033 1560 90.6776
1 4035 1560 90.6976
1 4038 1560 90.7178
1 4040 1561 90.7376
1 4043 1561 90.7576
1 4045 1561 90.7778
1 4046 1561 90.7976
1 4048 1561 90.8176
1 4049 1561 90.8376
1 4049 1561 90.8576
1 4049 1561 90.8776
1 4049 1561 90.8981
1 4051 1561 90.9176
1 4052 1561 90.9378
1 4054 1561 90.9576
1 4056 1561 90.9776
1 4058 1562 90.9978
1 4060 1562 91.0182
1 4061 1562 91.0381
1 4061 1562 91.0578
1 4061 1562 91.0776
1 4062 1562 91.098
1 4064 1562 91.1177
1 4065 1562 91.1376
1 4066 1562 91.1578
1 4067 1562 91.1776
1 4067 1562 91.1976
1 4067 1563 91.2178
1 4067 1563 91.2377
1 4065 1563 91.2576
1 4065 1563 91.2778
1 4065 1563 91.2976
1 4065 1563 91.3176
1 4065 1563 91.3376
1 4066 1563 91.3576
1 4067 1563 91.3776
1 4069 1563 91.3976
1 4071 1563 91.4176
1 4072 1563 91.4377
1 4074 1563 91.4576
1 4075 1564 91.4777
1 4076 1564 91.4976
1 4076 1564 91.5176
1 4077 1564 91.5376
1 4077 1564 91.5577
1 4078 1564 91.5776
1 4077 1564 91.5976
1 4076 1564 91.6176
1 4075 1564 91.6376
1 4074 1564 91.6576
1 4072 1564 91.6776
1 4070 1564 91.6976
1 4066 1564 91.7176
1 4065 1564 91.7377
1 4063 1564 91.7576
1 4061 1564 91.7776
1 4059 1564 91.7977
1 4057 1565 91.8177
1 4054 1565 91.8376
1 4052 1565 91.8576
1 4051 1565 91.8777
1 4050 1565 91.8976
1 4049 1565 91.9176
1 4048 1565 91.9377
1 4047 1565 91.9576
1 4046 1565 91.9776
1 4047 1565 91.9985
1 4048 1565 92.0181
1 4049 1565 92.0376
1 4050 1565 92.0577
1 4051 1565 92.0776
1 4052 1565 92.0979
1 4054 1566 92.1176
1 4054 1566 92.1384
1 4055 1566 92.1578
1 4056 1566 92.1776
1 4057 1566 92.1976
1 4059 1566 92.2176
1 4060 1566 92.2376
1 4062 1566 92.2576
1 4063 1566 92.2776
1 4065 1566 92.2981
1 4067 1566 92.3177
1 4067 1566 92.3376
1 4067 1566 92.3576
1 4066 1566 92.3776
1 4067 1566 92.3977
1 4067 1567 92.4176
1 4069 1567 92.4377
1 4070 1567 92.4576
1 4072 1567 92.4776
1 4074 1567 92.4977
1 4075 1567 92.5176
1 4076 1567 92.5376
1 4076 1567 92.5576
1 4076 1567 92.5776
1 4076 1567 92.5977
1 4077 1568 92.6177
1 4079 1568 92.6376
1 4081 1568 92.6577
1 4084 1568 92.6777
1 4087 1568 92.6977
1 4090 1568 92.7176
1 4091 1568 92.7376
1 4092 1569 92.7577
1 4094 1569 92.7776
1 4095 1569 92.7977
1 4096 1569 92.8177
1 4097 1569 92.8376
1 4098 1569 92.8577
1 4098 1569 92.8777
1 4099 1569 92.8977
1 4100 1569 92.9177
1 4101 1569 92.9376
1 4101 1569 92.9579
1 4102 1569 92.9777
1 4102 1569 92.9979
1 4102 1569 93.0176
1 4102 1569 93.0377
1 4102 1569 93.0577
1 4102 1569 93.0777
1 4102 1569 93.0977
1 4102 1569 93.1177
1 4102 1569 93.1377
1 4102 1569 93.1577
1 4101 1569 93.1777
1 4101 1569 93.1977
1 4100 1569 93.2176
1 4100 1569 93.2376
1 4100 1569 93.2576
1 4100 1569 93.2777
1 4100 1569 93.2976
1 4100 1569 93.3177
1 4100 1569 93.3377
1 4100 1569 93.3576
1 4100 1569 93.3777
1 4100 1569 93.3977
1 4101 1569 93.4176
1 4102 1569 93.4379
1 4103 1569 93.4577
1 4105 1570 93.4777
1 4107 1570 93.4977
1 4108 1570 93.5177
1 4110 1570 93.5376
1 4111 1570 93.5577
1 4112 1570 93.5777
1 4113 1570 93.5977
1 4112 1570 93.6177
1 4112 1571 93.6377
1 4112 1571 93.6576
1 4111 1571 93.6777
1 4108 1571 93.6977
1 4106 1571 93.7177
1 4103 1571 93.7377
1 4102 1571 93.7577
1 4098 1572 93.7776
1 4093 1572 93.7977
1 4086 1572 93.8176
1 4079 1573 93.8378
1 4073 1573 93.8577
1 4069 1573 93.8777
1 4065 1573 93.8978
1 4061 1574 93.9177
1 4058 1574 93.9377
1 4056 1574 93.9577
1 4056 1574 93.9777
1 4055 1575 93.9976
1 4055 1575 94.0179
1 4055 1575 94.0376
1 4053 1575 94.0576
1 4053 1575 94.0777
1 4052 1575 94.0977
1 4052 1575 94.1181
1 4052 1575 94.1377
1 4052 1575 94.1577
1 4052 1575 94.1779
1 4052 1575 94.1977
1 4052 1575 94.2178
1 4052 1575 94.2378
1 4052 1575 94.2577
1 4052 1575 94.2777
1 4052 1575 94.2977
1 4052 1575 94.3177
0 4052 1575 95.0777
0 4052 1575 95.0978
0 4052 1575 95.1177
0 4052 1575 95.1377
0 4052 1575 95.1577
0 4052 1575 95.1777
0 4052 1575 95.1977
0 4053 1575 95.2178
0 4054 1575 95.2377
0 4056 1575 95.2579
0 4058 1575 95.2777
0 4059 1575 95.2977
0 4060 1575 95.3177
0 4061 1575 95.3377
0 4062 1575 95.3577
0 4064 1575 95.3777
0 4065 1575 95.3977
0 4068 1575 95.4178
0 4072 1575 95.4378
0 4078 1575 95.4577
0 4086 1575 95.4777
0 4095 1574 95.4977
0 4104 1574 95.5179
0 4113 1574 95.5378
0 4123 1574 95.5578
0 4134 1574 95.5777
0 4144 1574 95.5977
0 4152 1574 95.6177
0 4157 1573 95.6378
0 4160 1573 95.6577
0 4162 1573 95.6777
0 4163 1573 95.6977
0 4163 1573 95.7179
0 4164 1573 95.7377
0 4164 1573 95.7578
0 4164 1573 96.3377
0 4164 1573 96.3578
0 4165 1573 96.3777
0 4165 1573 96.3977
0 4166 1573 96.4178
0 4167 1573 96.4377
0 4167 1573 96.4577
0 4169 1573 96.4779
0 4173 1573 96.4977
0 4177 1573 96.5177
0 4183 1573 96.5378
0 4190 1573 96.5577
0 4198 1573 96.5777
0 4207 1573 96.598
0 4215 1572 96.6178
0 4224 1572 96.6378
0 4231 1572 96.6578
0 4239 1572 96.6777
0 4247 1572 96.6978
0 4254 1572 96.7178
0 4260 1572 96.7378
0 4266 1571 96.7579
0 4272 1571 96.7778
0 4277 1571 96.798
0 4282 1571 96.8178
0 4287 1571 96.8378
0 4293 1571 96.858
0 4299 1571 96.8778
0 4302 1571 96.8978
0 4306 1571 96.9178
0 4309 1571 96.9378
0 4311 1571 96.9579
0 4313 1571 96.9778
0 4314 1571 96.9978
0 4314 1571 97.0178
0 4315 1571 97.0378
0 4315 1571 97.0578
0 4319 1571 97.898
0 4319 1571 97.9178
0 4320 1571 97.9378
0 4321 1571 97.958
0 4323 1571 97.9779
0 4324 1571 97.9978
0 4327 1571 98.0178
0 4331 1571 98.0379
0 4335 1571 98.0579
0 4339 1571 98.078
0 4346 1571 98.0979
0 4354 1570 98.1178
0 4365 1570 98.1381
0 4377 1570 98.1578
0 4391 1570 98.1778
0 4405 1570 98.198
0 4421 1569 98.2178
0 4436 1569 98.2378
0 4451 1569 98.258
0 4464 1569 98.2779
0 4476 1568 98.2978
0 4487 1568 98.3178
0 4495 1568 98.338
0 4503 1568 98.3578
0 4511 1568 98.3778
0 4517 1568 98.398
0 4523 1568 98.4178
0 4527 1567 98.4378
0 4530 1567 98.458
0 4532 1567 98.4778
1 4527 1568 99.4779
1 4526 1568 99.4978
1 4526 1568 99.518
1 4525 1568 99.5386
1 4525 1568 99.5581
1 4525 1568 99.5779
1 4525 1568 99.5978
1 4525 1568 99.6181
1 4525 1568 99.6379
1 4525 1568 99.6578
1 4527 1568 99.678
1 4528 1568 99.6979
1 4531 1568 99.7178
1 4534 1568 99.7382
1 4537 1568 99.7579
1 4542 1569 99.7778
1 4546 1569 99.798
1 4551 1569 99.8182
1 4554 1570 99.8378
1 4557 1570 99.8579
1 4561 1570 99.8778
1 4565 1571 99.8981
1 4570 1571 99.9179
1 4577 1572 99.9378
1 4582 1572 99.9579
1 4587 1572 99.9779
1 4592 1573 99.9979
1 4596 1573 100.018
1 4601 1573 100.038
1 4606 1574 100.058
1 4610 1574 100.078
1 4615 1574 100.098
1 4620 1574 100.118
1 4625 1575 100.138
1 4631 1575 100.158
1 4638 1575 100.178
1 4645 1576 100.198
1 4651 1576 100.218
1 4657 1577 100.238
1 4663 1577 100.258
1 4668 1577 100.278
1 4673 1577 100.298
1 4677 1578 100.318
1 4681 1578 100.338
1 4684 1578 100.358
1 4687 1578 100.378
1 4689 1578 100.398
1 4690 1579 100.418
1 4690 1579 100.438
1 4690 1579 100.458
1 4689 1579 100.478
1 4688 1579 100.498
1 4686 1579 100.518
1 4683 1579 100.538
1 4681 1579 100.558
1 4679 1580 100.578
1 4677 1580 100.598
1 4674 1580 100.618
1 4671 1580 100.638
1 4668 1580 100.658
1 4665 1580 100.678
1 4664 1580 100.698
1 4662 1581 100.718
1 4660 1581 100.738
1 4658 1581 100.758
1 4657 1581 100.778
1 4656 1581 100.798
1 4655 1581 100.818
1 4654 1581 100.838
1 4653 1581 100.858
1 4651 1581 100.878
1 4648 1581 100.898
1 4644 1581 100.918
1 4640 1581 100.938
1 4636 1581 100.958
1 4630 1582 100.978
1 4624 1582 100.998
1 4620 1582 101.018
1 4619 1582 101.038
1 4618 1582 101.058
1 4616 1582 101.078
1 4615 1582 101.098
1 4614 1582 101.118
1 4613 1582 101.138
1 4612 1583 101.158
1 4610 1583 101.178
1 4608 1583 101.198
1 4605 1583 101.218
1 4601 1583 101.238
1 4597 1584 101.259
1 4592 1584 101.278
1 4589 1584 101.298
1 4587 1584 101.318
1 4586 1584 101.338
1 4586 1584 101.358
1 4585 1584 101.378
1 4585 1584 101.398
1 4585 1585 101.418
1 4587 1585 101.438
1 4589 1585 101.458
1 4592 1585 101.478
1 4595 1585 101.498
1 4598 1586 101.518
1 4600 1586 101.538
1 4602 1586 101.558
1 4604 1586 101.578
1 4606 1586 101.598
1 4606 1586 101.618
1 4607 1586 101.638
1 4608 1586 101.658
1 4608 1586 101.678
1 4609 1587 101.698
1 4610 1587 101.719
1 4612 1587 101.738
1 4613 1587 101.758
1 4614 1587 101.778
1 4616 1587 101.798
1 4617 1587 101.818
1 4618 1587 101.838
1 4620 1587 101.858
1 4623 1587 101.878
1 4625 1587 101.898
1 4627 1588 101.918
1 4629 1588 101.938
1 4631 1588 101.958
1 4633 1588 101.978
1 4636 1588 101.998
1 4639 1588 102.018
1 4642 1589 102.038
1 4644 1589 102.058
1 4645 1589 102.078
1 4647 1589 102.098
1 4648 1589 102.118
1 4649 1590 102.138
1 4650 1590 102.158
1 4650 1590 102.178
1 4648 1590 102.198
1 4646 1590 102.218
1 4645 1590 102.238
1 4643 1590 102.258
1 4641 1591 102.278
1 4638 1591 102.298
1 4636 1591 102.318
1 4634 1591 102.338
1 4631 1591 102.358
1 4628 1591 102.378
1 4625 1592 102.398
1 4621 1592 102.418
1 4616 1592 102.438
1 4612 1593 102.458
1 4606 1593 102.478
1 4601 1593 102.498
1 4596 1593 102.518
1 4593 1593 102.538
1 4591 1594 102.558
1 4590 1594 102.578
1 4590 1594 102.598
1 4589 1594 102.618
1 4589 1594 102.638
1 4588 1594 102.658
1 4588 1594 102.678
1 4587 1594 102.698
1 4587 1594 102.718
1 4588 1594 102.738
1 4588 1594 102.758
1 4587 1594 102.778
1 4585 1594 102.798
1 4583 1594 102.818
1 4582 1594 102.838
1 4581 1594 102.858
1 4581 1594 102.878
1 4580 1594 102.898
1 4580 1594 102.918
1 4580 1594 102.938
1 4580 1594 102.958
1 4580 1594 102.978
1 4580 1594 102.998
1 4580 1594 103.018
1 4580 1594 103.038
1 4580 1594 103.058
1 4579 1594 103.078
1 4580 1594 103.098
1 4580 1594 103.118
1 4580 1594 103.138
1 4579 1595 103.158
1 4578 1595 103.178
1 4577 1595 103.198
1 4577 1595 103.218
1 4576 1595 103.238
1 4573 1595 103.258
1 4569 1595 103.278
1 4566 1595 103.298
1 4565 1595 103.319
1 4564 1595 103.338
1 4563 1595 103.359
1 4563 1595 103.378
1 4562 1595 103.398
1 4560 1595 103.418
1 4560 1595 103.438
1 4558 1595 103.459
1 4557 1595 103.478
1 4557 1595 103.499
1 4556 1595 103.518
1 4555 1595 103.538
1 4556 1595 103.558
1 4558 1596 103.578
1 4560 1596 103.598
1 4561 1596 103.618
1 4562 1596 103.638
1 4561 1596 103.658
1 4561 1596 103.678
1 4561 1596 103.698
1 4561 1596 103.718
1 4561 1596 103.738
1 4561 1596 103.758
1 4561 1596 103.778
1 4561 1596 103.798
1 4561 1597 103.818
0 4583 1596 104.678
0 4587 1596 104.698
0 4591 1596 104.718
0 4596 1596 104.738
0 4601 1596 104.758
0 4607 1596 104.778
0 4614 1595 104.798
0 4623 1595 104.818
0 4634 1595 104.838
0 4647 1595 104.858
0 4663 1595 104.878
0 4679 1594 104.897
0 4696 1594 104.917
0 4711 1594 104.937
0 4725 1593 104.957
0 4737 1593 104.977
0 4744 1593 104.997
0 4749 1593 105.017
0 4752 1593 105.037
0 4754 1593 105.057
0 4758 1593 105.677
0 4758 1593 105.697
0 4758 1593 105.717
0 4758 1593 105.737
0 4758 1593 105.757
0 4759 1593 105.777
0 4759 1593 105.797
0 4759 1593 105.817
0 4761 1593 105.837
0 4764 1593 105.857
0 4769 1593 105.877
0 4777 1593 105.897
0 4786 1593 105.917
0 4795 1592 105.937
0 4804 1592 105.957
0 4814 1592 105.977
0 4822 1592 105.997
0 4830 1592 106.017
0 4837 1592 106.037
0 4843 1592 106.057
0 4848 1592 106.077
0 4854 1592 106.097
0 4859 1591 106.117
0 4864 1591 106.137
0 4870 1591 106.157
0 4876 1591 106.177
0 4882 1591 106.197
0 4887 1591 106.217
0 4891 1591 106.237
0 4897 1591 106.777
0 4897 1591 106.797
0 4897 1591 106.817
0 4897 1591 106.837
0 4897 1591 106.857
0 4897 1591 106.877
0 4897 1591 106.897
0 4898 1591 106.917
0 4899 1591 106.937
0 4900 1591 106.957
0 4903 1591 106.977
0 4906 1591 106.997
0 4912 1591 107.017
0 4917 1591 107.037
0 4924 1591 107.057
0 4932 1590 107.077
0 4942 1590 107.097
0 4954 1590 107.117
0 4964 1590 107.137
0 4974 1590 107.157
0 4983 1590 107.177
0 4989 1590 107.197
0 4994 1589 107.217
0 4997 1589 107.237
0 4999 1589 107.257
0 5000 1589 107.277
1 5002 1589 107.777
1 5002 1589 107.797
1 5002 1589 107.817
1 5002 1589 107.837
1 5002 1589 107.857
1 5002 1589 107.877
1 5002 1589 107.897
1 5002 1589 107.917
1 5002 1589 107.937
1 5002 1589 107.957
1 5002 1589 107.977
1 5002 1589 107.997
1 5001 1589 108.017
1 4999 1589 108.037
1 4997 1589 108.057
1 4995 1589 108.077
1 4992 1590 108.097
1 4989 1590 108.117
1 4985 1590 108.137
1 4981 1590 108.157
1 4977 1590 108.177
1 4972 1590 108.197
1 4968 1590 108.217
1 4964 1590 108.237
1 4961 1590 108.257
1 4956 1590 108.277
1 4952 1590 108.297
1 4948 1591 108.317
1 4944 1591 108.337
1 4941 1591 108.357
1 4939 1591 108.377
1 4937 1591 108.397
1 4934 1591 108.417
1 4930 1592 108.437
1 4926 1592 108.457
1 4920 1592 108.477
1 4914 1592 108.497
1 4908 1593 108.517
1 4900 1593 108.537
1 4892 1593 108.557
1 4884 1594 108.577
1 4875 1594 108.597
1 4867 1594 108.617
1 4858 1595 108.637
1 4849 1595 108.657
1 4840 1595 108.678
1 4835 1595 108.698
1 4829 1596 108.717
1 4825 1596 108.737
1 4820 1596 108.757
1 4816 1596 108.777
1 4813 1597 108.797
1 4811 1597 108.817
1 4808 1597 108.837
1 4803 1597 108.857
1 4800 1598 108.877
1 4797 1598 108.897
1 4794 1598 108.917
1 4792 1599 108.937
1 4790 1599 108.957
1 4789 1599 108.977
1 4788 1600 108.997
1 4788 1600 109.017
1 4788 1600 109.037
1 4789 1600 109.057
1 4788 1601 109.077
1 4787 1601 109.097
1 4785 1601 109.117
1 4784 1601 109.137
1 4783 1601 109.157
1 4783 1601 109.177
1 4782 1601 109.197
1 4780 1601 109.217
1 4777 1601 109.237
1 4774 1601 109.257
1 4770 1601 109.277
1 4764 1601 109.297
1 4758 1602 109.317
1 4751 1602 109.337
1 4744 1602 109.357
1 4738 1602 109.377
1 4732 1602 109.398
1 4728 1602 109.418
1 4725 1603 109.437
1 4723 1603 109.457
1 4723 1603 109.477
1 4723 1603 109.497
1 4724 1604 109.517
1 4726 1604 109.537
1 4726 1604 109.557
1 4728 1605 109.577
1 4729 1605 109.597
1 4731 1605 109.617
1 4733 1605 109.637
1 4734 1605 109.657
1 4736 1606 109.677
1 4737 1606 109.697
1 4737 1606 109.717
1 4738 1606 109.737
1 4739 1606 109.757
1 4741 1606 109.777
1 4742 1606 109.797
1 4745 1606 109.817
1 4746 1607 109.837
1 4748 1607 109.857
1 4750 1607 109.877
1 4753 1608 109.897
1 4755 1608 109.917
1 4758 1608 109.937
1 4760 1608 109.957
1 4763 1609 109.977
1 4766 1609 109.997
1 4769 1609 110.017
1 4772 1609 110.037
1 4775 1609 110.057
1 4778 1609 110.077
1 4780 1609 110.097
1 4783 1609 110.117
1 4785 1609 110.137
1 4787 1609 110.157
1 4788 1609 110.177
1 4789 1609 110.197
1 4791 1609 110.217
1 4792 1609 110.238
1 4792 1609 110.257
1 4793 1609 110.277
1 4793 1609 110.297
1 4794 1609 110.317
1 4795 1609 110.337
1 4796 1609 110.357
1 4797 1609 110.377
1 4798 1609 110.397
1 4798 1609 110.417
1 4799 1609 110.438
1 4801 1609 110.457
1 4801 1609 110.477
1 4801 1609 110.497
1 4801 1609 110.517
1 4802 1609 110.537
1 4802 1609 110.557
1 4803 1609 110.577
1 4804 1609 110.597
1 4803 1609 110.617
1 4802 1609 110.637
1 4802 1609 110.657
1 4800 1609 110.677
1 4798 1609 110.697
1 4796 1609 110.717
1 4794 1609 110.737
1 4790 1609 110.757
1 4787 1609 110.777
1 4785 1609 110.797
1 4782 1609 110.817
1 4780 1609 110.837
1 4776 1609 110.857
1 4772 1609 110.877
1 4769 1609 110.897
1 4767 1609 110.917
1 4766 1609 110.938
1 4765 1609 110.958
1 4763 1609 110.977
1 4762 1609 110.997
1 4761 1609 111.017
1 4761 1609 111.037
1 4762 1609 111.058
1 4762 1609 111.077
1 4763 1609 111.097
1 4764 1609 111.117
1 4764 1609 111.137
1 4765 1609 111.157
1 4766 1609 111.177
1 4767 1609 111.197
1 4767 1609 111.217
1 4768 1609 111.237
1 4769 1609 111.257
1 4769 1609 111.277
1 4770 1609 111.297
1 4770 1609 111.317
1 4771 1609 111.337
1 4771 1609 111.357
1 4771 1609 111.377
1 4771 1609 111.398
1 4772 1609 111.417
1 4772 1609 111.437
1 4773 1609 111.457
1 4774 1609 111.477
1 4774 1609 111.497
1 4775 1609 111.517
1 4774 1609 111.537
1 4774 1609 111.557
1 4774 1609 111.577
1 4774 1609 111.597
1 4773 1609 111.617
1 4772 1609 111.637
1 4772 1609 111.657
1 4772 1609 111.677
1 4772 1609 111.697
1 4771 1609 111.717
1 4771 1609 111.737
1 4771 1609 111.757
1 4771 1609 111.777
1 4771 1609 111.797
1 4771 1609 111.817
1 4771 1609 111.837
1 4771 1609 111.857
1 4771 1609 111.877
1 4771 1609 111.898
1 4771 1609 111.917
1 4771 1609 111.937
0 4783 1609 112.497
0 4789 1609 112.517
0 4797 1609 112.537
0 4804 1609 112.557
0 4813 1609 112.577
0 4822 1609 112.597
0 4831 1609 112.617
0 4840 1609 112.637
0 4850 1609 112.657
0 4860 1609 112.677
0 4870 1609 112.697
0 4882 1609 112.717
0 4893 1609 112.737
0 4906 1609 112.757
0 4921 1609 112.777
0 4937 1609 112.797
0 4951 1609 112.817
0 4966 1609 112.837
0 4977 1609 112.857
0 4985 1609 112.877
0 4990 1609 112.897
0 4993 1609 112.917
0 4995 1609 112.937
0 4996 1609 112.957
0 4997 1609 112.977
0 4997 1609 112.998
0 4997 1609 113.017
0 5002 1609 113.037
0 5007 1609 113.057
0 5013 1609 113.077
0 5017 1609 113.097
0 5020 1609 113.117
0 5021 1609 113.137
0 5023 1609 113.157
0 5023 1609 113.177
0 5024 1609 113.197
0 5024 1609 113.217
0 5024 1609 113.237
0 5024 1609 113.257
0 5030 1609 113.777
0 5033 1609 113.797
0 5036 1609 113.817
0 5041 1609 113.838
0 5048 1609 113.857
0 5058 1609 113.877
0 5072 1609 113.898
0 5088 1609 113.917
0 5106 1609 113.937
0 5127 1609 113.958
0 5150 1609 113.977
0 5178 1609 113.997
0 5212 1609 114.018
0 5250 1609 114.037
0 5289 1609 114.057
0 5323 1609 114.077
0 5352 1609 114.097
0 5373 1609 114.118
0 5386 1609 114.137
0 5393 1609 114.157
0 5398 1609 114.178
0 5406 1609 114.977
0 5406 1609 114.997
0 5406 1609 115.017
0 5406 1609 115.037
0 5406 1609 115.057
0 5406 1609 115.077
0 5406 1609 115.097
0 5407 1609 115.117
0 5410 1609 115.137
0 5415 1609 115.157
0 5419 1609 115.177
0 5424 1609 115.197
0 5431 1609 115.217
0 5439 1609 115.237
0 5449 1609 115.258
0 5460 1609 115.277
0 5474 1609 115.297
0 5491 1609 115.318
0 5509 1609 115.337
0 5528 1609 115.357
0 5547 1609 115.377
0 5565 1609 115.397
0 5580 1609 115.417
0 5590 1609 115.438
0 5596 1609 115.457
