0 0 1499 52.381
0 0 1499 52.4004
0 0 1499 52.4203
0 0 1499 52.4401
0 0 1499 52.4607
0 0 1499 52.4806
0 0 1499 52.5001
0 0 1499 52.5206
0 0 1499 52.54
0 0 1499 52.5604
0 0 1499 52.5809
0 0 1498 52.6017
0 0 1498 52.6211
0 0 1498 52.6409
0 0 1498 52.6608
0 0 1498 52.6809
0 0 1498 52.7001
0 0 1498 52.7205
0 0 1498 52.7403
0 0 1498 52.7618
0 0 1498 52.7804
0 0 1498 52.8007
0 0 1498 52.8204
0 0 1498 52.8403
0 0 1498 52.861
0 0 1498 52.8811
0 0 1498 52.9005
0 0 1497 52.9208
0 0 1497 52.9403
0 0 1497 52.9611
0 0 1497 52.9819
0 0 1496 53.0012
0 0 1496 53.0212
0 0 1496 53.0414
0 0 1496 53.0605
0 0 1495 53.0807
0 0 1495 53.1002
0 1 1495 53.121
0 5 1495 53.1401
0 10 1495 53.161
0 16 1494 53.1807
0 22 1494 53.2005
0 28 1494 53.2211
0 33 1494 53.24
0 38 1494 53.2608
0 42 1494 53.2812
0 46 1494 53.3
0 50 1494 53.3204
0 52 1493 53.3405
0 55 1493 53.3622
0 57 1493 53.3816
0 58 1493 53.4009
0 60 1493 53.4205
0 62 1493 53.4411
0 65 1493 53.4605
0 68 1493 53.4808
0 71 1492 53.5011
0 74 1492 53.5203
0 78 1492 53.5406
0 83 1492 53.561
0 88 1491 53.5807
0 94 1491 53.6006
0 101 1491 53.6215
0 107 1491 53.6404
0 113 1490 53.6605
0 119 1490 53.6816
0 125 1490 53.7019
0 130 1490 53.7208
0 137 1489 53.7407
0 143 1489 53.761
0 148 1489 53.7809
0 153 1489 53.8021
0 158 1489 53.8331
0 162 1488 53.84
0 165 1488 53.8606
0 168 1488 53.8806
0 171 1488 53.9008
0 174 1488 53.9205
0 176 1488 53.9406
0 179 1488 53.9603
0 181 1488 53.9807
0 183 1488 54.0006
0 186 1487 54.0205
0 189 1487 54.0412
0 191 1487 54.0606
0 194 1487 54.0817
0 197 1487 54.1004
0 201 1487 54.1206
0 205 1486 54.1416
0 210 1486 54.1611
0 216 1486 54.1815
0 222 1485 54.2007
0 228 1485 54.2205
0 233 1485 54.2407
0 238 1484 54.2605
0 243 1484 54.2811
0 248 1484 54.3013
0 253 1484 54.321
0 259 1484 54.3417
0 265 1484 54.3602
0 272 1483 54.3807
0 278 1483 54.4008
0 283 1483 54.4218
0 287 1483 54.4408
0 290 1483 54.4606
0 292 1483 54.4814
0 293 1483 54.5006
0 294 1483 54.522
0 295 1483 54.5425
0 295 1483 54.5607
0 296 1483 54.5817
0 298 1483 54.6005
0 299 1483 54.6204
0 300 1483 54.6404
0 301 1483 54.6606
0 304 1483 54.6817
0 307 1483 54.7005
0 311 1483 54.7216
0 315 1483 54.7412
0 318 1482 54.7606
0 321 1482 54.7826
0 324 1482 54.8017
0 327 1482 54.8239
0 330 1482 54.8408
0 334 1482 54.8608
0 338 1482 54.881
0 342 1482 54.9005
0 346 1482 54.9201
0 350 1482 54.9406
0 353 1482 54.9611
0 356 1481 54.981
0 358 1481 55.0007
0 360 1481 55.0208
0 362 1481 55.0408
0 365 1481 55.0607
0 368 1481 55.0806
0 372 1481 55.1014
0 375 1481 55.1208
0 377 1481 55.1407
0 379 1481 55.1607
0 380 1481 55.1805
0 382 1480 55.2006
0 383 1480 55.221
0 386 1480 55.2405
0 389 1480 55.2605
0 392 1480 55.2808
0 394 1480 55.3009
0 397 1480 55.3216
0 400 1480 55.3406
0 405 1479 55.3604
0 411 1479 55.3806
0 416 1479 55.4007
0 423 1478 55.4208
0 431 1478 55.441
0 440 1478 55.4615
0 447 1477 55.4808
0 454 1477 55.501
0 460 1476 55.5217
0 466 1476 55.5409
0 470 1476 55.5603
0 473 1476 55.5807
0 477 1475 55.602
0 480 1475 55.621
0 482 1475 55.6402
0 483 1475 55.6609
0 484 1475 55.6803
0 485 1475 55.7007
0 486 1475 55.7212
0 487 1475 55.7425
0 488 1475 55.7608
0 489 1475 55.7807
0 490 1475 55.803
0 491 1475 55.8217
0 492 1475 55.8408
0 494 1475 55.8608
0 496 1474 55.8803
0 498 1474 55.9009
0 502 1474 55.9211
0 505 1474 55.9416
0 508 1474 55.9612
0 511 1474 55.9803
0 513 1474 56.0005
0 514 1473 56.0206
0 514 1473 56.0405
0 515 1473 56.0602
0 515 1473 56.0803
0 516 1473 56.101
0 516 1473 56.1213
0 516 1473 56.1421
0 516 1473 56.1609
0 516 1473 56.1817
0 516 1473 56.2009
0 516 1473 56.2206
0 516 1473 56.2406
0 516 1473 56.2603
0 516 1473 56.2802
0 516 1473 56.3006
0 517 1473 56.3207
0 517 1473 56.3404
0 517 1473 56.3605
0 517 1473 56.3803
0 517 1473 56.401
0 517 1473 56.4214
0 517 1473 56.4411
0 517 1473 56.4607
0 517 1473 56.481
0 517 1473 56.5005
0 517 1473 56.5204
0 517 1473 56.5416
0 517 1473 56.5602
0 517 1473 56.5809
0 518 1473 56.6007
0 518 1473 56.621
0 519 1473 56.6403
0 524 1473 56.6604
0 533 1474 56.6808
0 547 1474 56.7005
0 564 1474 56.7207
0 583 1474 56.7403
0 602 1474 56.7605
0 620 1474 56.7806
0 637 1475 56.8012
0 651 1475 56.8207
0 663 1475 56.8403
0 675 1475 56.8605
0 687 1475 56.8804
0 697 1475 56.9006
0 709 1475 56.9206
0 719 1475 56.9404
0 730 1476 56.9603
0 739 1476 56.9818
0 749 1476 57.0013
0 757 1477 57.0212
0 764 1477 57.0412
0 769 1477 57.0607
0 774 1477 57.0804
0 776 1477 57.1006
0 779 1477 57.1212
0 782 1477 57.1408
0 785 1477 57.1621
0 788 1477 57.1806
0 793 1477 57.2005
0 798 1477 57.2209
0 805 1477 57.2408
0 813 1477 57.2602
0 820 1477 57.2804
0 826 1477 57.3004
0 830 1477 57.3207
0 833 1477 57.3411
0 835 1477 57.3603
0 836 1477 57.3802
0 837 1477 57.4008
0 838 1477 57.421
0 839 1477 57.4411
0 841 1477 57.4601
0 845 1477 57.4806
0 849 1477 57.5022
0 858 1477 57.5206
0 874 1478 57.5411
0 895 1478 57.5606
0 923 1478 57.5805
0 955 1479 57.6009
0 987 1479 57.6208
0 1016 1480 57.6405
0 1039 1480 57.6603
0 1055 1481 57.6804
0 1067 1481 57.7004
0 1076 1481 57.7209
0 1083 1481 57.7406
0 1088 1481 57.7606
0 1091 1481 57.7807
0 1093 1481 57.8003
0 1095 1481 57.821
0 1097 1481 57.8407
0 1099 1481 57.8605
0 1102 1481 57.8809
0 1105 1481 57.9006
0 1107 1482 57.9219
0 1109 1482 57.9422
0 1111 1482 57.9607
0 1113 1482 57.9811
0 1115 1482 58.0016
0 1118 1482 58.0209
0 1121 1482 58.0422
0 1124 1482 58.0609
0 1127 1482 58.0805
0 1130 1482 58.101
0 1134 1482 58.1207
0 1138 1482 58.1408
0 1142 1482 58.1605
0 1146 1481 58.1806
0 1150 1481 58.2008
0 1154 1481 58.2213
0 1158 1481 58.2407
0 1161 1481 58.2607
0 1164 1481 58.2807
0 1167 1481 58.3011
0 1170 1481 58.3207
0 1173 1481 58.3407
0 1175 1481 58.3617
0 1177 1481 58.3807
0 1180 1481 58.4006
0 1182 1481 58.4205
0 1186 1481 58.4412
0 1191 1481 58.4607
0 1195 1481 58.4806
0 1200 1481 58.5007
0 1205 1481 58.5204
0 1211 1480 58.5409
0 1217 1480 58.561
0 1223 1480 58.5802
0 1228 1480 58.6006
0 1235 1479 58.6203
0 1242 1479 58.6409
0 1249 1479 58.6615
0 1255 1479 58.6803
0 1261 1479 58.7016
0 1267 1478 58.7231
0 1276 1478 58.7408
0 1286 1478 58.761
0 1296 1479 58.7814
0 1307 1479 58.8008
0 1319 1479 58.8208
0 1330 1479 58.8429
0 1339 1479 58.8622
0 1346 1479 58.8815
0 1351 1479 58.9017
0 1355 1479 58.9208
0 1358 1479 58.941
0 1361 1479 58.9611
0 1364 1479 58.9809
0 1367 1479 59.0012
0 1369 1479 59.0186
0 1372 1479 59.0411
0 1375 1479 59.0608
0 1379 1479 59.0808
0 1383 1478 59.1013
0 1387 1478 59.1209
0 1391 1478 59.1409
0 1394 1478 59.1609
0 1397 1478 59.1803
0 1399 1478 59.2007
0 1400 1478 59.2208
0 1401 1478 59.2408
0 1402 1478 59.2607
0 1402 1478 59.2805
0 1403 1478 59.3008
0 1403 1478 59.3207
0 1403 1478 59.3408
0 1404 1478 59.3615
0 1404 1478 59.3802
0 1405 1478 59.4006
0 1405 1478 59.4212
0 1406 1478 59.4408
0 1407 1478 59.461
0 1407 1478 59.4803
0 1408 1478 59.5009
0 1408 1478 59.5206
0 1408 1478 59.5419
0 1408 1478 59.5609
0 1408 1478 59.5819
0 1408 1478 59.6003
0 1408 1478 59.6211
0 1408 1478 59.6406
0 1409 1477 59.6605
0 1409 1477 59.6812
0 1409 1477 59.7013
0 1409 1477 59.7209
0 1409 1477 59.7411
0 1409 1477 59.7619
0 1410 1477 59.7819
0 1412 1477 59.8012
0 1416 1478 59.8223
0 1421 1478 59.8413
0 1427 1478 59.861
0 1435 1478 59.8808
0 1445 1478 59.901
0 1455 1478 59.9215
0 1466 1478 59.9413
0 1478 1478 59.9606
0 1488 1478 59.9804
0 1500 1477 60.002
0 1516 1477 60.0208
0 1537 1477 60.0406
0 1561 1478 60.0613
0 1587 1478 60.082
0 1615 1478 60.1008
0 1644 1478 60.1218
0 1673 1479 60.1417
0 1701 1479 60.1611
0 1729 1479 60.1806
0 1756 1479 60.2016
0 1779 1479 60.2207
0 1799 1479 60.2439
0 1815 1479 60.2614
0 1831 1479 60.2812
0 1843 1479 60.301
0 1854 1479 60.3207
0 1864 1479 60.3405
0 1874 1479 60.361
0 1882 1479 60.3804
0 1888 1479 60.3995
0 1891 1479 60.421
0 1894 1478 60.4399
0 1896 1478 60.4595
0 1898 1478 60.4798
0 1899 1478 60.4993
0 1899 1478 60.52
0 1899 1478 60.5399
0 1900 1478 60.5595
0 1900 1478 60.5798
0 1900 1478 60.5998
0 1900 1478 60.6196
0 1900 1478 60.6408
0 1900 1478 60.6596
0 1900 1478 60.6795
0 1900 1478 60.7005
0 1900 1478 60.7196
0 1900 1478 60.7406
0 1900 1478 60.7596
0 1900 1478 60.7795
0 1900 1478 60.7999
0 1900 1478 60.8196
0 1900 1478 60.8409
0 1900 1478 60.8594
0 1900 1478 60.8796
0 1900 1478 60.8999
0 1900 1478 60.9201
0 1900 1478 60.9407
0 1900 1478 60.9596
0 1900 1478 60.9797
0 1900 1478 61.0002
0 1900 1478 61.0204
0 1901 1478 61.0408
0 1903 1478 61.0601
0 1906 1478 61.0802
0 1911 1478 61.0997
0 1916 1478 61.1198
0 1922 1479 61.1404
0 1928 1479 61.1599
0 1933 1479 61.1795
0 1938 1478 61.1993
0 1942 1478 61.2198
0 1948 1478 61.2396
0 1953 1478 61.2614
0 1960 1478 61.2797
0 1967 1478 61.2997
0 1974 1477 61.3202
0 1981 1477 61.3397
0 1989 1477 61.3598
0 1995 1477 61.3801
0 2000 1476 61.3995
0 2004 1476 61.4198
0 2008 1476 61.4402
0 2013 1476 61.46
0 2017 1476 61.4797
0 2022 1475 61.5007
0 2026 1475 61.5197
0 2030 1475 61.5399
0 2034 1475 61.5599
0 2039 1475 61.5798
0 2044 1474 61.6007
0 2048 1474 61.6206
0 2053 1474 61.6404
0 2057 1474 61.6599
0 2062 1474 61.6824
0 2067 1474 61.6996
0 2071 1473 61.7197
0 2077 1473 61.7403
0 2081 1473 61.7598
0 2086 1473 61.7796
0 2090 1473 61.7999
0 2094 1473 61.8197
0 2097 1473 61.8397
0 2100 1473 61.8598
0 2102 1472 61.8838
0 2105 1472 61.9026
0 2106 1472 61.9195
0 2108 1472 61.9402
0 2109 1472 61.9601
0 2110 1472 61.9797
0 2111 1472 61.9997
0 2113 1472 62.0194
0 2118 1472 62.0397
0 2128 1473 62.0603
0 2141 1473 62.0799
0 2158 1473 62.0998
0 2176 1473 62.1195
0 2195 1473 62.1399
0 2211 1473 62.1597
0 2223 1474 62.1794
0 2232 1474 62.1996
0 2239 1474 62.2199
0 2243 1474 62.2398
0 2247 1474 62.2597
0 2249 1474 62.2806
0 2252 1474 62.2999
0 2254 1474 62.3202
0 2255 1474 62.3398
0 2256 1474 62.3614
0 2257 1474 62.3798
0 2258 1474 62.4009
0 2259 1474 62.422
0 2259 1474 62.4411
0 2260 1474 62.4612
0 2261 1474 62.4813
0 2262 1474 62.4993
0 2263 1474 62.5196
0 2264 1474 62.5402
0 2264 1474 62.5602
0 2265 1474 62.5795
0 2266 1474 62.5998
0 2271 1474 62.6201
0 2280 1475 62.6401
0 2292 1475 62.6597
0 2304 1475 62.6801
0 2318 1476 62.6999
0 2331 1476 62.7194
0 2344 1476 62.7416
0 2356 1477 62.7618
0 2366 1477 62.7801
0 2374 1477 62.8011
0 2382 1478 62.8209
0 2389 1478 62.8409
0 2396 1478 62.8602
0 2403 1478 62.8815
0 2409 1478 62.9015
0 2414 1479 62.9207
0 2419 1479 62.94
0 2422 1479 62.9602
0 2424 1479 62.9805
0 2425 1479 63.0009
0 2426 1479 63.0196
0 2426 1479 63.0406
0 2426 1479 63.0601
0 2425 1479 63.0808
0 2424 1480 63.101
0 2423 1480 63.1204
0 2421 1480 63.1411
0 2421 1480 63.1611
0 2420 1480 63.1811
0 2420 1480 63.2022
0 2420 1480 63.2203
0 2420 1480 63.2421
0 2420 1480 63.2606
0 2420 1480 63.2807
0 2420 1480 63.3009
0 2420 1480 63.32
0 2420 1480 63.3399
0 2420 1480 63.3608
0 2420 1480 63.3808
0 2420 1480 63.4011
0 2420 1480 63.4207
0 2421 1480 63.4423
0 2423 1480 63.4611
0 2427 1480 63.4807
0 2434 1480 63.5006
0 2442 1480 63.5215
0 2453 1480 63.5409
0 2466 1480 63.5603
0 2485 1480 63.5803
0 2511 1480 63.5997
0 2542 1480 63.6196
0 2576 1479 63.6399
0 2610 1479 63.66
0 2644 1479 63.6801
0 2678 1479 63.6998
0 2709 1479 63.7197
0 2737 1479 63.7395
0 2759 1479 63.7601
0 2773 1479 63.7798
0 2783 1479 63.7997
0 2791 1479 63.8203
0 2798 1479 63.8399
0 2802 1479 63.8607
0 2806 1480 63.8808
0 2808 1480 63.9015
0 2809 1480 63.9201
0 2809 1480 63.9406
0 2810 1480 63.9621
0 2810 1480 63.9821
0 2811 1480 64.0004
0 2811 1480 64.0227
0 2811 1480 64.0407
0 2811 1480 64.0601
0 2811 1480 64.0816
0 2811 1480 64.1015
0 2812 1480 64.1204
0 2812 1480 64.1402
0 2812 1480 64.161
0 2812 1480 64.1822
0 2812 1480 64.2012
0 2812 1480 64.2209
0 2812 1480 64.2407
0 2812 1480 64.2612
0 2814 1480 65.0005
0 2817 1480 65.0197
0 2820 1480 65.0401
0 2824 1480 65.0603
0 2827 1480 65.0808
0 2830 1480 65.1001
0 2833 1480 65.1199
0 2837 1479 65.1399
0 2840 1479 65.1602
0 2844 1479 65.1797
0 2848 1479 65.2003
0 2852 1479 65.2198
0 2856 1479 65.2395
0 2860 1479 65.2602
0 2865 1479 65.2805
0 2870 1478 65.3024
0 2874 1478 65.3201
0 2878 1478 65.3403
0 2881 1478 65.3606
0 2885 1478 65.3803
0 2888 1478 65.4003
0 2892 1478 65.4199
0 2896 1477 65.4408
0 2900 1477 65.461
0 2904 1477 65.4807
0 2908 1477 65.5002
0 2912 1477 65.52
0 2915 1477 65.54
0 2918 1476 65.5601
0 2920 1476 65.5804
0 2921 1476 65.6002
0 2922 1476 65.6201
0 2923 1476 65.6401
0 2923 1476 65.6597
0 2924 1476 65.6804
0 2924 1476 65.7001
0 2924 1476 65.7199
1 2836 1482 67.5807
1 2836 1482 67.6027
1 2836 1482 67.6221
1 2836 1482 67.6401
1 2836 1482 67.6599
1 2836 1482 67.6797
1 2836 1482 67.7001
1 2836 1482 67.72
1 2836 1482 67.7404
1 2836 1482 67.7596
1 2836 1482 67.7801
1 2836 1482 67.8004
1 2836 1482 67.8202
1 2836 1482 67.8398
1 2836 1482 67.8595
1 2836 1482 67.8797
1 2836 1482 67.9002
1 2836 1482 67.9202
1 2836 1482 67.9399
1 2836 1482 67.9608
1 2836 1482 67.9797
1 2836 1482 67.9998
1 2835 1482 68.0211
1 2835 1482 68.0399
1 2835 1482 68.0601
1 2835 1482 68.0797
1 2836 1482 68.1005
1 2836 1482 68.1209
1 2836 1482 68.1403
1 2836 1482 68.16
1 2836 1482 68.1797
1 2836 1482 68.2004
1 2836 1482 68.2209
1 2836 1482 68.2397
1 2836 1482 68.2614
1 2836 1482 68.2812
1 2836 1482 68.3003
1 2836 1482 68.32
1 2836 1482 68.3405
1 2836 1482 68.3614
1 2836 1482 68.3799
1 2836 1482 68.4005
1 2836 1482 68.4202
1 2836 1482 68.4396
1 2836 1482 68.4613
1 2836 1482 68.4799
1 2836 1482 68.5002
1 2836 1482 68.5208
1 2836 1482 68.5397
1 2836 1482 68.5602
1 2836 1482 68.5797
1 2836 1482 68.5998
1 2836 1482 68.6208
1 2836 1482 68.642
1 2836 1482 68.6624
1 2835 1482 68.6803
1 2838 1482 68.7004
1 2845 1483 68.7203
1 2857 1483 68.7397
1 2871 1484 68.7601
1 2886 1484 68.78
1 2902 1485 68.7999
1 2917 1486 68.8205
1 2930 1487 68.8407
1 2939 1487 68.8619
1 2946 1488 68.8802
1 2949 1488 68.8999
1 2952 1489 68.9201
1 2955 1489 68.9402
1 2958 1489 68.9599
1 2962 1490 68.9799
1 2966 1490 69.0003
1 2971 1490 69.0205
1 2975 1491 69.0402
1 2980 1491 69.0599
1 2984 1492 69.0804
1 2989 1492 69.0997
1 2994 1493 69.12
1 3000 1493 69.1409
1 3006 1494 69.1599
1 3013 1494 69.1799
1 3019 1494 69.2019
1 3024 1495 69.2203
1 3027 1495 69.2404
1 3029 1495 69.26
1 3030 1495 69.2799
1 3030 1495 69.3006
1 3031 1495 69.3201
1 3031 1495 69.3409
1 3031 1495 69.3611
1 3031 1495 69.3806
1 3031 1495 69.3998
1 3031 1495 69.4204
1 3031 1495 69.4411
1 3031 1495 69.4599
1 3031 1495 69.4811
1 3031 1495 69.501
1 3031 1495 69.52
1 3031 1495 69.5412
1 3031 1495 69.5605
1 3031 1495 69.5802
1 3031 1495 69.5998
1 3031 1495 69.6206
1 3030 1495 69.6406
1 3030 1495 69.6607
1 3030 1495 69.6814
1 3030 1495 69.6997
1 3030 1495 69.7201
1 3030 1495 69.7399
1 3030 1495 69.7601
1 3030 1495 69.7801
1 3030 1495 69.8002
1 3030 1495 69.8203
1 3030 1495 69.8401
1 3030 1495 69.8601
1 3030 1495 69.8806
1 3030 1495 69.8997
1 3030 1495 69.9206
1 3030 1495 69.9403
1 3030 1495 69.9603
1 3030 1495 69.9796
1 3030 1495 69.9997
1 3030 1495 70.0206
1 3030 1495 70.0399
1 3030 1495 70.0603
1 3030 1495 70.0796
1 3030 1495 70.1
1 3030 1495 70.1199
1 3030 1495 70.1406
1 3030 1495 70.1606
1 3030 1495 70.18
1 3030 1495 70.2
1 3030 1495 70.22
1 3030 1495 70.2406
1 3030 1495 70.2601
1 3030 1495 70.2801
1 3030 1495 70.3013
1 3030 1495 70.321
1 3029 1495 70.3414
1 3028 1495 70.3596
1 3027 1495 70.3805
1 3025 1495 70.3996
1 3022 1496 70.4201
1 3019 1496 70.4407
1 3015 1496 70.4602
1 3011 1496 70.4805
1 3007 1497 70.5015
1 3002 1497 70.5202
1 2996 1497 70.5403
1 2990 1497 70.5624
1 2983 1498 70.5802
1 2974 1498 70.6016
1 2964 1499 70.6199
1 2953 1500 70.6398
1 2941 1500 70.66
1 2928 1501 70.6801
1 2916 1502 70.7
1 2905 1502 70.7202
1 2895 1503 70.7397
1 2887 1503 70.7603
1 2882 1504 70.7805
1 2877 1504 70.8
1 2874 1504 70.8203
1 2872 1504 70.8403
1 2870 1504 70.8602
1 2870 1504 70.8802
1 2869 1504 70.9003
1 2869 1504 70.9201
1 2869 1504 70.9401
1 2869 1504 70.9604
1 2869 1504 70.9801
1 2869 1504 71.0006
1 2869 1504 71.0203
1 2868 1504 71.0403
1 2868 1504 71.0602
1 2871 1504 71.0803
1 2874 1505 71.1003
1 2879 1505 71.1201
1 2884 1505 71.1402
1 2889 1505 71.1603
1 2896 1505 71.1798
1 2903 1506 71.1998
1 2910 1506 71.2207
1 2917 1506 71.24
1 2923 1506 71.26
1 2929 1507 71.28
1 2935 1507 71.2997
1 2940 1507 71.3201
1 2945 1507 71.3405
1 2949 1507 71.3602
1 2955 1508 71.3799
1 2963 1508 71.4004
1 2972 1508 71.4198
1 2983 1509 71.4408
1 2994 1509 71.46
1 3005 1510 71.4797
1 3016 1510 71.5011
1 3025 1511 71.5204
1 3031 1511 71.5411
1 3036 1511 71.5617
1 3039 1511 71.5805
1 3041 1511 71.6013
1 3042 1511 71.6197
1 3043 1511 71.6407
1 3043 1511 71.6599
1 3044 1511 71.6797
1 3044 1511 71.7002
1 3044 1511 71.7203
1 3044 1511 71.7409
1 3044 1511 71.7603
1 3044 1511 71.7799
1 3044 1511 71.8005
1 3044 1511 71.8199
1 3044 1511 71.8403
1 3044 1511 71.8604
1 3044 1511 71.8805
1 3045 1511 71.9002
1 3045 1511 71.9198
1 3045 1511 71.9402
1 3046 1511 71.9612
1 3046 1511 71.9799
1 3046 1511 72.0003
1 3046 1511 72.0223
1 3047 1511 72.0404
1 3047 1511 72.0608
1 3048 1511 72.0803
1 3048 1511 72.1002
1 3048 1511 72.1199
1 3049 1511 72.1401
1 3049 1511 72.16
1 3049 1511 72.1802
1 3049 1511 72.1998
1 3049 1511 72.2203
1 3051 1511 72.2403
1 3054 1511 72.2601
1 3059 1511 72.2802
1 3064 1512 72.3012
1 3071 1512 72.3199
1 3078 1512 72.3403
1 3085 1513 72.3603
1 3092 1513 72.38
1 3099 1513 72.4002
1 3105 1513 72.4199
1 3112 1514 72.4403
1 3119 1514 72.4605
1 3127 1514 72.48
1 3133 1515 72.5002
1 3141 1515 72.5208
1 3148 1515 72.5407
1 3156 1515 72.561
1 3165 1516 72.5806
1 3173 1516 72.5998
1 3181 1517 72.6205
1 3188 1517 72.6401
1 3196 1517 72.6603
1 3203 1517 72.6803
1 3209 1518 72.7
1 3216 1518 72.72
1 3223 1518 72.7402
1 3230 1519 72.76
1 3238 1519 72.78
1 3248 1520 72.8
1 3259 1520 72.8216
1 3270 1521 72.8398
1 3280 1522 72.8606
1 3291 1522 72.8802
1 3300 1523 72.9002
1 3308 1524 72.9199
1 3314 1524 72.9407
1 3316 1525 72.9615
1 3316 1525 72.9806
1 3315 1526 73.0001
1 3313 1526 73.0202
1 3311 1527 73.0411
1 3309 1527 73.0599
1 3308 1527 73.0805
1 3306 1527 73.1001
1 3304 1528 73.1198
1 3302 1528 73.1399
1 3300 1528 73.1618
1 3298 1528 73.181
1 3297 1528 73.2
1 3296 1528 73.2206
1 3295 1528 73.2398
1 3294 1529 73.2605
1 3294 1529 73.2804
1 3293 1529 73.2998
1 3293 1529 73.3201
1 3293 1529 73.3408
1 3293 1529 73.3601
1 3293 1529 73.3805
1 3293 1529 73.4005
1 3293 1529 73.4197
1 3293 1529 73.4399
1 3293 1529 73.4606
1 3293 1529 73.4802
1 3293 1529 73.5005
1 3293 1529 73.5218
1 3293 1529 73.5403
1 3293 1529 73.5605
1 3293 1529 73.5805
1 3294 1529 73.6002
1 3295 1529 73.6205
1 3297 1529 73.6398
1 3297 1529 73.6605
1 3298 1529 73.6804
1 3298 1529 73.6999
1 3298 1529 73.7206
1 3299 1529 73.74
1 3299 1529 73.7604
1 3299 1529 73.7808
1 3299 1529 73.8008
1 3299 1529 73.8207
1 3299 1529 73.84
1 3299 1529 73.8605
1 3299 1529 73.88
1 3299 1529 73.9032
1 3299 1529 73.9199
1 3299 1529 73.9402
1 3299 1529 73.9605
1 3299 1529 73.9807
1 3299 1529 74.0002
1 3299 1529 74.0201
1 3299 1529 74.042
1 3299 1529 74.0601
1 3299 1529 74.0805
1 3299 1529 74.0999
1 3299 1529 74.1206
1 3299 1529 74.1403
1 3299 1529 74.16
1 3299 1529 74.1807
1 3299 1529 74.2002
1 3299 1529 74.2202
1 3299 1529 74.2402
1 3299 1529 74.2601
1 3299 1529 74.2803
1 3299 1529 74.3007
1 3299 1529 74.321
1 3299 1529 74.3407
1 3299 1529 74.3599
1 3299 1529 74.3801
1 3299 1529 74.4012
1 3299 1529 74.4199
1 3299 1529 74.4402
1 3299 1529 74.4602
1 3299 1529 74.4806
1 3299 1529 74.5003
1 3299 1529 74.5203
1 3299 1529 74.5402
1 3299 1529 74.56
1 3299 1529 74.5803
1 3299 1529 74.6001
1 3299 1529 74.62
1 3299 1529 74.6399
1 3299 1529 74.6597
1 3299 1529 74.681
1 3299 1529 74.7003
1 3299 1529 74.7203
1 3299 1529 74.7404
1 3299 1529 74.7603
1 3299 1529 74.7802
1 3299 1529 74.8008
1 3299 1529 74.8211
1 3299 1529 74.8406
1 3299 1529 74.8604
1 3299 1529 74.882
1 3299 1529 74.9007
1 3299 1529 74.9201
1 3299 1529 74.9404
1 3299 1529 74.9603
1 3299 1529 74.9804
1 3299 1529 75.0003
1 3299 1529 75.0202
1 3299 1529 75.0403
1 3299 1529 75.0601
1 3299 1529 75.0803
1 3299 1529 75.1003
1 3299 1529 75.1206
1 3299 1529 75.1403
1 3299 1529 75.1599
1 3299 1529 75.1803
1 3299 1529 75.2009
1 3299 1529 75.2202
1 3299 1529 75.2403
1 3299 1529 75.2606
1 3299 1529 75.2801
1 3299 1529 75.301
1 3299 1529 75.3251
1 3299 1529 75.3404
1 3299 1529 75.361
1 3299 1529 75.3807
1 3299 1529 75.4004
1 3299 1529 75.4201
1 3299 1529 75.4398
1 3299 1529 75.4601
1 3299 1529 75.4813
1 3299 1529 75.5002
1 3299 1529 75.5204
1 3299 1529 75.5398
1 3299 1529 75.5603
1 3299 1529 75.5808
1 3299 1529 75.5998
1 3299 1529 75.6206
1 3299 1529 75.6404
1 3299 1529 75.6602
1 3299 1529 75.6804
1 3299 1529 75.7005
1 3299 1529 75.7208
1 3299 1529 75.7421
1 3299 1529 75.7602
1 3299 1529 75.7804
1 3299 1529 75.8009
1 3299 1529 75.8206
1 3299 1529 75.8405
1 3301 1529 75.862
1 3302 1529 75.8819
1 3305 1529 75.9007
1 3307 1529 75.9205
1 3309 1530 75.9404
1 3312 1530 75.9605
1 3314 1530 75.9808
1 3315 1530 76.0007
1 3316 1530 76.0205
1 3317 1530 76.0403
1 3318 1530 76.0602
1 3318 1530 76.0804
1 3318 1530 76.1001
1 3319 1530 76.1202
1 3319 1530 76.1404
1 3319 1530 76.1604
1 3319 1530 76.1802
1 3319 1530 76.2008
1 3319 1530 76.2208
1 3322 1530 76.2406
1 3325 1530 76.2604
1 3329 1531 76.2805
1 3335 1531 76.3013
1 3343 1531 76.3206
1 3351 1532 76.3399
1 3358 1532 76.36
1 3366 1532 76.3801
1 3373 1533 76.4001
1 3380 1533 76.4214
1 3386 1533 76.4402
1 3393 1534 76.4608
1 3399 1534 76.4801
1 3405 1535 76.5006
1 3409 1535 76.5203
1 3412 1536 76.54
1 3411 1536 76.5605
1 3409 1536 76.5803
1 3407 1537 76.6005
1 3406 1537 76.621
1 3405 1537 76.6409
1 3404 1537 76.6603
1 3403 1537 76.6805
1 3403 1537 76.7003
1 3402 1537 76.721
1 3401 1537 76.7412
1 3400 1537 76.7599
1 3399 1537 76.78
1 3398 1537 76.8
1 3397 1537 76.8201
1 3396 1537 76.8402
1 3395 1537 76.8599
1 3394 1537 76.8801
1 3392 1537 76.9006
1 3389 1538 76.9201
1 3386 1538 76.9401
1 3382 1538 76.9611
1 3378 1538 76.982
1 3374 1538 77.0013
1 3371 1538 77.0217
1 3369 1538 77.04
1 3367 1538 77.0602
1 3366 1539 77.0805
1 3366 1539 77.1007
1 3366 1539 77.1206
1 3365 1539 77.1409
1 3365 1539 77.1603
1 3365 1539 77.1802
1 3365 1539 77.2013
1 3365 1539 77.2204
1 3365 1539 77.2402
1 3365 1539 77.26
1 3365 1539 77.2801
1 3365 1539 77.3007
1 3365 1539 77.3203
1 3365 1539 77.3404
1 3365 1539 77.3604
1 3365 1539 77.3799
1 3365 1539 77.4006
1 3365 1539 77.4209
1 3365 1539 77.4406
1 3365 1539 77.4608
1 3365 1539 77.4812
1 3365 1539 77.5005
1 3365 1539 77.5202
1 3365 1539 77.5405
1 3365 1539 77.5603
1 3365 1539 77.5801
1 3365 1539 77.6002
1 3365 1539 77.6202
1 3365 1539 77.6404
1 3365 1539 77.6614
1 3365 1539 77.6802
1 3365 1539 77.7005
1 3365 1539 77.721
1 3365 1539 77.7404
1 3365 1539 77.7603
1 3365 1539 77.7802
1 3365 1539 77.8004
1 3365 1539 77.8203
1 3365 1539 77.8413
1 3365 1539 77.8604
1 3365 1539 77.8802
1 3365 1539 77.8991
1 3365 1539 77.919
1 3364 1539 77.9389
1 3363 1539 77.9589
1 3362 1539 77.9801
1 3359 1539 77.9996
1 3357 1539 78.0197
1 3355 1539 78.0393
1 3353 1539 78.0597
1 3352 1539 78.0797
1 3351 1539 78.0994
1 3351 1540 78.1195
1 3352 1540 78.139
1 3353 1540 78.1592
1 3353 1540 78.1796
1 3353 1540 78.1993
1 3353 1540 78.2199
1 3353 1541 78.2389
1 3351 1541 78.2591
1 3350 1541 78.2797
1 3348 1541 78.2997
1 3346 1541 78.3195
1 3344 1541 78.3395
1 3342 1541 78.3592
1 3341 1541 78.3796
1 3340 1541 78.3994
1 3339 1541 78.4194
1 3338 1541 78.4403
1 3338 1541 78.459
1 3338 1541 78.4796
1 3338 1541 78.4997
1 3338 1541 78.5194
1 3338 1541 78.5393
1 3338 1541 78.5593
1 3337 1541 78.5789
1 3337 1541 78.5996
1 3337 1541 78.6201
1 3337 1541 78.6413
0 3363 1541 80.0413
0 3366 1540 80.0599
0 3371 1540 80.0796
0 3374 1540 80.0998
0 3377 1540 80.1203
0 3380 1540 80.1399
0 3383 1540 80.161
0 3385 1540 80.1791
0 3388 1540 80.1996
0 3390 1540 80.2201
0 3392 1540 80.2392
0 3395 1540 80.2605
0 3398 1539 80.2802
0 3401 1539 80.2996
0 3404 1539 80.3198
0 3408 1539 80.3396
0 3411 1539 80.3594
0 3416 1539 80.3793
0 3420 1539 80.4001
0 3425 1539 80.4199
0 3428 1538 80.4402
0 3431 1538 80.4593
0 3433 1538 80.4797
0 3434 1538 80.4997
0 3448 1538 81.6811
0 3451 1538 81.6999
0 3456 1538 81.7203
0 3461 1537 81.74
0 3467 1537 81.7594
0 3472 1537 81.7796
0 3479 1537 81.8008
0 3485 1536 81.8201
0 3491 1536 81.841
0 3497 1536 81.8604
0 3504 1536 81.8807
0 3510 1535 81.9008
0 3515 1535 81.9202
0 3520 1535 81.9399
0 3525 1535 81.9603
0 3528 1535 81.9794
0 3529 1535 81.9997
0 3530 1534 82.0195
0 3531 1534 82.0395
0 3531 1534 82.0602
0 3532 1534 82.0795
0 3532 1534 82.0997
0 3532 1534 82.1201
0 3532 1534 82.1394
0 3532 1534 82.161
0 3532 1534 82.1806
0 3532 1534 82.2002
0 3532 1534 82.2202
0 3532 1534 82.2405
0 3532 1534 82.262
0 3532 1534 82.2801
0 3532 1534 82.2995
0 3532 1534 82.3201
0 3532 1534 82.3397
0 3532 1534 82.36
0 3532 1534 82.3796
0 3532 1534 82.3999
0 3532 1534 82.4195
0 3532 1534 82.4398
0 3532 1534 82.4597
0 3532 1534 82.481
0 3532 1534 82.4995
0 3532 1534 82.5195
0 3532 1534 82.5401
0 3532 1534 82.5596
0 3532 1534 82.5794
0 3532 1534 82.6006
0 3532 1534 82.6195
0 3534 1534 82.6401
0 3539 1534 82.6598
0 3554 1534 82.6809
0 3579 1534 82.6999
0 3610 1534 82.7199
0 3649 1534 82.7396
0 3691 1534 82.7608
0 3731 1534 82.7815
0 3768 1533 82.7996
0 3799 1533 82.82
0 3822 1533 82.8395
0 3839 1533 82.86
0 3850 1533 82.8807
0 3856 1533 82.8998
0 3860 1533 82.9211
0 3863 1533 82.9395
0 3864 1533 82.9595
0 3865 1533 82.9804
0 3865 1533 82.9997
0 3866 1533 83.0197
0 3866 1533 83.04
0 3866 1533 83.0598
0 3865 1533 83.0798
0 3860 1533 83.0996
0 3767 1535 83.8399
0 3771 1535 83.8596
0 3775 1535 83.8798
0 3778 1535 83.8998
0 3783 1535 83.9196
0 3787 1535 83.9398
0 3791 1535 83.9598
0 3795 1534 83.9797
0 3799 1534 83.9999
0 3804 1534 84.0195
0 3809 1534 84.0398
0 3813 1534 84.0596
0 3817 1534 84.0797
0 3820 1534 84.0997
0 3822 1534 84.1198
0 3823 1534 84.1391
0 3825 1534 84.1603
0 3826 1534 84.1809
0 3828 1534 84.1996
0 3830 1534 84.2202
0 3833 1534 84.2398
0 3837 1534 84.2598
0 3841 1534 84.2802
0 3845 1533 84.3
0 3848 1533 84.3203
0 3852 1533 84.347
0 3854 1533 84.3609
0 3856 1533 84.3808
0 3857 1533 84.3996
0 3858 1533 84.4204
0 3860 1533 84.4398
0 3861 1533 84.4597
0 3862 1533 84.4801
0 3863 1533 84.4995
0 3864 1533 84.5197
0 3866 1533 84.5398
0 3869 1533 84.5597
0 3873 1533 84.5795
0 3877 1533 84.6001
0 3881 1533 84.6192
0 3885 1532 84.6399
0 3888 1532 84.6598
0 3891 1532 84.6799
0 3894 1532 84.6998
0 3897 1532 84.7199
0 3900 1532 84.7396
0 3903 1532 84.7599
0 3908 1532 84.7798
0 3916 1532 84.7992
0 3925 1532 84.8207
0 3937 1532 84.8395
0 3949 1532 84.8595
0 3961 1532 84.8797
0 3974 1532 84.9005
0 3984 1532 84.9195
0 3994 1532 84.9399
0 4001 1532 84.9601
0 4005 1532 84.9799
0 4007 1532 85.0001
0 4009 1532 85.02
0 4010 1532 85.0398
0 4010 1532 85.0599
0 4010 1532 85.0822
0 4011 1532 85.1008
0 4011 1532 85.1194
0 4011 1532 85.1394
0 4012 1532 85.1598
0 4012 1532 85.1809
0 4012 1532 85.1994
0 4012 1532 85.2199
0 4024 1532 85.7809
0 4026 1532 85.8
0 4029 1532 85.8196
0 4031 1532 85.8397
0 4033 1532 85.8595
0 4035 1532 85.8798
0 4038 1532 85.8999
0 4040 1532 85.9206
0 4042 1532 85.9412
0 4043 1532 85.9623
0 4047 1532 85.9807
0 4050 1532 86.0013
0 4054 1532 86.0203
0 4059 1532 86.0405
0 4064 1531 86.0594
0 4069 1531 86.08
0 4074 1531 86.0995
0 4079 1531 86.1201
0 4083 1531 86.1394
0 4087 1531 86.1602
0 4091 1531 86.18
0 4094 1530 86.2006
0 4097 1530 86.2202
0 4098 1530 86.2395
0 4099 1530 86.2597
0 4100 1530 86.2799
0 4100 1530 86.2995
0 4101 1530 86.3197
0 4101 1530 86.34
0 4102 1530 86.3595
0 4102 1530 86.3796
0 4103 1530 86.3999
0 4103 1530 86.4197
0 4103 1530 86.4396
0 4105 1530 86.4593
0 4106 1530 86.4795
0 4107 1530 86.4995
0 4109 1530 86.5192
0 4110 1530 86.5402
0 4111 1530 86.5602
0 4112 1530 86.5795
0 4113 1530 86.5997
0 4114 1530 86.6208
0 4114 1530 86.6396
0 4116 1530 86.6597
0 4116 1530 86.6806
0 4117 1530 86.6996
0 4118 1530 86.72
0 4118 1530 86.74
0 4119 1530 86.7601
0 4119 1530 86.7804
0 4120 1530 86.8002
0 4121 1530 86.8201
0 4122 1530 86.8395
0 4122 1530 86.8606
0 4123 1530 86.8796
0 4125 1530 86.8995
0 4126 1530 86.9204
0 4127 1530 86.9395
0 4129 1530 86.9599
0 4131 1530 86.9813
0 4134 1530 87
0 4137 1530 87.0206
0 4142 1530 87.0395
0 4147 1530 87.0602
0 4155 1529 87.0795
0 4163 1529 87.0994
0 4172 1530 87.1193
0 4183 1530 87.1394
0 4193 1530 87.1595
0 4201 1530 87.1802
0 4207 1530 87.1996
0 4211 1530 87.2198
0 4214 1530 87.2395
0 4217 1530 87.2599
0 4220 1530 87.28
0 4223 1530 87.2999
0 4225 1530 87.3198
0 4227 1530 87.3398
0 4228 1530 87.3595
0 4229 1531 87.3797
0 4230 1531 87.4004
0 4230 1531 87.4197
0 4231 1531 87.4408
0 4231 1531 87.4597
0 4232 1531 87.4804
0 4232 1531 87.4996
0 4232 1531 87.5198
0 4232 1531 87.5397
1 4232 1531 88.0996
1 4232 1531 88.1202
1 4232 1531 88.1393
1 4232 1531 88.1592
1 4232 1531 88.1796
1 4232 1531 88.1993
1 4232 1531 88.2196
1 4232 1531 88.2406
1 4232 1531 88.2594
1 4232 1531 88.2795
1 4232 1531 88.2994
1 4232 1531 88.3206
1 4232 1531 88.3415
1 4232 1531 88.361
1 4232 1531 88.3799
1 4233 1531 88.3998
1 4234 1531 88.42
1 4236 1531 88.4401
1 4238 1531 88.4597
1 4241 1531 88.4807
1 4243 1531 88.5008
1 4246 1531 88.5198
1 4250 1532 88.5401
1 4254 1532 88.5597
1 4259 1532 88.5793
1 4263 1532 88.5999
1 4267 1533 88.6201
1 4272 1533 88.6393
1 4276 1533 88.6593
1 4281 1533 88.6806
1 4286 1534 88.6996
1 4290 1534 88.7198
1 4294 1534 88.7393
1 4298 1534 88.7596
1 4301 1535 88.7797
1 4304 1535 88.7996
1 4308 1535 88.8198
1 4310 1535 88.8395
1 4312 1535 88.8598
1 4313 1535 88.88
1 4314 1536 88.8997
1 4314 1536 88.9201
1 4315 1536 88.9413
1 4316 1536 88.9595
1 4317 1536 88.9796
1 4319 1536 89
1 4320 1537 89.0197
1 4322 1537 89.0398
1 4324 1537 89.0607
1 4327 1537 89.0795
1 4330 1537 89.0997
1 4334 1538 89.1202
1 4338 1538 89.1396
1 4341 1538 89.1599
1 4344 1538 89.1802
1 4347 1539 89.1994
1 4349 1539 89.2199
1 4351 1539 89.2403
1 4352 1539 89.2624
1 4353 1539 89.2798
1 4353 1539 89.2994
1 4352 1539 89.3211
1 4351 1540 89.3407
1 4351 1540 89.3608
1 4350 1540 89.3797
1 4349 1540 89.3995
1 4348 1540 89.4202
1 4348 1540 89.44
1 4348 1540 89.46
1 4347 1540 89.4796
1 4346 1540 89.4993
1 4346 1540 89.5202
1 4346 1540 89.5398
1 4346 1540 89.5593
1 4344 1540 89.5801
1 4342 1540 89.5992
1 4340 1541 89.6195
1 4340 1541 89.6396
1 4339 1541 89.6596
1 4338 1541 89.68
1 4336 1541 89.6995
1 4334 1542 89.7202
1 4332 1542 89.7402
1 4331 1542 89.7595
1 4330 1542 89.7796
1 4330 1542 89.7992
1 4330 1542 89.82
1 4329 1542 89.8402
1 4329 1543 89.8611
1 4330 1543 89.8796
1 4329 1543 89.8994
1 4327 1543 89.9198
1 4324 1543 89.9406
1 4322 1543 89.9594
1 4320 1543 89.9804
1 4318 1544 90.0017
1 4318 1544 90.02
1 4319 1544 90.041
1 4319 1544 90.0618
1 4320 1544 90.0797
1 4321 1545 90.1011
1 4322 1545 90.1224
1 4324 1545 90.1411
1 4326 1545 90.1595
1 4328 1545 90.1797
1 4329 1546 90.1997
1 4330 1546 90.2196
1 4330 1546 90.2396
1 4331 1546 90.2605
1 4332 1546 90.2794
1 4333 1546 90.2994
1 4334 1546 90.3203
1 4335 1546 90.3396
1 4337 1546 90.3599
1 4339 1546 90.3799
1 4340 1547 90.3992
1 4343 1547 90.42
1 4345 1547 90.4403
1 4348 1547 90.4608
1 4351 1547 90.48
1 4353 1548 90.4997
1 4356 1548 90.52
1 4359 1548 90.5399
1 4360 1548 90.56
1 4361 1549 90.5796
1 4361 1549 90.5995
1 4362 1549 90.6198
1 4363 1549 90.6397
1 4363 1549 90.6598
1 4363 1549 90.6796
1 4363 1549 90.6993
1 4363 1549 90.7196
1 4364 1549 90.7396
1 4364 1549 90.7598
1 4363 1549 90.7797
1 4363 1549 90.7997
1 4363 1549 90.8205
1 4364 1550 90.8395
1 4365 1550 90.8606
1 4367 1550 90.8809
1 4368 1550 90.8998
1 4369 1550 90.9194
1 4369 1550 90.9397
1 4369 1550 90.9602
1 4370 1550 90.9805
1 4370 1550 90.9997
1 4370 1550 91.0198
1 4370 1550 91.041
1 4370 1550 91.0596
1 4370 1550 91.0792
1 4371 1550 91.0997
1 4371 1550 91.1203
1 4371 1550 91.1395
1 4371 1550 91.1598
1 4371 1550 91.1797
1 4371 1550 91.1996
1 4371 1550 91.2206
1 4371 1550 91.2397
1 4371 1550 91.2597
1 4371 1550 91.28
1 4371 1550 91.2993
1 4371 1550 91.3199
1 4371 1550 91.3398
1 4371 1550 91.3606
1 4371 1550 91.3797
1 4371 1550 91.4005
1 4371 1550 91.421
1 4371 1550 91.4399
1 4371 1550 91.4602
1 4371 1550 91.4806
1 4371 1550 91.4998
1 4371 1550 91.52
1 4371 1550 91.5398
1 4371 1550 91.5609
1 4371 1550 91.5795
1 4371 1550 91.6005
1 4371 1550 91.6205
1 4371 1550 91.64
1 4371 1550 91.66
1 4371 1550 91.6798
1 4371 1550 91.6998
1 4371 1550 91.72
1 4371 1550 91.7398
1 4371 1550 91.7605
1 4371 1550 91.7807
1 4371 1550 91.7998
1 4371 1550 91.8198
1 4371 1550 91.8409
1 4371 1550 91.8598
1 4371 1550 91.8801
1 4371 1550 91.8998
1 4371 1550 91.9198
1 4371 1550 91.94
1 4371 1550 91.9595
1 4371 1550 91.9798
1 4371 1550 91.9998
1 4371 1550 92.0199
1 4371 1550 92.0399
1 4371 1550 92.0602
1 4371 1550 92.0795
1 4371 1550 92.0998
1 4371 1550 92.1198
1 4371 1550 92.1396
1 4371 1550 92.1599
1 4371 1550 92.1795
1 4371 1550 92.1997
1 4371 1550 92.2196
1 4371 1550 92.2398
1 4371 1550 92.26
1 4371 1550 92.2799
1 4371 1550 92.302
1 4371 1550 92.3206
1 4371 1550 92.34
1 4371 1550 92.36
1 4371 1550 92.3795
1 4371 1550 92.3996
1 4371 1550 92.4196
1 4371 1550 92.4447
1 4371 1550 92.4618
1 4371 1550 92.4801
1 4371 1550 92.4996
1 4371 1550 92.5195
1 4371 1550 92.5399
1 4371 1550 92.56
1 4371 1550 92.5804
1 4371 1550 92.5996
1 4371 1550 92.6197
1 4371 1550 92.6401
1 4371 1550 92.6611
1 4371 1550 92.6812
1 4371 1550 92.7
1 4371 1550 92.7196
1 4371 1550 92.7395
1 4371 1550 92.7606
1 4372 1550 92.7797
1 4372 1550 92.7994
1 4371 1550 92.8205
1 4369 1550 92.8394
1 4367 1550 92.8599
1 4365 1551 92.8806
1 4361 1551 92.8997
1 4357 1551 92.9196
1 4354 1551 92.9399
1 4350 1552 92.9595
1 4346 1552 92.9796
1 4342 1552 93
1 4338 1552 93.0201
1 4334 1552 93.0395
1 4329 1553 93.0597
1 4324 1553 93.0801
1 4319 1553 93.1013
1 4314 1553 93.1198
1 4311 1553 93.1417
1 4309 1554 93.1606
1 4309 1554 93.1799
1 4309 1554 93.1996
1 4310 1554 93.2213
1 4311 1554 93.2411
1 4312 1555 93.26
1 4313 1555 93.2805
1 4313 1555 93.2995
1 4312 1555 93.3196
1 4312 1555 93.3393
1 4313 1556 93.3599
1 4312 1556 93.3803
1 4312 1556 93.4008
1 4311 1556 93.42
1 4312 1557 93.4412
1 4313 1557 93.4606
1 4312 1557 93.4803
1 4312 1557 93.4997
1 4311 1557 93.5196
1 4311 1557 93.5398
1 4311 1558 93.56
1 4312 1558 93.5797
1 4312 1558 93.5995
1 4312 1558 93.6201
1 4312 1558 93.64
1 4313 1558 93.6597
1 4313 1558 93.6798
1 4314 1558 93.6997
1 4316 1558 93.7197
1 4318 1558 93.7395
1 4320 1558 93.76
1 4322 1558 93.7797
1 4325 1559 93.8004
1 4328 1559 93.8196
1 4330 1559 93.8394
1 4334 1559 93.8597
1 4337 1559 93.8797
1 4339 1560 93.8995
1 4341 1560 93.9198
1 4343 1560 93.9397
1 4345 1560 93.9596
1 4345 1560 93.9806
1 4346 1560 93.9996
1 4346 1560 94.0197
1 4346 1560 94.04
1 4346 1560 94.0603
1 4346 1560 94.0801
1 4346 1560 94.0994
1 4346 1560 94.1196
1 4346 1560 94.14
1 4346 1560 94.1606
1 4346 1560 94.1803
1 4346 1560 94.2001
1 4346 1560 94.2214
1 4346 1560 94.2401
1 4346 1560 94.2597
1 4346 1560 94.2797
1 4346 1560 94.2999
1 4346 1560 94.3198
1 4346 1560 94.3399
1 4346 1560 94.3605
1 4346 1560 94.3813
1 4346 1560 94.401
1 4346 1560 94.4197
1 4346 1560 94.4418
1 4346 1560 94.4598
1 4346 1560 94.4798
1 4346 1560 94.4999
1 4346 1560 94.5202
1 4346 1560 94.5405
1 4346 1560 94.5598
1 4346 1560 94.5808
1 4346 1560 94.6001
1 4346 1560 94.6197
1 4346 1560 94.6398
1 4346 1560 94.6597
1 4346 1560 94.6797
1 4346 1560 94.7
1 4346 1560 94.7201
1 4346 1560 94.7396
1 4346 1560 94.7611
1 4346 1560 94.7803
1 4346 1560 94.7999
1 4346 1560 94.8209
1 4346 1560 94.8396
1 4346 1560 94.8609
1 4346 1560 94.8802
1 4346 1560 94.8999
1 4346 1560 94.9196
1 4346 1560 94.9397
1 4346 1560 94.9598
1 4346 1560 94.9805
1 4346 1560 95.0001
1 4346 1560 95.0199
1 4346 1560 95.0399
1 4346 1560 95.0598
1 4346 1560 95.0795
1 4346 1560 95.1009
1 4346 1560 95.1195
1 4346 1560 95.1399
1 4346 1560 95.1594
1 4346 1560 95.1801
1 4346 1560 95.2001
1 4346 1560 95.2217
1 4346 1560 95.2423
1 4346 1560 95.2598
1 4346 1560 95.2819
1 4346 1560 95.3001
1 4346 1560 95.3196
1 4346 1560 95.3402
1 4346 1560 95.359
1 4346 1560 95.379
1 4346 1560 95.3984
1 4346 1560 95.4192
1 4346 1560 95.4396
1 4346 1560 95.4588
1 4346 1560 95.479
1 4346 1560 95.499
1 4346 1560 95.5195
1 4346 1560 95.5389
1 4346 1560 95.5595
1 4346 1560 95.5794
1 4346 1560 95.5989
1 4346 1560 95.62
1 4346 1560 95.6389
1 4346 1560 95.6606
1 4346 1560 95.6798
1 4347 1560 95.699
1 4347 1560 95.7202
1 4347 1560 95.7395
1 4347 1560 95.759
1 4348 1560 95.7797
1 4348 1560 95.7995
1 4348 1560 95.8191
1 4348 1560 95.8393
1 4348 1560 95.859
1 4348 1560 95.8796
1 4348 1560 95.8992
1 4348 1560 95.9188
1 4349 1560 95.9392
1 4349 1560 95.959
1 4349 1560 95.9792
1 4350 1560 95.9986
1 4351 1560 96.0189
1 4352 1560 96.039
1 4353 1560 96.0592
1 4354 1560 96.0791
1 4354 1560 96.0988
1 4354 1560 96.119
1 4355 1560 96.1391
1 4356 1560 96.159
1 4356 1560 96.1791
1 4357 1560 96.1994
1 4358 1560 96.2189
1 4359 1560 96.2388
1 4361 1560 96.2593
1 4362 1560 96.2789
1 4364 1560 96.2991
1 4365 1560 96.3185
1 4366 1560 96.3409
1 4367 1560 96.3603
1 4367 1560 96.3791
1 4367 1561 96.4004
1 4366 1561 96.4214
1 4366 1561 96.44
1 4365 1561 96.4599
1 4362 1561 96.4792
1 4360 1561 96.4992
1 4357 1561 96.5189
1 4355 1561 96.5386
1 4352 1561 96.5592
1 4349 1561 96.5792
1 4345 1561 96.5994
1 4341 1562 96.6185
1 4337 1562 96.6389
1 4334 1562 96.6601
1 4330 1562 96.6789
1 4327 1562 96.699
1 4323 1562 96.7197
1 4320 1562 96.7392
1 4318 1563 96.7592
1 4316 1563 96.7788
1 4314 1563 96.7995
1 4311 1563 96.8191
1 4308 1563 96.8398
1 4304 1563 96.859
1 4300 1564 96.8797
1 4296 1564 96.8988
1 4293 1564 96.9188
1 4291 1564 96.9387
1 4289 1565 96.9586
1 4288 1565 96.9793
1 4289 1565 96.9992
1 4291 1565 97.0189
1 4294 1565 97.0387
1 4298 1566 97.0587
1 4303 1566 97.0793
1 4306 1566 97.0997
1 4309 1566 97.1192
1 4312 1567 97.1392
1 4314 1567 97.1586
1 4316 1567 97.1789
1 4317 1568 97.1992
1 4317 1568 97.2187
1 4317 1568 97.2388
1 4315 1568 97.2586
1 4314 1568 97.2788
1 4313 1568 97.2996
1 4312 1568 97.3186
1 4310 1569 97.3389
1 4308 1569 97.3589
1 4308 1569 97.3794
1 4308 1569 97.3999
1 4309 1569 97.4189
1 4310 1569 97.4388
1 4312 1569 97.4586
1 4314 1570 97.4791
1 4317 1570 97.4989
1 4318 1570 97.5194
1 4319 1570 97.5388
1 4321 1570 97.5589
1 4322 1571 97.5794
1 4323 1571 97.5991
1 4323 1571 97.6188
1 4323 1571 97.6399
1 4324 1571 97.6588
1 4324 1571 97.6793
1 4323 1571 97.6994
1 4323 1571 97.7197
1 4323 1571 97.7394
1 4323 1571 97.7606
1 4323 1571 97.7795
1 4323 1571 97.8007
1 4323 1571 97.819
1 4323 1571 97.8393
1 4323 1571 97.8586
1 4323 1571 97.8787
1 4323 1571 97.8989
1 4323 1571 97.9193
1 4323 1571 97.9388
1 4323 1571 97.9586
1 4323 1571 97.9795
1 4323 1571 97.9991
1 4323 1571 98.0195
1 4323 1571 98.0389
1 4323 1571 98.0591
1 4323 1571 98.0793
1 4324 1571 98.0988
1 4324 1571 98.1186
1 4324 1572 98.1391
1 4324 1572 98.1585
1 4325 1572 98.1791
1 4325 1572 98.1993
1 4325 1572 98.2187
1 4325 1572 98.2387
1 4325 1572 98.2591
1 4325 1572 98.2789
1 4325 1572 98.2995
1 4325 1572 98.3187
1 4325 1572 98.3397
1 4325 1572 98.3585
1 4325 1572 98.3792
1 4325 1572 98.3996
1 4325 1572 98.419
1 4325 1572 98.4388
1 4325 1572 98.4591
1 4325 1572 98.479
1 4325 1572 98.4991
1 4326 1572 98.5192
1 4327 1572 98.5388
1 4328 1572 98.5594
1 4330 1572 98.5787
1 4331 1572 98.599
1 4333 1572 98.6195
1 4334 1572 98.6387
1 4335 1573 98.6595
1 4335 1573 98.6803
1 4334 1573 98.7002
1 4333 1573 98.7194
1 4331 1573 98.7388
1 4330 1573 98.7598
1 4329 1573 98.7795
1 4329 1573 98.7998
1 4328 1573 98.819
1 4328 1573 98.8388
1 4327 1573 98.859
1 4326 1573 98.8789
1 4326 1573 98.8987
1 4325 1573 98.9199
1 4326 1573 98.9406
1 4326 1573 98.9592
1 4325 1573 98.9789
1 4326 1573 99.0001
1 4326 1573 99.0193
1 4327 1574 99.0397
1 4328 1574 99.0602
1 4326 1574 99.0788
1 4326 1574 99.1
1 4325 1574 99.12
1 4324 1575 99.1398
1 4322 1575 99.1595
1 4321 1575 99.1796
1 4319 1575 99.1992
1 4319 1575 99.2192
1 4318 1575 99.2392
1 4318 1575 99.2589
1 4318 1575 99.2793
1 4318 1575 99.2992
1 4318 1575 99.3189
1 4317 1575 99.339
1 4318 1575 99.3593
1 4319 1575 99.3792
1 4319 1576 99.3992
1 4321 1576 99.4192
1 4321 1576 99.439
1 4322 1576 99.4606
1 4321 1576 99.481
1 4320 1577 99.5005
1 4319 1577 99.5199
1 4318 1577 99.5405
1 4317 1577 99.5613
1 4315 1577 99.5804
1 4314 1577 99.6005
1 4313 1577 99.6201
1 4312 1577 99.6398
1 4312 1577 99.6596
1 4311 1577 99.6805
1 4311 1577 99.7005
1 4311 1577 99.7203
1 4311 1577 99.7395
1 4311 1577 99.7604
1 4311 1577 99.7803
1 4310 1577 99.8018
1 4310 1578 99.8201
1 4310 1578 99.8409
1 4310 1578 99.8602
1 4310 1578 99.8798
1 4311 1578 99.901
1 4311 1578 99.9211
1 4311 1578 99.9405
1 4309 1578 99.9603
1 4305 1578 99.981
1 4302 1579 99.9994
1 4297 1579 100.019
1 4293 1579 100.039
1 4289 1579 100.059
1 4286 1579 100.08
1 4283 1579 100.099
1 4280 1579 100.119
1 4277 1579 100.139
1 4275 1579 100.16
1 4274 1580 100.179
1 4273 1580 100.2
1 4272 1580 100.221
1 4270 1580 100.239
1 4267 1580 100.259
1 4264 1580 100.279
1 4262 1580 100.299
1 4260 1580 100.319
1 4256 1580 100.34
1 4252 1580 100.359
1 4247 1581 100.379
1 4243 1581 100.399
1 4240 1581 100.419
1 4237 1581 100.44
1 4234 1581 100.459
1 4232 1581 100.479
1 4231 1581 100.5
1 4231 1581 100.519
1 4231 1581 100.54
1 4231 1582 100.562
1 4231 1582 100.58
1 4231 1582 100.599
1 4230 1582 100.621
1 4229 1582 100.64
1 4227 1582 100.659
1 4226 1582 100.68
1 4226 1582 100.7
1 4224 1582 100.72
1 4223 1582 100.74
1 4221 1583 100.76
1 4219 1583 100.78
1 4216 1583 100.8
1 4214 1583 100.82
1 4213 1583 100.84
1 4212 1583 100.859
1 4211 1583 100.88
1 4210 1584 100.9
1 4209 1584 100.92
1 4207 1584 100.94
1 4205 1584 100.96
1 4203 1584 100.98
1 4201 1585 101
1 4201 1585 101.022
1 4200 1585 101.039
1 4198 1585 101.059
1 4196 1585 101.079
1 4193 1586 101.099
1 4192 1586 101.119
1 4192 1586 101.14
1 4192 1586 101.16
1 4192 1586 101.179
1 4192 1587 101.199
1 4190 1587 101.219
1 4188 1587 101.239
1 4188 1587 101.26
1 4187 1587 101.279
1 4186 1588 101.299
1 4185 1588 101.319
1 4185 1588 101.339
1 4185 1588 101.359
1 4185 1588 101.379
1 4185 1588 101.4
1 4185 1588 101.42
1 4185 1588 101.439
1 4185 1588 101.459
1 4185 1588 101.48
1 4185 1588 101.5
1 4184 1588 101.52
1 4184 1588 101.54
1 4184 1588 101.559
1 4182 1588 101.58
1 4181 1588 101.599
1 4179 1588 101.62
1 4178 1589 101.639
1 4177 1589 101.659
1 4176 1589 101.679
1 4176 1589 101.7
1 4175 1589 101.72
1 4174 1589 101.739
1 4173 1589 101.759
1 4173 1589 101.779
1 4173 1589 101.8
1 4173 1589 101.82
1 4173 1589 101.84
1 4173 1589 101.86
1 4172 1589 101.879
1 4172 1589 101.899
1 4172 1589 101.919
0 4221 1588 103.639
0 4222 1588 103.66
0 4223 1588 103.679
0 4224 1588 103.7
0 4225 1588 103.719
0 4227 1588 103.739
0 4229 1588 103.76
0 4232 1588 103.78
0 4234 1588 103.799
0 4236 1588 103.82
0 4238 1588 103.839
0 4240 1588 103.859
0 4241 1588 103.88
0 4244 1588 103.899
0 4247 1588 103.919
0 4249 1588 103.94
0 4250 1588 103.959
0 4252 1588 103.979
0 4254 1588 103.999
0 4256 1588 104.019
0 4259 1588 104.04
0 4262 1588 104.061
0 4265 1588 104.081
0 4269 1588 104.099
0 4272 1587 104.119
0 4275 1587 104.14
0 4279 1587 104.159
0 4282 1587 104.18
0 4285 1587 104.199
0 4289 1587 104.219
0 4293 1587 104.24
0 4297 1587 104.259
0 4300 1587 104.279
0 4304 1587 104.3
0 4306 1587 104.319
0 4308 1587 104.339
0 4310 1587 104.36
0 4313 1587 104.379
0 4315 1587 104.4
0 4319 1586 104.419
0 4324 1586 104.439
0 4329 1586 104.46
0 4332 1586 104.479
0 4337 1586 104.5
0 4341 1586 104.522
0 4344 1586 104.539
0 4347 1586 104.559
0 4349 1586 104.58
0 4352 1586 104.599
0 4354 1586 104.619
0 4357 1586 104.639
0 4359 1586 104.66
0 4362 1586 104.679
0 4363 1585 104.699
0 4364 1585 104.721
0 4365 1585 104.739
0 4365 1585 104.759
0 4366 1585 104.78
0 4366 1585 104.799
0 4366 1585 104.819
0 4366 1585 104.84
0 4366 1585 104.86
0 4367 1585 104.879
0 4367 1585 104.9
0 4369 1585 104.921
0 4371 1585 104.94
0 4372 1585 104.96
0 4374 1585 104.98
0 4377 1585 104.999
0 4379 1585 105.02
0 4382 1585 105.039
0 4385 1585 105.06
0 4386 1585 105.08
0 4387 1585 105.1
0 4388 1585 105.119
0 4389 1585 105.139
0 4391 1585 105.16
0 4392 1585 105.179
0 4394 1585 105.2
0 4394 1585 105.219
0 4395 1585 105.239
0 4396 1585 105.26
0 4396 1585 105.28
0 4397 1585 105.299
0 4398 1585 105.319
0 4398 1585 105.341
0 4398 1585 105.359
0 4399 1585 105.38
0 4399 1585 105.399
0 4400 1585 105.419
0 4400 1585 105.44
0 4401 1585 105.459
0 4401 1585 105.48
0 4402 1585 105.5
0 4402 1585 105.52
0 4402 1585 105.539
0 4403 1585 105.559
0 4404 1585 105.581
0 4404 1585 105.599
0 4405 1585 105.619
0 4405 1585 105.639
0 4406 1585 105.659
0 4408 1585 105.679
0 4409 1585 105.7
0 4410 1585 105.72
0 4411 1585 105.74
0 4413 1585 105.759
0 4416 1585 105.78
0 4419 1585 105.8
0 4422 1585 105.819
0 4426 1585 105.839
0 4429 1585 105.86
0 4434 1585 105.879
0 4438 1585 105.9
0 4443 1585 105.919
0 4449 1585 105.939
0 4455 1585 105.959
0 4461 1584 105.979
0 4467 1584 105.999
0 4472 1584 106.019
0 4476 1584 106.039
0 4479 1584 106.059
0 4482 1584 106.08
0 4484 1584 106.099
0 4485 1584 106.119
0 4486 1584 106.139
0 4486 1584 106.159
0 4487 1584 106.179
0 4488 1584 106.199
0 4488 1584 106.219
0 4489 1584 106.241
0 4489 1584 106.259
0 4489 1584 106.279
0 4489 1584 106.3
0 4490 1584 106.319
0 4490 1584 106.339
0 4490 1584 106.359
0 4490 1584 106.38
0 4490 1584 106.4
0 4491 1584 106.419
0 4491 1584 106.439
0 4491 1584 106.46
0 4491 1584 106.48
0 4492 1584 106.499
0 4493 1584 106.52
0 4493 1584 106.539
0 4493 1584 106.559
0 4494 1584 106.58
0 4494 1584 106.6
0 4494 1584 106.62
0 4494 1584 106.64
0 4494 1584 106.66
0 4496 1584 106.68
0 4498 1584 106.7
0 4500 1584 106.719
0 4501 1584 106.74
0 4503 1584 106.759
0 4505 1584 106.779
0 4507 1584 106.8
0 4508 1584 106.819
0 4509 1584 106.839
0 4511 1584 106.86
0 4512 1584 106.879
0 4513 1584 106.9
0 4514 1584 106.92
0 4514 1584 106.939
0 4516 1584 106.959
0 4517 1584 106.98
0 4518 1584 106.999
0 4518 1584 107.019
0 4519 1584 107.04
0 4519 1584 107.059
0 4520 1584 107.08
0 4520 1584 107.1
0 4521 1584 107.119
0 4521 1584 107.139
0 4521 1584 107.159
0 4522 1584 107.18
0 4522 1584 107.2
0 4523 1584 107.219
0 4524 1584 107.239
0 4525 1584 107.262
0 4526 1584 107.279
0 4528 1584 107.3
0 4529 1584 107.319
0 4530 1584 107.339
0 4532 1584 107.359
0 4534 1584 107.379
0 4536 1584 107.4
0 4538 1584 107.419
0 4542 1584 107.439
0 4545 1583 107.459
0 4550 1583 107.479
0 4554 1583 107.499
0 4558 1583 107.52
0 4561 1583 107.539
0 4564 1583 107.559
0 4567 1583 107.579
0 4569 1583 107.599
0 4571 1583 107.62
0 4573 1583 107.639
0 4574 1583 107.659
0 4574 1583 107.679
0 4575 1583 107.699
0 4575 1583 107.72
0 4576 1583 107.74
0 4576 1583 107.759
0 4577 1583 107.78
0 4577 1583 107.8
0 4577 1583 107.82
0 4577 1583 107.839
0 4578 1583 107.859
0 4578 1583 107.879
0 4578 1583 107.899
0 4578 1583 107.919
0 4578 1583 107.939
0 4578 1583 107.959
0 4579 1583 107.979
0 4579 1583 108
0 4579 1583 108.019
0 4580 1583 108.039
0 4581 1583 108.059
0 4582 1583 108.079
0 4584 1583 108.099
0 4586 1583 108.12
0 4588 1583 108.14
0 4590 1583 108.161
0 4593 1583 108.179
0 4595 1582 108.2
0 4598 1582 108.22
0 4601 1582 108.239
0 4605 1582 108.259
0 4611 1582 108.279
0 4618 1582 108.299
0 4625 1582 108.32
0 4633 1582 108.339
0 4639 1581 108.359
0 4643 1581 108.379
0 4645 1581 108.399
0 4646 1581 108.419
0 4648 1581 108.44
0 4648 1581 108.459
0 4649 1581 108.48
0 4650 1581 108.5
0 4651 1581 108.519
0 4652 1581 108.539
0 4653 1581 108.56
0 4653 1581 108.579
0 4654 1581 108.6
0 4654 1581 108.62
0 4654 1581 108.639
0 4655 1581 108.659
0 4655 1581 108.68
0 4655 1581 108.699
0 4655 1581 108.72
0 4655 1581 108.739
0 4656 1581 108.76
0 4656 1581 108.78
0 4656 1581 108.8
0 4656 1581 108.82
0 4656 1581 108.841
0 4657 1581 108.86
0 4657 1581 108.879
0 4657 1581 108.899
0 4658 1581 108.919
0 4658 1581 108.94
0 4658 1581 108.959
0 4658 1581 108.979
0 4659 1581 109
0 4661 1581 109.019
0 4663 1581 109.04
0 4665 1581 109.06
0 4666 1581 109.08
0 4667 1581 109.1
0 4669 1581 109.12
0 4670 1581 109.139
0 4671 1581 109.159
0 4671 1581 109.179
0 4672 1581 109.199
0 4672 1581 109.219
0 4673 1581 109.239
0 4675 1581 109.259
0 4679 1581 109.279
0 4682 1581 109.3
0 4684 1581 109.32
0 4687 1581 109.343
0 4689 1581 109.359
0 4691 1581 109.38
0 4693 1581 109.399
0 4695 1581 109.419
0 4696 1581 109.44
0 4696 1581 109.459
0 4697 1581 109.479
0 4697 1581 109.5
0 4698 1581 109.52
0 4698 1581 109.54
0 4699 1581 109.559
0 4699 1581 109.58
0 4699 1581 109.599
0 4700 1581 109.62
0 4701 1581 109.639
0 4702 1581 109.659
0 4702 1581 109.679
0 4703 1581 109.699
0 4704 1581 109.72
0 4705 1581 109.739
0 4706 1581 109.759
0 4707 1581 109.78
0 4709 1581 109.799
0 4711 1581 109.82
0 4712 1581 109.839
0 4712 1581 109.859
0 4713 1581 109.879
0 4713 1581 109.899
0 4714 1581 109.92
0 4714 1581 109.939
0 4714 1581 109.96
0 4715 1581 109.981
0 4716 1581 109.999
0 4718 1581 110.02
0 4719 1581 110.04
0 4719 1581 110.06
0 4719 1581 110.08
0 4720 1581 110.099
0 4720 1581 110.12
0 4721 1581 110.141
0 4722 1581 110.159
0 4722 1581 110.179
0 4723 1581 110.199
0 4725 1581 110.219
0 4727 1581 110.24
0 4731 1580 110.26
0 4734 1580 110.281
0 4738 1580 110.3
0 4743 1580 110.32
0 4748 1580 110.339
0 4752 1580 110.36
0 4757 1580 110.381
0 4760 1580 110.4
0 4762 1580 110.419
0 4764 1580 110.44
0 4765 1580 110.461
0 4765 1580 110.479
0 4766 1580 110.499
0 4768 1580 110.52
0 4769 1580 110.54
0 4771 1580 110.559
0 4772 1580 110.58
0 4773 1580 110.6
0 4773 1580 110.62
0 4774 1580 110.64
0 4774 1580 110.659
0 4775 1580 110.679
0 4775 1580 110.699
0 4776 1580 110.719
0 4776 1580 110.739
0 4777 1580 110.759
0 4777 1580 110.779
0 4777 1580 110.799
0 4778 1580 110.819
0 4778 1580 110.84
0 4778 1580 110.859
0 4778 1580 110.879
0 4778 1580 110.899
0 4779 1580 110.92
0 4779 1580 110.941
0 4779 1580 110.96
0 4779 1580 110.982
0 4779 1580 110.999
0 4780 1580 111.021
0 4780 1580 111.04
0 4781 1580 111.06
0 4782 1580 111.079
0 4783 1580 111.099
0 4785 1580 111.119
0 4789 1579 111.14
0 4793 1579 111.16
0 4797 1579 111.18
0 4801 1579 111.199
0 4806 1579 111.219
0 4811 1579 111.24
0 4817 1579 111.259
0 4824 1578 111.279
0 4831 1578 111.3
0 4839 1578 111.319
0 4848 1578 111.339
0 4857 1577 111.36
0 4864 1577 111.379
0 4870 1577 111.4
0 4874 1577 111.419
0 4876 1577 111.439
0 4878 1577 111.459
0 4879 1577 111.479
0 4880 1577 111.501
0 4880 1577 111.519
0 4881 1577 111.539
0 4880 1577 111.56
1 4860 1578 112.299
1 4860 1578 112.319
1 4860 1578 112.34
1 4860 1578 112.36
1 4860 1578 112.379
1 4861 1578 112.399
1 4861 1578 112.42
1 4861 1578 112.44
1 4861 1578 112.46
1 4861 1578 112.481
1 4861 1578 112.499
1 4861 1578 112.519
1 4861 1578 112.54
1 4861 1578 112.559
1 4861 1578 112.582
1 4862 1578 112.6
1 4862 1578 112.62
1 4862 1578 112.64
1 4862 1578 112.66
1 4862 1578 112.68
1 4862 1578 112.7
1 4861 1578 112.719
1 4860 1578 112.74
1 4858 1578 112.76
1 4855 1578 112.78
1 4851 1578 112.8
1 4847 1578 112.819
1 4842 1579 112.839
1 4837 1579 112.858
1 4831 1579 112.879
1 4826 1579 112.898
1 4820 1579 112.919
1 4812 1580 112.94
1 4804 1580 112.959
1 4796 1580 112.979
1 4788 1580 112.998
1 4779 1581 113.019
1 4771 1581 113.04
1 4763 1581 113.059
1 4755 1582 113.079
1 4749 1582 113.099
1 4746 1582 113.119
1 4745 1582 113.139
1 4745 1582 113.16
1 4747 1583 113.179
1 4748 1583 113.199
1 4750 1583 113.22
1 4752 1583 113.239
1 4754 1583 113.259
1 4755 1584 113.278
1 4756 1584 113.299
1 4758 1584 113.319
1 4759 1584 113.339
1 4761 1584 113.359
1 4763 1584 113.379
1 4766 1585 113.398
1 4768 1585 113.419
1 4771 1585 113.438
1 4773 1585 113.458
1 4775 1585 113.479
1 4777 1586 113.499
1 4780 1586 113.519
1 4782 1586 113.539
1 4784 1586 113.559
1 4785 1586 113.578
1 4787 1586 113.598
1 4788 1586 113.619
1 4790 1586 113.638
1 4790 1587 113.658
1 4790 1587 113.679
1 4789 1587 113.698
1 4789 1587 113.718
1 4787 1587 113.739
1 4783 1588 113.758
1 4779 1588 113.778
1 4775 1588 113.799
1 4772 1588 113.818
1 4769 1589 113.839
1 4766 1589 113.858
1 4764 1589 113.878
1 4762 1589 113.898
1 4761 1590 113.918
1 4762 1590 113.94
1 4761 1590 113.959
1 4762 1590 113.978
1 4762 1590 113.999
1 4762 1591 114.018
1 4762 1591 114.039
1 4762 1591 114.06
1 4762 1591 114.078
1 4762 1591 114.098
1 4761 1592 114.119
1 4760 1592 114.139
1 4759 1592 114.158
1 4759 1593 114.179
1 4759 1593 114.198
1 4759 1593 114.218
1 4759 1593 114.239
1 4760 1593 114.26
1 4760 1593 114.28
1 4760 1593 114.299
1 4761 1593 114.321
1 4761 1593 114.339
1 4762 1593 114.358
1 4762 1594 114.378
1 4762 1594 114.399
1 4763 1594 114.418
1 4764 1594 114.439
1 4765 1594 114.459
1 4765 1594 114.478
1 4765 1594 114.498
1 4766 1594 114.52
1 4767 1594 114.539
1 4769 1594 114.559
1 4771 1594 114.579
1 4772 1594 114.599
1 4774 1595 114.619
1 4773 1595 114.639
1 4773 1595 114.658
1 4772 1595 114.678
1 4770 1596 114.7
1 4771 1596 114.718
1 4770 1596 114.739
1 4771 1596 114.758
1 4770 1597 114.778
1 4769 1597 114.8
1 4769 1597 114.818
1 4769 1597 114.839
1 4769 1597 114.859
1 4769 1597 114.879
1 4769 1597 114.898
1 4770 1597 114.918
1 4770 1597 114.94
1 4770 1597 114.958
1 4769 1597 114.979
1 4769 1597 114.998
1 4769 1597 115.02
1 4769 1597 115.04
1 4769 1597 115.062
1 4769 1597 115.08
1 4768 1597 115.098
1 4768 1597 115.119
1 4768 1597 115.138
1 4769 1597 115.158
1 4770 1597 115.18
1 4770 1597 115.2
1 4771 1598 115.219
1 4770 1598 115.24
1 4769 1598 115.259
1 4768 1598 115.279
1 4765 1598 115.299
1 4762 1598 115.318
1 4760 1598 115.34
1 4759 1599 115.359
1 4758 1599 115.379
1 4758 1599 115.399
1 4759 1599 115.419
1 4759 1599 115.438
1 4759 1599 115.458
1 4759 1599 115.479
1 4759 1599 115.498
1 4758 1599 115.518
1 4757 1599 115.538
1 4757 1599 115.559
1 4756 1599 115.579
1 4755 1599 115.598
1 4754 1600 115.619
1 4753 1600 115.638
1 4752 1600 115.658
1 4751 1600 115.679
1 4748 1600 115.698
1 4744 1601 115.718
1 4739 1601 115.739
1 4731 1601 115.758
1 4723 1601 115.779
1 4714 1602 115.799
1 4708 1602 115.818
1 4702 1602 115.839
1 4697 1603 115.859
1 4693 1603 115.879
1 4690 1603 115.898
1 4687 1603 115.919
1 4683 1603 115.939
1 4680 1604 115.959
1 4676 1604 115.979
1 4673 1604 116.001
1 4669 1604 116.018
1 4666 1604 116.039
1 4664 1604 116.061
1 4663 1604 116.079
1 4661 1605 116.099
1 4661 1605 116.119
1 4660 1605 116.138
1 4659 1605 116.159
1 4659 1605 116.18
1 4660 1605 116.202
1 4661 1605 116.221
1 4662 1605 116.238
1 4661 1605 116.259
1 4661 1606 116.281
1 4660 1606 116.298
1 4660 1606 116.319
1 4659 1606 116.339
1 4659 1606 116.358
1 4659 1606 116.379
1 4658 1607 116.399
1 4658 1607 116.418
1 4659 1607 116.439
1 4659 1607 116.459
1 4659 1607 116.481
1 4660 1607 116.499
1 4661 1607 116.518
1 4661 1607 116.539
1 4660 1607 116.559
1 4660 1607 116.579
1 4660 1607 116.599
1 4661 1607 116.619
1 4662 1607 116.642
1 4662 1607 116.66
1 4661 1608 116.679
1 4660 1608 116.698
1 4659 1608 116.718
1 4658 1608 116.738
1 4656 1608 116.759
1 4654 1608 116.779
1 4653 1608 116.798
1 4651 1608 116.818
1 4650 1608 116.839
1 4648 1608 116.858
1 4647 1608 116.878
1 4645 1609 116.899
1 4643 1609 116.918
1 4641 1609 116.939
1 4641 1609 116.958
1 4641 1609 116.98
1 4640 1609 117
1 4641 1609 117.018
1 4641 1609 117.038
1 4641 1609 117.059
1 4641 1609 117.079
1 4641 1609 117.099
1 4641 1609 117.119
1 4642 1609 117.139
1 4643 1609 117.16
1 4644 1609 117.179
1 4646 1609 117.199
1 4647 1609 117.219
1 4648 1609 117.239
1 4649 1610 117.258
1 4649 1610 117.28
1 4647 1610 117.299
1 4647 1610 117.319
1 4646 1610 117.339
1 4644 1610 117.36
1 4642 1610 117.38
1 4640 1610 117.4
1 4637 1610 117.42
1 4635 1610 117.44
1 4632 1610 117.459
1 4631 1610 117.48
1 4630 1611 117.501
1 4630 1611 117.52
1 4628 1611 117.539
1 4626 1611 117.562
1 4625 1611 117.579
1 4625 1611 117.599
1 4625 1612 117.619
1 4624 1612 117.639
1 4625 1612 117.658
1 4624 1612 117.68
1 4624 1613 117.7
1 4625 1613 117.719
1 4624 1613 117.739
1 4623 1613 117.758
1 4623 1613 117.779
1 4621 1613 117.8
1 4621 1613 117.819
1 4620 1613 117.839
1 4620 1613 117.859
1 4620 1613 117.88
1 4620 1613 117.899
1 4620 1613 117.92
1 4620 1613 117.939
1 4619 1613 117.96
1 4620 1614 117.979
1 4620 1614 118.001
1 4620 1614 118.02
1 4621 1614 118.04
1 4621 1614 118.06
1 4621 1614 118.083
1 4622 1614 118.099
1 4622 1614 118.12
1 4621 1614 118.141
1 4620 1614 118.158
1 4621 1614 118.18
1 4622 1614 118.199
1 4624 1615 118.219
1 4626 1615 118.239
1 4626 1615 118.26
1 4625 1616 118.28
1 4622 1616 118.301
1 4617 1617 118.319
1 4613 1617 118.339
1 4610 1617 118.359
1 4607 1617 118.379
1 4606 1617 118.399
1 4605 1617 118.42
1 4605 1617 118.439
1 4604 1617 118.46
1 4604 1617 118.479
1 4605 1617 118.501
1 4605 1617 118.519
1 4605 1617 118.54
1 4605 1618 118.56
1 4606 1618 118.58
1 4606 1618 118.599
1 4606 1618 118.621
1 4607 1618 118.641
1 4607 1618 118.659
1 4608 1618 118.679
1 4608 1618 118.699
1 4608 1618 118.72
1 4608 1618 118.739
0 4647 1618 119.859
0 4650 1618 119.879
0 4654 1618 119.899
0 4658 1617 119.919
0 4662 1617 119.939
0 4668 1617 119.959
0 4675 1617 119.978
0 4685 1617 119.999
0 4695 1617 120.019
0 4708 1617 120.039
0 4720 1616 120.058
0 4735 1616 120.079
0 4748 1616 120.099
0 4762 1616 120.119
0 4774 1615 120.14
0 4784 1615 120.159
0 4791 1615 120.179
0 4796 1615 120.2
0 4799 1615 120.22
0 4801 1615 120.239
0 4803 1615 120.259
0 4805 1615 120.28
0 4806 1615 120.299
0 4809 1615 120.32
0 4811 1615 120.34
0 4813 1615 120.359
0 4814 1615 120.379
0 4815 1615 120.4
0 4816 1615 120.419
0 4818 1615 120.44
0 4819 1615 120.459
0 4821 1615 120.479
0 4823 1615 120.499
0 4826 1615 120.521
0 4828 1615 120.54
0 4831 1615 120.559
0 4833 1615 120.579
0 4836 1615 120.599
0 4837 1615 120.619
0 4840 1615 120.639
0 4843 1615 120.659
0 4847 1615 120.679
0 4852 1615 120.699
0 4857 1615 120.719
0 4863 1615 120.739
0 4870 1615 120.758
0 4877 1615 120.779
0 4884 1614 120.799
0 4893 1614 120.819
0 4901 1614 120.84
0 4909 1614 120.859
0 4918 1614 120.879
0 4926 1614 120.899
0 4933 1613 120.919
0 4942 1613 120.94
0 4950 1613 120.959
0 4959 1613 120.979
0 4969 1613 120.999
0 4979 1612 121.019
0 4990 1612 121.039
0 5001 1612 121.059
0 5011 1612 121.079
0 5019 1611 121.1
0 5028 1611 121.119
0 5034 1611 121.139
0 5040 1611 121.159
0 5045 1611 121.179
0 5049 1611 121.199
0 5052 1611 121.219
0 5054 1610 121.24
0 5055 1610 121.259
0 5055 1610 121.279
0 5056 1610 121.3
0 5056 1610 121.321
0 5057 1610 121.339
0 5057 1610 121.36
0 5058 1610 121.379
0 5058 1610 121.4
0 5058 1611 121.42
0 5059 1611 121.439
0 5059 1611 121.459
0 5059 1611 121.479
0 5060 1611 121.499
0 5061 1611 121.519
0 5062 1611 121.541
0 5064 1610 121.56
0 5066 1610 121.579
0 5069 1610 121.6
0 5072 1610 121.62
0 5076 1610 121.639
0 5081 1610 121.659
0 5086 1610 121.68
0 5091 1610 121.699
0 5095 1610 121.719
0 5099 1610 121.739
0 5103 1610 121.759
0 5105 1610 121.779
0 5107 1610 121.8
0 5109 1610 121.819
0 5110 1610 121.84
0 5112 1609 121.858
0 5114 1609 121.879
0 5115 1609 121.899
0 5116 1609 121.919
0 5117 1609 121.939
0 5120 1609 121.959
0 5122 1609 121.978
0 5124 1609 121.999
0 5127 1609 122.019
0 5129 1609 122.039
0 5132 1609 122.06
0 5135 1609 122.079
0 5138 1609 122.099
0 5140 1609 122.119
0 5143 1609 122.139
0 5144 1609 122.159
0 5145 1609 122.179
0 5146 1609 122.198
0 5146 1609 122.219
0 5148 1609 122.239
0 5149 1609 122.259
0 5151 1609 122.28
0 5153 1609 122.298
0 5157 1609 122.319
0 5160 1609 122.34
0 5165 1608 122.358
0 5170 1608 122.378
0 5176 1608 122.399
0 5181 1608 122.418
0 5188 1608 122.439
0 5195 1608 122.46
0 5200 1608 122.478
0 5205 1608 122.499
0 5209 1607 122.52
0 5213 1607 122.539
0 5216 1607 122.559
0 5218 1607 122.58
0 5220 1607 122.599
0 5222 1607 122.619
0 5224 1607 122.64
0 5225 1607 122.659
0 5225 1607 122.679
0 5226 1607 122.699
0 5228 1607 122.719
0 5229 1607 122.739
0 5231 1607 122.759
0 5234 1607 122.78
0 5237 1607 122.799
0 5240 1607 122.819
0 5243 1607 122.839
0 5245 1607 122.866
0 5247 1607 122.882
0 5248 1607 122.9
0 5249 1607 122.919
0 5250 1607 122.939
0 5250 1607 122.961
0 5251 1607 122.979
0 5251 1607 122.999
0 5252 1607 123.019
0 5252 1607 123.039
0 5253 1607 123.059
0 5253 1607 123.078
0 5255 1607 123.1
0 5257 1607 123.119
0 5262 1607 123.139
0 5268 1607 123.16
0 5276 1607 123.179
0 5284 1607 123.199
0 5293 1606 123.219
0 5301 1606 123.239
0 5308 1606 123.26
0 5315 1606 123.278
0 5323 1606 123.299
0 5332 1606 123.319
0 5340 1605 123.339
0 5346 1605 123.359
0 5352 1605 123.378
0 5357 1605 123.399
0 5361 1605 123.419
0 5365 1605 123.439
0 5369 1605 123.46
0 5371 1605 123.479
0 5374 1605 123.499
0 5376 1605 123.518
0 5378 1605 123.539
0 5380 1605 123.56
0 5382 1605 123.578
0 5383 1605 123.598
0 5385 1605 123.619
0 5387 1605 123.641
0 5388 1605 123.661
0 5389 1605 123.681
0 5389 1605 123.699
0 5390 1605 123.719
0 5390 1605 123.739
0 5391 1605 123.759
0 5391 1605 123.778
0 5392 1605 123.799
0 5392 1605 123.819
0 5393 1605 123.839
0 5394 1605 123.86
0 5395 1605 123.879
0 5397 1605 123.899
0 5399 1605 123.92
0 5401 1605 123.939
0 5405 1604 123.96
0 5408 1604 123.979
0 5411 1604 123.999
0 5415 1604 124.021
0 5419 1604 124.039
0 5423 1604 124.058
0 5427 1604 124.079
0 5430 1604 124.099
0 5435 1604 124.118
0 5439 1604 124.139
0 5445 1603 124.159
0 5449 1603 124.179
0 5454 1603 124.199
0 5459 1603 124.219
0 5461 1603 124.239
0 5463 1603 124.259
0 5465 1603 124.278
0 5466 1603 124.299
0 5467 1603 124.319
0 5467 1603 124.339
0 5468 1603 124.359
0 5468 1603 124.379
0 5469 1603 124.399
0 5469 1603 124.42
0 5469 1603 124.44
0 5469 1603 124.46
0 5469 1603 124.479
0 5470 1603 124.5
0 5471 1603 124.519
0 5472 1603 124.539
0 5472 1603 124.559
0 5474 1603 124.579
0 5475 1603 124.599
0 5478 1603 124.619
0 5480 1603 124.639
0 5485 1603 124.661
0 5491 1602 124.679
0 5496 1602 124.7
0 5501 1602 124.719
0 5507 1602 124.739
0 5511 1602 124.759
0 5514 1602 124.779
0 5517 1602 124.799
0 5519 1602 124.819
0 5520 1602 124.839
0 5521 1602 124.859
0 5522 1602 124.879
0 5522 1602 124.899
0 5522 1602 124.918
0 5522 1602 124.939
0 5523 1602 124.959
0 5523 1602 124.979
0 5523 1602 124.999
0 5524 1602 125.019
0 5524 1602 125.039
0 5524 1602 125.059
0 5524 1602 125.079
