0 259 1499 54.8615
0 259 1499 54.8815
0 259 1499 54.9016
0 259 1499 54.9216
0 259 1499 54.9416
0 259 1499 54.9625
0 259 1499 54.9826
0 259 1499 55.0015
0 259 1499 55.0216
0 259 1499 55.0415
0 259 1499 55.0616
0 259 1499 55.0826
0 259 1499 55.1026
0 259 1499 55.1235
0 259 1499 55.1415
0 259 1499 55.1624
0 259 1499 55.1813
0 259 1499 55.2024
0 259 1499 55.2223
0 259 1499 55.2425
0 259 1499 55.2614
0 259 1499 55.2814
0 259 1499 55.3014
0 259 1499 55.3213
0 259 1499 55.3414
0 259 1499 55.3623
0 259 1499 55.3823
0 259 1499 55.4014
0 259 1499 55.4223
0 259 1499 55.4423
0 259 1499 55.4622
0 259 1499 55.4824
0 259 1499 55.5022
0 259 1499 55.5224
0 259 1499 55.5422
0 259 1499 55.5624
0 259 1499 55.5823
0 259 1499 55.6023
0 259 1499 55.6222
0 259 1499 55.6423
0 259 1499 55.6623
0 259 1499 55.6823
0 259 1499 55.7023
0 259 1499 55.7222
0 259 1499 55.7422
0 259 1499 55.7625
0 259 1499 55.7821
0 259 1499 55.8021
0 259 1499 55.8222
0 259 1499 55.842
0 259 1499 55.862
0 259 1499 55.882
0 260 1499 55.902
0 261 1499 55.9221
0 262 1500 55.9421
0 262 1500 55.9621
0 262 1500 55.982
0 263 1500 56.0021
0 263 1499 56.022
0 263 1499 56.042
0 263 1499 56.062
0 264 1499 56.083
0 264 1499 56.1019
0 264 1499 56.1219
0 264 1499 56.1419
0 264 1499 56.1619
0 264 1499 56.182
0 264 1499 56.2019
0 265 1499 56.2219
0 265 1499 56.2418
0 266 1499 56.2618
0 270 1500 56.2818
0 273 1500 56.3018
0 275 1500 56.3218
0 276 1500 56.3438
0 277 1500 56.3618
0 277 1500 56.3818
0 278 1500 56.4018
0 280 1500 56.4218
0 283 1500 56.4418
0 286 1499 56.4618
0 290 1499 56.482
0 293 1499 56.5016
0 296 1499 56.5218
0 299 1500 56.5419
0 301 1500 56.5618
0 305 1500 56.5816
0 308 1500 56.6018
0 312 1500 56.6217
0 314 1500 56.6418
0 315 1500 56.6616
0 316 1500 56.6817
0 317 1500 56.7016
0 317 1500 56.7217
0 318 1500 56.7417
0 318 1500 56.7618
0 318 1500 56.7815
0 318 1500 56.8017
0 318 1500 56.8225
0 318 1500 56.8426
0 318 1500 56.8615
0 318 1500 56.8816
0 318 1500 56.9016
0 320 1500 56.9217
0 323 1500 56.9415
0 326 1500 56.9616
0 330 1500 56.9815
0 334 1500 57.0017
0 337 1500 57.0215
0 339 1500 57.0416
0 342 1500 57.0615
0 345 1500 57.0824
0 348 1500 57.1024
0 351 1500 57.1224
0 353 1500 57.1424
0 354 1500 57.1625
0 354 1500 57.1829
0 355 1500 57.2023
0 355 1500 57.2229
0 357 1500 57.2433
0 358 1500 57.2626
0 360 1500 57.2824
0 361 1500 57.3024
0 365 1500 57.3224
0 372 1500 57.3422
0 380 1500 57.3622
0 390 1500 57.3822
0 401 1500 57.4103
0 410 1500 57.4233
0 416 1500 57.4423
0 421 1500 57.4624
0 425 1500 57.4822
0 429 1500 57.5024
0 433 1500 57.5222
0 436 1500 57.5424
0 440 1500 57.5622
0 445 1499 57.5822
0 450 1499 57.6022
0 454 1499 57.6221
0 458 1499 57.6421
0 460 1499 57.6621
0 462 1499 57.6822
0 464 1499 57.7021
0 465 1499 57.7221
0 466 1499 57.7421
0 467 1499 57.7621
0 467 1499 57.7827
0 467 1499 57.8021
0 468 1499 57.8221
0 470 1499 57.8421
0 473 1498 57.8621
0 477 1498 57.8821
0 485 1498 57.9021
0 497 1498 57.9221
0 511 1498 57.9421
0 530 1498 57.9621
0 550 1498 57.982
0 572 1499 58.002
0 595 1499 58.022
0 617 1499 58.0422
0 633 1499 58.062
0 643 1499 58.082
0 650 1499 58.1021
0 654 1499 58.122
0 657 1499 58.142
0 658 1499 58.1618
0 659 1499 58.1819
0 660 1499 58.2018
0 660 1499 58.2219
0 660 1499 58.2418
0 661 1499 58.2618
0 661 1499 58.2818
0 661 1499 58.3018
0 661 1499 58.3218
0 661 1499 58.3418
0 661 1499 58.3618
0 661 1499 58.3818
0 661 1499 58.402
0 661 1499 58.4218
0 661 1499 58.4444
0 662 1499 58.4609
0 662 1499 58.4817
0 662 1499 58.5018
0 662 1499 58.5217
0 662 1499 58.5417
0 662 1499 58.5617
0 663 1499 58.5817
0 663 1499 58.6017
0 663 1499 58.6217
0 664 1499 58.6417
0 665 1499 58.6617
0 666 1499 58.6817
0 668 1499 58.7017
0 669 1499 58.7216
0 670 1499 58.7416
0 672 1499 58.7615
0 673 1499 58.7815
0 674 1499 58.8016
0 676 1499 58.8215
0 677 1499 58.8416
0 678 1499 58.8615
0 680 1499 58.8816
0 685 1500 58.9016
0 693 1500 58.9216
0 705 1500 58.9415
0 720 1500 58.9616
0 738 1501 58.9816
0 759 1501 59.0024
0 781 1502 59.0215
0 800 1503 59.0415
0 814 1503 59.0615
0 823 1503 59.0824
0 828 1504 59.1014
0 832 1504 59.1225
0 834 1504 59.1414
0 836 1504 59.1616
0 837 1504 59.1814
0 838 1504 59.2015
0 838 1504 59.2214
0 838 1504 59.2424
0 838 1504 59.2624
0 839 1504 59.2824
0 839 1504 59.3023
0 839 1504 59.3223
0 839 1504 59.3425
0 839 1504 59.3632
0 839 1504 59.3827
0 839 1504 59.4023
0 839 1504 59.4255
0 839 1504 59.4414
0 839 1504 59.4625
0 839 1504 59.4824
0 839 1504 59.5023
0 839 1504 59.5224
0 839 1504 59.5423
0 839 1504 59.5621
0 839 1504 59.5822
0 839 1504 59.6021
0 839 1504 59.6221
0 839 1504 59.6422
0 839 1504 59.6622
0 839 1504 59.6822
0 839 1504 59.7021
0 839 1504 59.7222
0 839 1504 59.7421
0 839 1504 59.7621
0 839 1504 59.7822
0 839 1504 59.8024
0 839 1504 59.822
0 839 1504 59.842
0 839 1504 59.8621
0 839 1504 59.882
0 839 1504 59.902
0 839 1504 59.922
0 839 1504 59.9421
0 839 1504 59.962
0 839 1504 59.9822
0 839 1504 60.0022
0 839 1504 60.0231
0 840 1504 60.042
0 841 1504 60.062
0 842 1504 60.0821
0 843 1503 60.102
0 845 1503 60.122
0 848 1503 60.1426
0 851 1503 60.1619
0 856 1503 60.182
0 861 1502 60.2019
0 865 1502 60.2219
0 867 1502 60.2419
0 869 1502 60.2619
0 870 1502 60.2819
0 872 1502 60.3021
0 876 1502 60.3219
0 879 1502 60.3417
0 881 1501 60.362
0 882 1501 60.3818
0 883 1501 60.4019
0 885 1501 60.4218
0 890 1502 60.4418
0 898 1502 60.4617
0 908 1502 60.4818
0 918 1503 60.5017
0 928 1503 60.5218
0 939 1503 60.5418
0 949 1504 60.5618
0 957 1504 60.5817
0 963 1504 60.6017
0 966 1504 60.6216
0 970 1504 60.6416
0 972 1504 60.6617
0 973 1504 60.6816
0 974 1504 60.7016
0 976 1504 60.7216
0 978 1504 60.7416
0 981 1504 60.7616
0 983 1504 60.7816
0 985 1504 60.8016
0 986 1504 60.8218
0 987 1504 60.8416
0 988 1504 60.8616
0 991 1504 60.8817
0 995 1503 60.9016
0 1000 1503 60.9215
0 1005 1503 60.9415
0 1010 1503 60.9625
0 1016 1504 60.9814
0 1023 1504 61.0025
0 1029 1504 61.0215
0 1035 1504 61.0425
0 1041 1504 61.0625
0 1046 1504 61.0827
0 1050 1504 61.1025
0 1054 1504 61.1216
0 1062 1504 61.1425
0 1073 1504 61.1626
0 1087 1504 61.1824
0 1102 1504 61.2024
0 1117 1504 61.2224
0 1132 1505 61.2434
0 1145 1505 61.2623
0 1156 1505 61.2824
0 1165 1505 61.3024
0 1170 1505 61.3224
0 1174 1505 61.3423
0 1177 1505 61.3624
0 1181 1505 61.3823
0 1184 1505 61.4023
0 1186 1505 61.4223
0 1187 1505 61.4422
0 1187 1505 61.4623
0 1188 1505 61.4823
0 1188 1505 61.5022
0 1190 1505 61.5222
0 1193 1505 61.5423
0 1196 1505 61.5623
0 1199 1505 61.5823
0 1202 1504 61.6023
0 1205 1504 61.6224
0 1209 1504 61.6422
0 1212 1504 61.6623
0 1216 1504 61.6821
0 1219 1504 61.7021
0 1221 1503 61.7221
0 1224 1503 61.7423
0 1228 1503 61.7621
0 1235 1503 61.7822
0 1247 1503 61.8021
0 1263 1503 61.8223
0 1282 1503 61.8421
0 1302 1504 61.8622
0 1321 1504 61.8821
0 1338 1504 61.9024
0 1352 1504 61.9228
0 1364 1504 61.9421
0 1374 1505 61.962
0 1382 1505 61.9819
0 1388 1505 62.0021
0 1392 1505 62.0219
0 1395 1505 62.0419
0 1398 1505 62.0619
0 1402 1505 62.082
0 1406 1505 62.1019
0 1412 1505 62.122
0 1418 1504 62.1419
0 1423 1504 62.1619
0 1428 1504 62.182
0 1432 1504 62.2019
0 1436 1504 62.222
0 1439 1504 62.2419
0 1441 1504 62.262
0 1442 1504 62.2819
0 1443 1504 62.303
0 1444 1504 62.3219
0 1446 1504 62.3418
0 1448 1504 62.3619
0 1451 1504 62.3818
0 1454 1503 62.4018
0 1458 1503 62.4219
0 1462 1503 62.4418
0 1467 1503 62.4618
0 1472 1503 62.4818
0 1476 1503 62.5019
0 1481 1502 62.5217
0 1485 1502 62.5417
0 1488 1502 62.5624
0 1491 1502 62.5817
0 1492 1502 62.6017
0 1495 1502 62.6227
0 1497 1502 62.6417
0 1499 1502 62.6618
0 1501 1502 62.6816
0 1505 1502 62.7018
0 1508 1501 62.7217
0 1511 1501 62.7418
0 1514 1501 62.7618
0 1516 1501 62.7817
0 1519 1501 62.8015
0 1521 1501 62.8216
0 1522 1501 62.8415
0 1524 1501 62.8616
0 1526 1501 62.8816
0 1528 1501 62.9017
0 1531 1501 62.9215
0 1534 1500 62.9418
0 1537 1500 62.9616
0 1540 1500 62.9815
0 1543 1500 63.0015
0 1548 1500 63.0215
0 1558 1500 63.0426
0 1572 1501 63.0615
0 1591 1501 63.0824
0 1613 1501 63.1024
0 1636 1502 63.1225
0 1659 1502 63.1424
0 1679 1502 63.1625
0 1695 1502 63.1824
0 1707 1502 63.2026
0 1717 1502 63.2224
0 1724 1502 63.2425
0 1731 1502 63.2624
0 1735 1502 63.2824
0 1739 1502 63.3024
0 1741 1502 63.3225
0 1742 1502 63.3424
0 1744 1502 63.3623
0 1745 1502 63.3823
0 1746 1502 63.4014
0 1747 1502 63.4223
0 1747 1502 63.4424
0 1748 1502 63.4623
0 1748 1502 63.4823
0 1749 1502 63.5023
0 1750 1502 63.5223
0 1751 1502 63.5423
0 1752 1502 63.5625
0 1753 1502 63.5823
0 1753 1502 63.6023
0 1754 1502 63.6221
0 1755 1502 63.6422
0 1756 1502 63.6621
0 1758 1502 63.6842
0 1760 1502 63.7021
0 1763 1502 63.7222
0 1766 1502 63.7421
0 1769 1502 63.7622
0 1772 1502 63.7823
0 1776 1501 63.8022
0 1779 1501 63.8223
0 1783 1501 63.8422
0 1789 1501 63.8621
0 1798 1501 63.8839
0 1807 1501 63.902
0 1816 1501 63.922
0 1823 1501 63.942
0 1827 1501 63.962
0 1830 1501 63.9822
0 1832 1501 64.002
0 1836 1501 64.0222
0 1840 1501 64.042
0 1845 1501 64.062
0 1851 1501 64.0821
0 1857 1501 64.1033
0 1863 1501 64.1223
0 1868 1501 64.1431
0 1872 1501 64.162
0 1876 1501 64.1821
0 1879 1501 64.2022
0 1882 1501 64.2218
0 1884 1501 64.2419
0 1886 1501 64.2619
0 1887 1501 64.2819
0 1888 1501 64.3019
0 1889 1501 64.322
0 1890 1501 64.3429
0 1891 1501 64.3619
0 1892 1501 64.3819
0 1893 1501 64.402
0 1894 1501 64.4219
0 1895 1501 64.4419
0 1895 1501 64.462
0 1896 1501 64.4819
0 1896 1501 64.5019
0 1897 1501 64.5219
0 1899 1501 64.5419
0 1899 1501 64.5617
0 1900 1501 64.5818
0 1900 1501 64.6017
0 1901 1501 64.6227
0 1901 1501 64.6417
0 1902 1501 64.6628
0 1903 1501 64.6817
0 1904 1501 64.7018
0 1905 1501 64.7217
0 1907 1501 64.7417
0 1908 1501 64.7616
0 1910 1501 64.7826
0 1912 1501 64.8016
0 1915 1500 64.8218
0 1917 1500 64.8416
0 1919 1500 64.8617
0 1921 1500 64.8816
0 1923 1500 64.9027
0 1924 1500 64.9217
0 1926 1500 64.9406
0 1929 1500 64.9607
0 1931 1500 64.9817
0 1935 1500 65.0005
0 1939 1499 65.0215
0 1947 1499 65.0415
0 1957 1499 65.0615
0 1970 1499 65.0817
0 1985 1499 65.1017
0 1999 1499 65.1216
0 2011 1499 65.1418
0 2020 1499 65.1615
0 2026 1499 65.1818
0 2030 1499 65.2015
0 2033 1499 65.2217
0 2034 1499 65.2415
0 2035 1499 65.2616
0 2036 1499 65.2814
0 2036 1499 65.3016
0 2036 1499 65.3214
0 2037 1499 65.3415
0 2038 1499 65.3614
0 2040 1499 65.3816
0 2043 1499 65.4014
0 2046 1499 65.4213
0 2051 1499 65.4414
0 2063 1498 65.4614
0 2080 1498 65.4814
0 2100 1498 65.5014
0 2121 1497 65.5214
0 2137 1497 65.5413
0 2150 1497 65.5614
0 2159 1497 65.5813
0 2167 1498 65.6013
0 2172 1498 65.6213
0 2177 1498 65.6413
0 2179 1498 65.6613
0 2181 1498 65.6812
0 2182 1498 65.7012
0 2183 1498 65.7212
0 2184 1498 65.7413
0 2184 1498 65.7613
0 2185 1498 65.7813
0 2186 1498 65.8011
0 2187 1498 65.8212
0 2187 1498 65.8411
0 2188 1498 65.8611
0 2189 1498 65.8812
0 2190 1498 65.9011
0 2191 1498 65.9212
0 2192 1498 65.9411
0 2193 1498 65.9611
0 2197 1498 65.9811
0 2203 1499 66.0011
0 2213 1499 66.0211
0 2227 1499 66.0411
0 2244 1499 66.0611
0 2261 1499 66.081
0 2280 1499 66.1009
0 2297 1500 66.121
0 2311 1500 66.141
0 2321 1500 66.161
0 2328 1500 66.181
0 2333 1500 66.201
0 2335 1500 66.2209
0 2337 1500 66.241
0 2338 1500 66.261
0 2338 1500 66.281
0 2339 1500 66.3011
0 2340 1500 66.321
0 2341 1500 66.3409
0 2343 1500 66.3609
0 2345 1500 66.3808
0 2348 1499 66.4019
0 2352 1499 66.4209
0 2356 1499 66.441
0 2360 1499 66.4608
0 2363 1499 66.4809
0 2366 1499 66.5008
0 2368 1499 66.521
0 2369 1499 66.5408
0 2371 1499 66.561
0 2371 1499 66.5809
0 2372 1499 66.6008
0 2372 1499 66.6209
0 2373 1499 66.6411
0 2374 1499 66.6609
0 2376 1499 66.681
0 2378 1499 66.7008
0 2380 1499 66.7218
0 2382 1499 66.7407
0 2384 1498 66.7617
0 2387 1498 66.7817
0 2389 1498 66.8008
0 2391 1498 66.8207
0 2392 1498 66.8408
0 2393 1498 66.8607
0 2395 1498 66.8808
0 2396 1498 66.9016
0 2398 1498 66.9216
0 2398 1498 66.9415
0 2399 1498 66.9616
0 2400 1498 66.9816
0 2401 1498 67.0017
0 2402 1498 67.0216
0 2403 1498 67.0417
0 2405 1498 67.0615
0 2407 1498 67.0816
0 2409 1498 67.1015
0 2412 1498 67.1216
0 2415 1498 67.1416
0 2418 1498 67.1617
0 2421 1498 67.1815
0 2424 1498 67.2016
0 2427 1497 67.2214
0 2432 1497 67.2415
0 2437 1497 67.2615
0 2442 1497 67.2815
0 2445 1497 67.3015
0 2448 1497 67.3216
0 2450 1497 67.3414
0 2452 1497 67.3615
0 2453 1497 67.3814
0 2455 1497 67.4014
0 2456 1497 67.4214
0 2457 1497 67.4413
0 2458 1497 67.4614
0 2460 1497 67.4815
0 2461 1497 67.5013
0 2463 1497 67.5213
0 2464 1497 67.5413
0 2465 1497 67.5613
0 2466 1497 67.5813
0 2467 1497 67.6013
0 2467 1497 67.6213
0 2468 1497 67.6414
0 2468 1497 67.6614
0 2469 1497 67.6814
0 2469 1497 67.7014
0 2469 1497 67.7213
0 2470 1497 67.7412
0 2471 1497 67.7612
0 2471 1497 67.7812
0 2471 1497 67.8014
0 2474 1497 67.8212
0 2480 1497 67.8412
0 2489 1497 67.8613
0 2500 1498 67.8813
0 2510 1498 67.9011
0 2520 1498 67.9213
0 2527 1498 67.9412
0 2531 1498 67.9613
0 2534 1499 67.9811
0 2536 1499 68.0012
0 2537 1499 68.0211
0 2539 1499 68.0412
0 2540 1499 68.061
0 2541 1499 68.0811
0 2542 1499 68.1011
0 2543 1499 68.1211
0 2544 1499 68.141
0 2546 1499 68.1614
0 2547 1499 68.181
0 2547 1499 68.2012
0 2548 1498 68.221
0 2549 1498 68.241
0 2550 1498 68.2609
0 2550 1498 68.2809
0 2550 1498 68.3009
0 2551 1498 68.3209
0 2551 1498 68.3409
0 2552 1498 68.3609
0 2553 1498 68.3809
0 2555 1498 68.4009
0 2557 1498 68.4209
0 2560 1498 68.4419
0 2564 1498 68.4609
0 2569 1498 68.4809
0 2573 1497 68.5009
0 2578 1497 68.521
0 2582 1497 68.5408
0 2587 1497 68.561
0 2592 1497 68.5808
0 2596 1496 68.6008
0 2601 1496 68.6208
0 2605 1496 68.6408
0 2608 1496 68.6608
0 2610 1496 68.6807
0 2611 1496 68.7008
0 2612 1496 68.7208
0 2612 1496 68.7409
0 2613 1496 68.7608
0 2613 1496 68.7808
0 2613 1496 68.8007
0 2613 1496 68.8218
0 2614 1496 68.8407
0 2614 1496 68.8618
0 2614 1496 68.8818
0 2614 1496 68.9018
0 2615 1496 68.9217
0 2616 1496 68.9416
0 2617 1496 68.9618
0 2617 1496 68.9816
0 2618 1496 69.0016
0 2619 1496 69.0216
0 2620 1496 69.0416
0 2622 1496 69.0616
0 2626 1496 69.0826
0 2630 1495 69.1005
0 2634 1495 69.1215
0 2637 1495 69.1415
0 2639 1495 69.1623
0 2641 1495 69.1846
0 2642 1495 69.2022
0 2643 1495 69.2242
0 2644 1495 69.2427
0 2644 1495 69.2616
0 2645 1495 69.2815
0 2645 1495 69.3025
0 2648 1495 69.3215
0 2654 1496 69.3415
0 2662 1496 69.3614
0 2673 1496 69.3814
0 2683 1496 69.4013
0 2694 1497 69.4214
0 2704 1497 69.4415
0 2716 1498 69.4615
0 2728 1498 69.4813
0 2740 1498 69.5015
0 2750 1499 69.5213
0 2757 1499 69.5414
0 2761 1499 69.5614
0 2764 1499 69.5814
0 2765 1499 69.6014
0 2766 1499 69.6214
0 2767 1499 69.6413
0 2767 1499 69.6613
0 2767 1499 69.6813
0 2767 1499 69.7013
0 2767 1499 69.7215
0 2767 1499 69.7413
1 2771 1500 70.9417
1 2771 1500 70.9618
1 2771 1500 70.9838
1 2771 1500 71.0018
1 2771 1500 71.0217
1 2771 1500 71.0417
1 2771 1500 71.0617
1 2771 1500 71.0818
1 2771 1500 71.1016
1 2771 1500 71.1215
1 2771 1500 71.1417
1 2771 1500 71.1616
1 2771 1500 71.1816
1 2771 1500 71.2026
1 2771 1500 71.2216
1 2771 1500 71.2415
1 2771 1500 71.2614
1 2771 1500 71.2814
1 2771 1500 71.3015
1 2771 1500 71.3215
1 2771 1500 71.3417
1 2771 1500 71.3616
1 2771 1500 71.3816
1 2770 1500 71.4014
1 2769 1500 71.4214
1 2769 1500 71.4426
1 2768 1500 71.4615
1 2768 1500 71.4814
1 2768 1500 71.5014
1 2768 1500 71.5218
1 2768 1500 71.5413
1 2768 1500 71.5614
1 2768 1500 71.5824
1 2768 1500 71.6017
1 2768 1500 71.6214
1 2768 1500 71.6413
1 2768 1500 71.6614
1 2768 1500 71.6814
1 2768 1500 71.7023
1 2768 1500 71.7223
1 2768 1500 71.7413
1 2767 1500 71.7614
1 2767 1500 71.7813
1 2767 1500 71.8012
1 2767 1500 71.8212
1 2766 1500 71.8412
1 2766 1500 71.8611
1 2766 1500 71.8812
1 2766 1500 71.9022
1 2766 1500 71.9223
1 2766 1500 71.9414
1 2766 1500 71.9612
1 2766 1500 71.9812
1 2765 1500 72.0011
1 2765 1500 72.0211
1 2763 1500 72.0412
1 2762 1500 72.0612
1 2761 1500 72.0812
1 2759 1500 72.101
1 2758 1501 72.121
1 2756 1501 72.1411
1 2753 1501 72.1611
1 2751 1501 72.1811
1 2747 1501 72.2012
1 2745 1501 72.221
1 2742 1501 72.241
1 2740 1502 72.2613
1 2738 1502 72.281
1 2736 1502 72.301
1 2734 1502 72.3221
1 2733 1502 72.3422
1 2732 1502 72.361
1 2731 1502 72.381
1 2730 1502 72.401
1 2729 1502 72.4219
1 2728 1502 72.4421
1 2727 1502 72.461
1 2725 1502 72.482
1 2723 1502 72.5009
1 2721 1503 72.5209
1 2719 1503 72.5401
1 2715 1503 72.561
1 2712 1503 72.582
1 2709 1503 72.602
1 2707 1503 72.622
1 2705 1503 72.6429
1 2704 1503 72.6629
1 2702 1504 72.6818
1 2700 1504 72.7028
1 2699 1504 72.7219
1 2697 1504 72.7418
1 2695 1504 72.7618
1 2693 1504 72.7819
1 2691 1504 72.8019
1 2687 1504 72.8218
1 2684 1504 72.8418
1 2681 1505 72.8609
1 2678 1505 72.8818
1 2675 1505 72.9018
1 2672 1505 72.9219
1 2669 1505 72.9418
1 2665 1505 72.9618
1 2662 1506 72.9817
1 2659 1506 73.0018
1 2655 1506 73.0217
1 2651 1506 73.0448
1 2647 1506 73.0616
1 2644 1507 73.0816
1 2641 1507 73.1016
1 2639 1507 73.1216
1 2638 1507 73.1416
1 2636 1507 73.1617
1 2636 1507 73.1817
1 2635 1507 73.2017
1 2635 1507 73.2217
1 2635 1507 73.2417
1 2634 1507 73.2618
1 2634 1507 73.2817
1 2635 1507 73.3016
1 2640 1507 73.3215
1 2647 1508 73.3415
1 2657 1508 73.3615
1 2669 1508 73.3816
1 2680 1509 73.4016
1 2691 1509 73.4216
1 2699 1510 73.4417
1 2703 1510 73.4616
1 2705 1510 73.4814
1 2706 1510 73.5014
1 2706 1510 73.5215
1 2704 1510 73.5414
1 2702 1510 73.5624
1 2699 1511 73.5823
1 2696 1511 73.6014
1 2693 1511 73.6224
1 2690 1511 73.6424
1 2687 1511 73.6614
1 2682 1511 73.6814
1 2679 1512 73.7013
1 2674 1512 73.7215
1 2670 1512 73.7413
1 2667 1512 73.7613
1 2663 1512 73.7813
1 2659 1513 73.8013
1 2655 1513 73.8212
1 2650 1513 73.8412
1 2645 1513 73.8614
1 2639 1514 73.8814
1 2633 1514 73.9013
1 2626 1514 73.9212
1 2619 1514 73.9413
1 2611 1515 73.9613
1 2603 1515 73.9812
1 2596 1516 74.0012
1 2589 1516 74.0226
1 2583 1516 74.0411
1 2578 1516 74.0611
1 2573 1517 74.088
1 2568 1517 74.1051
1 2565 1517 74.1211
1 2562 1517 74.1412
1 2560 1517 74.1611
1 2558 1517 74.1812
1 2557 1517 74.2011
1 2557 1517 74.2212
1 2556 1517 74.2411
1 2555 1518 74.2611
1 2552 1518 74.2811
1 2550 1518 74.3011
1 2546 1518 74.3209
1 2542 1518 74.3409
1 2537 1518 74.361
1 2534 1519 74.381
1 2534 1519 74.401
1 2537 1519 74.4219
1 2544 1520 74.4419
1 2553 1520 74.4621
1 2562 1521 74.481
1 2572 1521 74.5009
1 2582 1522 74.5219
1 2591 1522 74.542
1 2601 1523 74.5619
1 2610 1523 74.5819
1 2620 1523 74.6018
1 2628 1524 74.6222
1 2638 1524 74.6418
1 2649 1525 74.6623
1 2661 1525 74.6818
1 2673 1526 74.7022
1 2686 1526 74.7218
1 2698 1527 74.7418
1 2709 1527 74.7618
1 2718 1528 74.7819
1 2726 1528 74.8018
1 2731 1528 74.8218
1 2734 1528 74.8418
1 2737 1528 74.8617
1 2738 1528 74.8817
1 2739 1528 74.9018
1 2740 1528 74.9217
1 2740 1528 74.9417
1 2740 1528 74.9617
1 2741 1528 74.9817
1 2741 1528 75.0017
1 2741 1528 75.0217
1 2741 1528 75.0417
1 2741 1528 75.0617
1 2741 1528 75.0817
1 2741 1528 75.1017
1 2741 1528 75.1216
1 2741 1528 75.1416
1 2741 1528 75.1616
1 2741 1528 75.1815
1 2741 1528 75.2015
1 2741 1529 75.2215
1 2739 1529 75.2415
1 2738 1529 75.2626
1 2737 1529 75.2816
1 2736 1529 75.3015
1 2735 1529 75.3215
1 2734 1529 75.3416
1 2734 1529 75.3616
1 2735 1529 75.3816
1 2737 1529 75.4016
1 2741 1529 75.4216
1 2747 1530 75.4415
1 2753 1530 75.4616
1 2759 1530 75.4814
1 2764 1531 75.5016
1 2770 1531 75.5214
1 2775 1532 75.5414
1 2777 1532 75.5614
1 2777 1533 75.5814
1 2776 1533 75.6014
1 2776 1533 75.6214
1 2776 1534 75.6414
1 2778 1534 75.6616
1 2781 1534 75.6813
1 2783 1534 75.7013
1 2785 1534 75.7213
1 2788 1535 75.7412
1 2792 1535 75.7613
1 2796 1535 75.7812
1 2800 1535 75.8013
1 2804 1535 75.8212
1 2807 1536 75.8413
1 2809 1536 75.8613
1 2810 1536 75.8812
1 2811 1537 75.9013
1 2811 1537 75.9214
1 2811 1537 75.9413
1 2811 1537 75.9612
1 2810 1537 75.9811
1 2808 1537 76.0012
1 2805 1538 76.0211
1 2802 1538 76.0413
1 2800 1538 76.0611
1 2797 1538 76.0811
1 2794 1538 76.1011
1 2792 1538 76.1211
1 2791 1538 76.1412
1 2790 1538 76.1611
1 2789 1539 76.1821
1 2789 1539 76.2011
1 2789 1539 76.2211
1 2788 1539 76.2411
1 2788 1539 76.261
1 2789 1539 76.281
1 2789 1539 76.301
1 2789 1539 76.3211
1 2789 1539 76.3422
1 2789 1539 76.361
1 2788 1539 76.381
1 2788 1539 76.402
1 2787 1539 76.421
1 2786 1539 76.442
1 2785 1539 76.462
1 2785 1539 76.482
1 2784 1539 76.501
1 2783 1539 76.5219
1 2783 1539 76.5418
1 2781 1539 76.5619
1 2781 1539 76.5819
1 2779 1539 76.6019
1 2778 1539 76.6218
1 2776 1539 76.6419
1 2775 1540 76.6629
1 2774 1540 76.6821
1 2773 1540 76.7019
1 2773 1540 76.7219
1 2773 1540 76.7419
1 2773 1540 76.7619
1 2772 1540 76.7819
1 2772 1540 76.8017
1 2772 1540 76.8217
1 2772 1540 76.8417
1 2772 1540 76.8617
1 2772 1540 76.8817
1 2772 1540 76.9018
1 2772 1540 76.9217
1 2772 1540 76.9417
1 2772 1540 76.9617
1 2772 1540 76.9818
1 2772 1540 77.0017
1 2772 1540 77.0218
1 2772 1540 77.0417
1 2772 1540 77.0616
1 2772 1540 77.0816
1 2772 1540 77.1017
1 2772 1540 77.1216
1 2772 1540 77.1416
1 2772 1540 77.1627
1 2772 1540 77.1826
1 2772 1540 77.2016
1 2772 1540 77.2217
1 2772 1540 77.2416
1 2772 1540 77.2616
1 2772 1540 77.2816
1 2772 1540 77.3016
1 2772 1540 77.3216
1 2772 1540 77.3415
0 2773 1540 79.0616
0 2773 1540 79.0817
0 2773 1540 79.1016
0 2773 1540 79.1216
0 2773 1540 79.1417
0 2773 1540 79.1617
0 2773 1540 79.1828
0 2773 1540 79.2017
0 2773 1540 79.2223
0 2773 1540 79.2417
0 2773 1540 79.2615
0 2773 1540 79.2817
0 2774 1540 79.3017
0 2776 1540 79.3226
0 2778 1539 79.3415
0 2780 1539 79.3615
0 2781 1539 79.3815
0 2782 1539 79.4015
0 2783 1539 79.4215
0 2784 1539 79.4417
0 2785 1539 79.4615
0 2786 1539 79.4815
0 2787 1539 79.5015
0 2787 1539 79.5214
0 2789 1539 79.5414
0 2789 1539 79.5614
0 2790 1539 79.5814
0 2792 1539 79.6015
0 2794 1539 79.6214
0 2797 1539 79.6414
0 2801 1539 79.6613
0 2806 1538 79.6815
0 2811 1538 79.7014
0 2817 1538 79.7214
0 2821 1538 79.7413
0 2826 1538 79.7614
0 2830 1538 79.7813
0 2835 1537 79.8014
0 2839 1537 79.8213
0 2843 1537 79.8424
0 2847 1537 79.8613
0 2849 1537 79.8814
0 2851 1537 79.9012
0 2852 1537 79.9212
0 2852 1537 79.9414
0 2853 1537 79.9614
0 2853 1537 79.9812
0 2853 1537 80.0013
0 2853 1537 80.0213
0 2854 1537 80.0422
0 2854 1537 80.0612
0 2854 1537 80.0822
0 2854 1537 80.1011
0 2855 1537 80.1221
0 2856 1537 80.1411
0 2856 1537 80.1611
0 2857 1537 80.1811
0 2857 1537 80.2013
0 2858 1537 80.2221
0 2859 1537 80.2423
0 2860 1536 80.2611
0 2861 1536 80.2812
0 2863 1536 80.3011
0 2864 1536 80.3213
0 2868 1536 80.3411
0 2873 1536 80.3641
0 2878 1536 80.382
0 2884 1536 80.4011
0 2889 1535 80.421
0 2893 1535 80.442
0 2895 1535 80.462
0 2896 1535 80.482
0 2897 1535 80.502
0 2898 1535 80.522
0 2898 1535 80.542
0 2898 1535 80.562
0 2898 1535 80.5819
0 2898 1535 80.6022
0 2898 1535 80.6221
0 2899 1535 80.6419
0 2899 1535 80.6619
0 2900 1535 80.6821
0 2900 1535 80.7018
0 2901 1535 80.7219
0 2901 1535 80.7418
0 2901 1535 80.7618
0 2901 1535 80.7819
0 2901 1535 80.8019
0 2901 1535 80.8218
0 2903 1535 80.8419
0 2906 1536 80.8619
0 2911 1536 80.8819
0 2916 1536 80.9018
0 2921 1536 80.9217
0 2927 1536 80.9417
0 2932 1537 80.9619
0 2937 1537 80.9817
0 2941 1537 81.0019
0 2945 1537 81.0218
0 2949 1537 81.0417
0 2953 1537 81.0617
0 2956 1537 81.0817
0 2960 1537 81.1019
0 2963 1537 81.1227
0 2966 1537 81.1429
0 2970 1537 81.1616
0 2974 1537 81.1817
0 2978 1536 81.2016
0 2983 1536 81.2218
0 2987 1536 81.2415
0 2990 1536 81.2617
0 2993 1536 81.2816
0 2995 1536 81.3015
0 2998 1536 81.3216
0 3000 1536 81.3416
0 3001 1536 81.3616
0 3003 1536 81.3815
0 3004 1536 81.4027
0 3008 1536 81.4216
0 3015 1535 81.4415
0 3026 1535 81.4614
0 3040 1536 81.4815
0 3056 1536 81.5014
0 3074 1536 81.5214
0 3094 1536 81.5414
0 3115 1536 81.5614
0 3137 1536 81.5814
0 3158 1536 81.6014
0 3178 1536 81.6214
0 3195 1536 81.6415
0 3206 1536 81.6617
0 3213 1536 81.6815
0 3218 1536 81.7015
0 3221 1536 81.7213
0 3222 1536 81.7413
0 3223 1536 81.7613
0 3224 1536 81.7813
0 3224 1536 81.8013
0 3225 1536 81.8213
0 3225 1536 81.8413
0 3225 1536 81.8613
0 3226 1536 81.8813
0 3226 1536 81.9013
0 3227 1536 81.9216
0 3228 1536 81.9413
0 3230 1537 81.9623
0 3231 1537 81.9813
0 3232 1537 82.0013
0 3233 1537 82.0213
0 3234 1537 82.0413
0 3234 1537 82.0613
0 3235 1537 82.0814
0 3235 1537 82.1012
0 3236 1537 82.1212
0 3236 1537 82.1422
0 3236 1537 82.1612
0 3236 1537 82.1822
0 3236 1537 82.2011
0 3237 1537 82.2222
0 3237 1537 82.2422
0 3238 1537 82.2622
0 3240 1537 82.282
0 3242 1537 82.3021
0 3243 1536 82.3221
0 3243 1536 82.3421
0 3243 1536 82.362
0 3244 1536 82.3822
0 3244 1536 82.4011
0 3245 1536 82.4213
0 3247 1536 82.4412
0 3250 1536 82.4621
0 3255 1536 82.4811
0 3260 1536 82.5013
0 3267 1535 82.5211
0 3274 1535 82.5411
0 3280 1535 82.5609
0 3285 1535 82.5811
0 3289 1535 82.6009
0 3291 1535 82.621
0 3292 1534 82.6409
0 3294 1534 82.6611
0 3295 1534 82.681
0 3295 1534 82.7011
0 3296 1534 82.7209
0 3296 1534 82.741
0 3297 1534 82.7609
0 3298 1534 82.7811
0 3299 1534 82.8008
0 3299 1534 82.821
0 3300 1534 82.8408
0 3302 1534 82.8608
0 3306 1534 82.8808
0 3310 1535 82.9008
0 3315 1535 82.9208
0 3318 1535 82.9408
0 3321 1535 82.9608
0 3322 1535 82.9808
0 3323 1535 83.0008
0 3323 1535 83.0208
0 3324 1535 83.0408
0 3324 1535 83.0608
0 3325 1535 83.0807
0 3325 1535 83.101
0 3326 1535 83.1207
0 3329 1535 83.1411
0 3331 1535 83.1607
0 3335 1535 83.1818
0 3337 1535 83.2008
0 3341 1534 83.2208
0 3344 1534 83.2407
0 3347 1534 83.2609
0 3351 1534 83.2808
0 3353 1534 83.3008
0 3356 1534 83.3207
0 3357 1534 83.3407
0 3358 1534 83.3605
0 3359 1534 83.3805
0 3360 1534 83.4007
0 3361 1534 83.4206
0 3361 1534 83.4408
0 3362 1534 83.4606
0 3363 1534 83.4806
0 3364 1534 83.5005
0 3364 1534 83.5207
0 3365 1534 83.5405
0 3366 1534 83.5605
0 3367 1533 83.5808
0 3369 1533 83.6006
0 3371 1533 83.6204
0 3373 1533 83.6404
0 3374 1533 83.6604
0 3376 1533 83.6804
0 3377 1533 83.7004
0 3379 1533 83.7204
0 3380 1533 83.7404
0 3382 1533 83.7604
0 3384 1533 83.7807
0 3388 1533 83.8004
0 3392 1533 83.8204
0 3396 1532 83.8405
0 3400 1532 83.8604
0 3404 1532 83.8805
0 3407 1532 83.9002
0 3409 1532 83.9213
0 3411 1532 83.9403
0 3412 1532 83.9613
0 3412 1532 83.9802
0 3413 1532 84.0013
0 3413 1532 84.0202
0 3413 1532 84.0413
0 3414 1532 84.0602
0 3414 1532 84.0804
0 3415 1532 84.1003
0 3415 1532 84.1204
0 3415 1532 84.1403
0 3416 1532 84.1605
0 3416 1532 84.1803
0 3417 1532 84.2005
0 3418 1532 84.2212
0 3418 1532 84.2412
0 3420 1532 84.2612
0 3422 1531 84.2811
0 3426 1531 84.3013
0 3431 1531 84.3212
0 3437 1531 84.3412
0 3444 1531 84.3611
0 3450 1531 84.3823
0 3455 1530 84.4011
0 3459 1530 84.4212
0 3463 1530 84.441
0 3466 1530 84.461
0 3468 1530 84.4811
0 3469 1530 84.501
0 3469 1530 84.5211
0 3470 1530 84.541
0 3470 1530 84.561
0 3470 1530 84.581
0 3470 1530 84.601
0 3471 1530 84.621
0 3471 1530 84.641
0 3472 1530 84.661
0 3473 1530 84.681
0 3474 1530 84.7008
0 3475 1530 84.7209
0 3476 1530 84.7408
0 3478 1530 84.7609
0 3479 1530 84.7808
0 3480 1530 84.8009
0 3481 1530 84.8208
0 3481 1530 84.8415
0 3483 1530 84.8608
0 3484 1530 84.8817
0 3486 1529 84.9014
0 3486 1529 84.9212
0 3487 1529 84.9409
0 3488 1529 84.9608
0 3489 1529 84.9807
0 3490 1529 85.0007
0 3491 1529 85.0207
0 3492 1529 85.0408
0 3493 1529 85.0607
0 3493 1529 85.0807
0 3493 1529 85.1007
0 3493 1529 85.1207
0 3493 1529 85.1407
0 3494 1529 85.1608
0 3494 1529 85.1807
0 3494 1529 85.2008
0 3494 1529 85.2209
0 3494 1529 85.2406
0 3494 1529 85.2608
0 3494 1529 85.2806
0 3495 1529 85.3008
0 3495 1529 85.3206
0 3495 1529 85.3408
0 3496 1529 85.3606
0 3498 1529 85.3806
0 3500 1529 85.4006
0 3503 1529 85.4206
0 3507 1529 85.4406
0 3510 1529 85.4606
0 3513 1529 85.4806
0 3515 1529 85.5006
0 3518 1529 85.5205
0 3519 1529 85.5404
0 3521 1529 85.5605
0 3523 1529 85.5821
0 3523 1529 85.5995
0 3525 1529 85.6204
0 3527 1529 85.6405
0 3530 1529 85.6607
0 3533 1529 85.6805
0 3537 1528 85.7005
0 3541 1528 85.7215
0 3544 1528 85.7404
0 3547 1528 85.7604
0 3549 1528 85.7804
0 3550 1528 85.8014
0 3550 1528 85.8203
0 3551 1528 85.8403
0 3551 1528 85.8603
0 3553 1528 85.8813
0 3555 1528 85.9003
0 3558 1528 85.9204
0 3561 1528 85.9403
0 3563 1528 85.9615
0 3565 1528 85.9804
0 3566 1528 86.0015
0 3567 1528 86.0204
0 3567 1528 86.0404
0 3567 1528 86.0603
0 3567 1528 86.0804
0 3568 1528 86.1002
0 3568 1528 86.1203
0 3568 1528 86.1412
0 3568 1528 86.1612
0 3569 1528 86.1812
0 3571 1528 86.2012
0 3573 1528 86.2212
0 3575 1527 86.2412
0 3578 1527 86.2614
0 3580 1527 86.2812
0 3581 1527 86.3012
0 3582 1527 86.3212
0 3583 1527 86.3425
0 3584 1527 86.3612
0 3585 1527 86.3802
0 3585 1527 86.4012
0 3586 1527 86.4212
0 3586 1527 86.4413
0 3586 1527 86.4617
0 3586 1527 86.4819
0 3586 1527 86.5011
0 3586 1527 86.5214
0 3586 1527 86.5411
0 3586 1527 86.5613
0 3586 1527 86.5811
0 3586 1527 86.6011
0 3587 1527 86.6339
0 3587 1527 86.6449
0 3587 1527 86.6609
0 3587 1527 86.6809
0 3588 1527 86.7011
1 3583 1527 88.1212
1 3583 1527 88.1412
1 3583 1527 88.1613
1 3583 1527 88.1812
1 3583 1527 88.2012
1 3583 1527 88.2212
1 3583 1527 88.2413
1 3583 1527 88.2612
1 3583 1527 88.2811
1 3583 1527 88.3011
1 3583 1527 88.3211
1 3583 1527 88.3411
1 3583 1527 88.3612
1 3583 1527 88.3811
1 3583 1527 88.4014
1 3583 1527 88.4211
1 3583 1527 88.4413
1 3583 1527 88.4611
1 3583 1527 88.4811
1 3583 1527 88.5011
1 3583 1527 88.5211
1 3583 1527 88.5412
1 3583 1527 88.5614
1 3583 1528 88.5823
1 3583 1528 88.6024
1 3584 1528 88.6222
1 3584 1528 88.6421
1 3585 1528 88.6622
1 3585 1528 88.6824
1 3585 1528 88.7022
1 3585 1528 88.7215
1 3586 1528 88.741
1 3586 1528 88.761
1 3585 1528 88.781
1 3584 1528 88.8011
1 3583 1528 88.8209
1 3582 1528 88.8408
1 3580 1528 88.8608
1 3579 1528 88.8809
1 3578 1528 88.9009
1 3577 1528 88.9211
1 3576 1528 88.9408
1 3575 1528 88.9609
1 3575 1528 88.9809
1 3574 1528 89.0009
1 3573 1528 89.0209
1 3573 1528 89.0411
1 3572 1528 89.0617
1 3574 1529 89.0807
1 3577 1529 89.1007
1 3581 1529 89.1208
1 3587 1529 89.1407
1 3594 1529 89.1608
1 3602 1530 89.1808
1 3612 1530 89.2007
1 3621 1531 89.2208
1 3630 1531 89.2407
1 3637 1531 89.2608
1 3642 1532 89.2809
1 3647 1532 89.3007
1 3650 1532 89.3208
1 3653 1533 89.3406
1 3653 1533 89.3606
1 3653 1533 89.3807
1 3651 1533 89.4007
1 3649 1533 89.4206
1 3647 1534 89.4406
1 3644 1534 89.4616
1 3643 1534 89.4807
1 3642 1534 89.5006
1 3642 1534 89.5206
1 3641 1534 89.5406
1 3641 1534 89.5607
1 3641 1534 89.5806
1 3640 1534 89.6007
1 3640 1534 89.6205
1 3640 1534 89.6407
1 3640 1534 89.661
1 3640 1534 89.6808
1 3639 1534 89.7006
1 3638 1534 89.7205
1 3638 1534 89.7405
1 3638 1534 89.7625
1 3638 1534 89.7816
1 3638 1534 89.8006
1 3638 1534 89.8215
1 3638 1534 89.8406
1 3638 1534 89.8606
1 3638 1534 89.8806
1 3638 1534 89.9003
1 3638 1534 89.9203
1 3638 1534 89.9403
1 3638 1534 89.9603
1 3638 1534 89.9813
1 3638 1534 90.0014
1 3638 1534 90.0213
1 3638 1534 90.0415
1 3637 1534 90.0613
1 3637 1534 90.0815
1 3638 1534 90.1024
1 3640 1535 90.1213
1 3642 1535 90.1413
1 3643 1535 90.1614
1 3643 1535 90.1813
1 3641 1535 90.2013
1 3638 1535 90.2212
1 3634 1535 90.2412
1 3630 1536 90.2613
1 3626 1536 90.2813
1 3621 1536 90.3022
1 3616 1536 90.3212
1 3611 1537 90.3412
1 3607 1537 90.3612
1 3602 1537 90.3813
1 3597 1537 90.4012
1 3591 1537 90.4213
1 3584 1538 90.4411
1 3576 1538 90.4611
1 3569 1538 90.4811
1 3563 1539 90.5011
1 3556 1539 90.5211
1 3548 1539 90.5411
1 3542 1539 90.561
1 3538 1540 90.5811
1 3537 1540 90.6011
1 3538 1541 90.6211
1 3539 1541 90.641
1 3542 1541 90.6612
1 3546 1542 90.6812
1 3551 1542 90.7011
1 3554 1542 90.7211
1 3556 1542 90.7411
1 3556 1542 90.7611
1 3556 1542 90.782
1 3557 1542 90.8009
1 3556 1542 90.8209
1 3555 1542 90.841
1 3554 1543 90.861
1 3554 1543 90.881
1 3552 1543 90.901
1 3551 1543 90.921
1 3549 1543 90.941
1 3548 1543 90.9608
1 3547 1543 90.9809
1 3547 1543 91.0008
1 3547 1543 91.0209
1 3547 1543 91.0409
1 3547 1543 91.0609
1 3547 1543 91.0809
1 3547 1543 91.1009
1 3547 1543 91.1209
1 3547 1543 91.1408
1 3547 1543 91.1608
1 3547 1543 91.1799
1 3546 1543 91.2009
1 3546 1543 91.2209
1 3546 1543 91.2409
1 3546 1543 91.2606
1 3546 1543 91.2807
1 3546 1543 91.3007
1 3546 1543 91.3207
1 3546 1543 91.3407
1 3546 1543 91.3607
1 3546 1543 91.3806
1 3546 1543 91.4007
1 3546 1543 91.4207
1 3546 1543 91.4407
1 3546 1543 91.4607
1 3546 1543 91.4807
1 3546 1543 91.5007
1 3546 1543 91.5207
1 3546 1543 91.5406
1 3546 1543 91.5605
1 3546 1543 91.5805
1 3546 1543 91.6006
1 3546 1543 91.6206
1 3546 1543 91.6406
1 3546 1543 91.6606
1 3546 1543 91.6807
1 3546 1543 91.7006
1 3546 1543 91.7206
1 3546 1543 91.7415
1 3544 1543 91.7615
1 3542 1543 91.7815
1 3539 1543 91.8015
1 3536 1543 91.8215
1 3531 1543 91.8415
1 3526 1544 91.8624
1 3521 1544 91.8814
1 3516 1544 91.9013
1 3511 1544 91.9216
1 3506 1544 91.9414
1 3503 1545 91.9615
1 3503 1545 91.9814
1 3504 1545 92.0016
1 3507 1546 92.0214
1 3510 1546 92.0416
1 3512 1547 92.0614
1 3513 1547 92.0816
1 3514 1547 92.1013
1 3513 1547 92.1214
1 3512 1548 92.1412
1 3510 1548 92.1614
1 3508 1548 92.1813
1 3507 1548 92.2013
1 3506 1548 92.2213
1 3505 1548 92.2414
1 3504 1548 92.2612
1 3502 1548 92.2812
1 3501 1548 92.3012
1 3499 1548 92.3212
1 3498 1548 92.3413
1 3497 1548 92.3612
1 3496 1548 92.3811
1 3496 1548 92.4011
1 3495 1548 92.4211
1 3494 1549 92.4411
1 3491 1549 92.4611
1 3489 1549 92.4811
1 3487 1549 92.5022
1 3485 1549 92.5212
1 3484 1549 92.5411
1 3482 1549 92.5611
1 3480 1549 92.5811
1 3478 1549 92.6011
1 3476 1549 92.6211
1 3475 1549 92.6411
1 3473 1549 92.6612
1 3471 1549 92.681
1 3470 1549 92.7012
1 3469 1549 92.721
1 3468 1550 92.7411
1 3468 1550 92.761
1 3468 1550 92.7811
1 3467 1550 92.801
1 3467 1550 92.8212
1 3467 1550 92.841
1 3467 1550 92.8612
1 3467 1550 92.881
1 3467 1550 92.913
1 3467 1550 92.921
1 3467 1550 92.9411
1 3467 1550 92.9609
1 3467 1550 92.9811
1 3467 1550 93.001
1 3467 1550 93.021
1 3467 1550 93.0408
1 3467 1550 93.0609
1 3468 1550 93.0809
1 3469 1550 93.1009
1 3472 1550 93.121
1 3475 1550 93.1408
1 3480 1550 93.161
1 3484 1550 93.1808
1 3488 1551 93.2009
1 3492 1551 93.2208
1 3495 1551 93.2409
1 3498 1551 93.2607
1 3499 1551 93.2807
1 3499 1552 93.3007
1 3499 1552 93.3207
1 3499 1552 93.3408
1 3498 1552 93.3607
1 3497 1552 93.3808
1 3495 1552 93.4007
1 3492 1552 93.4207
1 3489 1552 93.4407
1 3485 1552 93.4607
1 3481 1552 93.4807
1 3477 1553 93.5017
1 3473 1553 93.5205
1 3468 1553 93.5406
1 3464 1553 93.5606
1 3460 1553 93.5806
1 3456 1553 93.6006
1 3451 1553 93.6216
1 3448 1554 93.6415
1 3446 1554 93.6617
1 3445 1554 93.6815
1 3444 1554 93.7017
1 3443 1554 93.7215
1 3443 1554 93.7417
1 3443 1554 93.7615
1 3443 1554 93.7817
1 3443 1554 93.8014
1 3443 1554 93.8216
1 3443 1554 93.8414
1 3443 1554 93.8614
1 3443 1554 93.8814
1 3443 1554 93.9014
1 3443 1554 93.927
1 3443 1554 93.9404
1 3443 1554 93.9614
1 3443 1554 93.9814
1 3443 1554 94.0014
1 3443 1554 94.0214
1 3443 1554 94.0414
1 3443 1554 94.0613
1 3443 1554 94.0813
1 3443 1554 94.1013
1 3443 1554 94.1214
1 3443 1554 94.1414
1 3443 1554 94.1614
1 3443 1554 94.1813
1 3443 1554 94.2013
1 3443 1554 94.2213
1 3443 1554 94.2413
1 3442 1554 94.2613
1 3441 1554 94.2814
1 3441 1554 94.3016
1 3443 1554 94.3213
1 3445 1554 94.3418
1 3448 1554 94.3613
1 3450 1554 94.3811
1 3452 1555 94.4013
1 3453 1555 94.4211
1 3454 1555 94.4412
1 3453 1555 94.4612
1 3453 1555 94.4822
1 3453 1555 94.5012
1 3452 1555 94.5211
1 3452 1555 94.5411
1 3451 1555 94.5611
1 3451 1555 94.5811
1 3451 1555 94.601
1 3451 1555 94.6211
1 3451 1555 94.641
1 3451 1555 94.6611
1 3450 1555 94.681
1 3450 1555 94.7012
1 3452 1555 94.721
1 3455 1556 94.741
1 3458 1556 94.761
1 3459 1556 94.781
1 3460 1556 94.8011
1 3460 1556 94.821
1 3459 1556 94.841
1 3456 1557 94.8609
1 3453 1557 94.8809
1 3448 1557 94.9009
1 3444 1557 94.9209
1 3440 1557 94.9409
1 3436 1558 94.9609
1 3432 1558 94.9809
1 3428 1558 95.0029
1 3425 1558 95.0208
1 3422 1558 95.0409
1 3420 1558 95.061
1 3419 1558 95.0809
1 3419 1558 95.101
1 3418 1558 95.1209
1 3418 1558 95.141
1 3418 1558 95.1609
1 3418 1558 95.1809
1 3418 1558 95.2008
1 3418 1558 95.2209
1 3418 1558 95.2408
1 3418 1558 95.2608
1 3418 1558 95.2807
1 3418 1558 95.3008
1 3418 1558 95.3207
1 3418 1558 95.3408
1 3418 1558 95.3607
1 3418 1558 95.3818
1 3418 1558 95.4007
1 3418 1558 95.4208
1 3418 1558 95.4407
1 3418 1558 95.4606
1 3418 1558 95.4808
1 3418 1558 95.5006
1 3418 1558 95.5207
1 3418 1558 95.5417
1 3418 1558 95.5607
1 3418 1558 95.5806
1 3418 1558 95.6016
1 3417 1558 95.6206
1 3416 1558 95.6406
1 3415 1558 95.6606
1 3414 1558 95.6807
1 3413 1558 95.7016
1 3412 1558 95.7216
1 3409 1559 95.7415
1 3407 1559 95.7625
1 3405 1559 95.7815
1 3404 1559 95.8015
1 3404 1559 95.8215
1 3403 1559 95.8415
1 3402 1559 95.8616
1 3402 1559 95.8815
1 3402 1559 95.9015
1 3401 1559 95.9215
1 3401 1559 95.9415
1 3401 1559 95.9613
1 3402 1559 95.9813
1 3404 1559 96.0014
1 3406 1559 96.0216
1 3408 1559 96.0413
1 3410 1559 96.0613
1 3411 1560 96.0813
1 3413 1560 96.1013
1 3415 1560 96.1213
1 3416 1560 96.1413
1 3417 1560 96.1614
1 3417 1561 96.1814
1 3417 1561 96.2013
1 3418 1561 96.2214
1 3419 1561 96.2412
1 3418 1561 96.2612
1 3418 1562 96.2814
1 3417 1562 96.3012
1 3416 1562 96.3214
1 3416 1562 96.3412
1 3415 1562 96.3612
1 3413 1563 96.3812
1 3411 1563 96.4013
1 3410 1563 96.4212
1 3409 1563 96.4414
1 3407 1563 96.4613
1 3406 1563 96.4813
1 3405 1563 96.5012
1 3405 1563 96.5211
1 3405 1563 96.5411
1 3405 1563 96.5612
1 3405 1563 96.5811
1 3405 1563 96.6012
1 3405 1563 96.6211
1 3405 1563 96.6413
1 3405 1563 96.6611
1 3405 1563 96.6812
1 3405 1563 96.7011
1 3405 1563 96.7213
1 3406 1563 96.7411
1 3407 1563 96.7614
1 3407 1564 96.7809
1 3406 1564 96.8021
1 3406 1564 96.8209
1 3404 1564 96.8421
1 3403 1565 96.861
1 3401 1565 96.881
1 3400 1565 96.9011
1 3400 1566 96.921
1 3400 1566 96.9409
1 3400 1566 96.9609
1 3400 1566 96.9809
1 3400 1566 97.0009
1 3400 1566 97.021
1 3400 1566 97.041
1 3400 1566 97.0608
1 3399 1566 97.0808
1 3398 1566 97.1009
1 3398 1566 97.1208
1 3398 1566 97.1408
1 3398 1566 97.1608
1 3397 1566 97.1808
1 3396 1567 97.2009
1 3394 1567 97.2208
1 3392 1567 97.2408
1 3390 1567 97.2608
1 3388 1567 97.281
1 3385 1567 97.3008
1 3382 1567 97.3208
1 3380 1567 97.3408
1 3379 1567 97.3618
1 3379 1567 97.3808
1 3378 1567 97.4018
1 3379 1568 97.4208
1 3380 1568 97.4407
1 3380 1568 97.4607
1 3382 1568 97.4808
1 3382 1568 97.5007
1 3383 1568 97.5208
1 3383 1568 97.5407
1 3383 1569 97.5608
1 3383 1569 97.5807
1 3384 1569 97.6008
1 3384 1569 97.6205
1 3385 1569 97.6406
1 3384 1569 97.6616
1 3384 1569 97.6817
1 3384 1569 97.7015
1 3384 1569 97.7217
1 3384 1569 97.7416
1 3384 1569 97.7616
1 3384 1569 97.7815
1 3384 1569 97.8017
1 3384 1569 97.8215
1 3384 1569 97.8417
1 3384 1569 97.8625
1 3384 1569 97.8823
1 3384 1569 97.9014
1 3384 1569 97.9215
1 3384 1569 97.9415
1 3383 1569 97.9614
1 3383 1569 97.9815
1 3382 1570 98.0014
1 3381 1570 98.0214
1 3380 1570 98.0414
1 3379 1570 98.0614
1 3378 1570 98.0814
1 3376 1570 98.1014
1 3375 1570 98.1214
1 3373 1570 98.1414
1 3372 1570 98.1613
1 3372 1570 98.1813
1 3372 1570 98.2012
1 3370 1570 98.2213
1 3369 1570 98.2413
1 3368 1570 98.2615
1 3367 1570 98.2813
1 3367 1570 98.3014
1 3366 1570 98.3212
1 3365 1570 98.3415
1 3365 1570 98.3614
1 3364 1570 98.3813
1 3364 1570 98.4013
1 3364 1570 98.4211
1 3365 1570 98.4412
1 3366 1570 98.4611
1 3369 1570 98.4812
1 3371 1571 98.5011
1 3373 1571 98.5212
1 3375 1571 98.5411
1 3377 1571 98.5613
1 3379 1571 98.5812
1 3381 1571 98.6012
1 3382 1572 98.6211
1 3384 1572 98.6411
1 3387 1572 98.6611
1 3389 1572 98.6811
1 3392 1572 98.701
1 3396 1573 98.7212
1 3401 1573 98.741
1 3405 1573 98.7611
1 3408 1574 98.781
1 3412 1574 98.8011
1 3415 1574 98.821
1 3417 1574 98.8412
1 3420 1574 98.861
1 3421 1574 98.8812
1 3422 1575 98.901
1 3423 1575 98.9212
1 3423 1575 98.9409
1 3424 1575 98.9609
1 3424 1575 98.981
1 3424 1575 99.0009
1 3425 1575 99.0209
1 3425 1575 99.0409
1 3425 1575 99.0608
1 3425 1575 99.0809
1 3425 1575 99.1011
1 3425 1575 99.1209
1 3425 1575 99.1409
1 3425 1575 99.1609
1 3425 1575 99.1811
0 3452 1574 100.66
0 3453 1574 100.68
0 3454 1574 100.7
0 3456 1574 100.72
0 3458 1574 100.74
0 3460 1574 100.76
0 3463 1573 100.78
0 3466 1573 100.8
0 3469 1573 100.82
0 3472 1573 100.84
0 3474 1573 100.86
0 3477 1573 100.88
0 3479 1573 100.9
0 3481 1573 100.92
0 3484 1573 100.94
0 3487 1573 100.96
0 3492 1573 100.98
0 3497 1572 101
0 3503 1572 101.02
0 3508 1572 101.04
0 3516 1572 101.061
0 3524 1572 101.08
0 3532 1571 101.1
0 3541 1571 101.12
0 3548 1571 101.14
0 3553 1571 101.16
0 3559 1571 101.18
0 3563 1571 101.2
0 3567 1571 101.22
0 3571 1570 101.24
0 3576 1570 101.261
0 3580 1570 101.28
0 3584 1570 101.301
0 3590 1570 101.32
0 3597 1570 101.34
0 3605 1570 101.36
0 3614 1570 101.38
0 3624 1570 101.4
0 3635 1570 101.42
0 3649 1570 101.44
0 3663 1570 101.46
0 3678 1570 101.48
0 3695 1570 101.501
0 3712 1570 101.52
0 3728 1571 101.541
0 3743 1571 101.561
0 3757 1571 101.581
0 3771 1571 101.601
0 3782 1571 101.621
0 3790 1571 101.641
0 3796 1571 101.661
0 3800 1571 101.68
0 3804 1571 101.701
0 3807 1571 101.721
0 3809 1571 101.741
0 3811 1571 101.761
0 3814 1571 101.781
0 3817 1571 101.801
0 3823 1571 101.821
0 3829 1571 101.841
0 3839 1571 101.861
0 3850 1571 101.881
0 3863 1571 101.901
0 3877 1572 101.921
0 3892 1572 101.941
0 3906 1572 101.96
0 3921 1572 101.981
0 3935 1572 102.001
0 3948 1572 102.02
0 3958 1572 102.041
0 3965 1572 102.061
0 3971 1572 102.081
0 3975 1572 102.101
0 3978 1572 102.122
0 3981 1572 102.141
0 3983 1572 102.16
0 3985 1572 102.18
0 3986 1572 102.202
0 3987 1572 102.22
0 3989 1572 102.24
0 3989 1572 102.26
0 3990 1572 102.28
0 3990 1572 102.3
0 3990 1572 102.32
0 3991 1572 102.34
0 3992 1572 102.361
0 3992 1572 102.38
0 3994 1572 102.4
0 3995 1572 102.42
0 3997 1571 102.44
0 3999 1571 102.46
0 3999 1571 102.48
0 4000 1571 102.5
0 4000 1571 102.52
0 4000 1571 102.54
0 4000 1571 102.56
0 4000 1571 102.58
0 4001 1571 102.6
0 4002 1571 102.62
0 4002 1571 102.64
0 4002 1571 102.66
0 4003 1571 102.68
0 4003 1571 102.7
0 4003 1571 102.72
0 4004 1571 102.74
0 4004 1571 102.76
0 4004 1571 102.78
0 4004 1571 102.8
0 4005 1571 102.82
0 4005 1571 102.84
0 4005 1571 102.86
0 4006 1571 102.88
0 4007 1571 102.9
0 4009 1571 102.92
0 4012 1571 102.94
0 4017 1571 102.96
0 4023 1571 102.98
0 4029 1571 103.001
0 4036 1570 103.02
0 4043 1570 103.04
0 4049 1570 103.06
0 4055 1570 103.08
0 4060 1570 103.1
0 4066 1570 103.121
0 4070 1570 103.14
0 4073 1569 103.16
0 4075 1569 103.18
0 4076 1569 103.2
0 4078 1569 103.22
0 4079 1569 103.24
0 4080 1569 103.26
0 4081 1569 103.282
0 4083 1569 103.3
0 4086 1569 103.321
0 4088 1569 103.34
0 4091 1569 103.361
0 4095 1569 103.381
0 4100 1569 103.401
0 4106 1569 103.421
0 4112 1569 103.441
0 4116 1570 103.461
0 4120 1570 103.481
0 4123 1570 103.501
0 4125 1570 103.521
0 4127 1570 103.541
0 4128 1569 103.561
0 4128 1569 103.581
0 4129 1569 103.601
0 4129 1569 103.621
0 4129 1570 103.641
0 4129 1570 103.661
0 4130 1570 103.681
0 4131 1570 103.701
0 4132 1569 103.721
0 4133 1569 103.741
0 4136 1569 103.761
0 4139 1569 103.781
0 4142 1569 103.801
0 4145 1569 103.821
0 4147 1569 103.841
0 4151 1569 103.861
0 4155 1569 103.881
0 4159 1569 103.901
0 4164 1569 103.921
0 4169 1569 103.94
0 4174 1569 103.961
0 4179 1569 103.981
0 4182 1569 104.001
0 4184 1569 104.02
0 4187 1569 104.041
0 4190 1569 104.061
0 4193 1569 104.08
0 4194 1569 104.1
0 4195 1569 104.12
0 4196 1569 104.14
0 4197 1569 104.16
0 4197 1569 104.18
0 4198 1569 104.2
0 4198 1569 104.22
0 4198 1569 104.24
0 4198 1569 104.26
0 4199 1569 104.28
0 4200 1569 104.3
0 4201 1569 104.32
0 4204 1569 104.342
0 4205 1569 104.36
0 4207 1569 104.38
0 4209 1569 104.401
0 4211 1569 104.42
0 4214 1569 104.44
0 4216 1569 104.46
0 4218 1568 104.48
0 4221 1568 104.5
0 4223 1568 104.52
0 4226 1568 104.54
0 4228 1568 104.56
0 4231 1568 104.58
0 4234 1568 104.6
0 4236 1568 104.62
0 4238 1568 104.64
0 4240 1568 104.66
0 4243 1568 104.68
0 4246 1568 104.7
0 4250 1568 104.72
0 4255 1567 104.74
0 4261 1567 104.76
0 4267 1567 104.78
0 4275 1567 104.8
0 4282 1567 104.82
0 4289 1567 104.84
0 4297 1567 104.86
0 4304 1567 104.88
0 4310 1567 104.9
0 4315 1567 104.92
0 4320 1567 104.94
0 4324 1566 104.96
0 4326 1566 104.981
0 4328 1566 105.001
0 4329 1566 105.02
0 4331 1566 105.041
0 4332 1566 105.06
0 4333 1566 105.08
0 4334 1566 105.101
0 4334 1566 105.121
0 4335 1566 105.141
0 4335 1567 105.16
0 4335 1567 105.18
0 4335 1567 105.2
0 4335 1567 105.22
0 4336 1566 105.241
0 4337 1566 105.26
0 4337 1566 105.281
0 4338 1566 105.301
0 4339 1566 105.321
0 4340 1566 105.341
0 4340 1566 105.361
0 4340 1566 105.381
0 4341 1566 105.401
1 4341 1566 106.08
1 4341 1566 106.1
1 4341 1566 106.12
1 4341 1566 106.14
1 4341 1566 106.161
1 4341 1566 106.18
1 4341 1566 106.2
1 4341 1566 106.22
1 4341 1566 106.24
1 4341 1566 106.26
1 4341 1566 106.28
1 4341 1566 106.3
1 4340 1566 106.32
1 4340 1566 106.34
1 4339 1567 106.36
1 4338 1567 106.38
1 4337 1567 106.402
1 4335 1567 106.42
1 4333 1567 106.44
1 4331 1567 106.46
1 4329 1567 106.48
1 4326 1567 106.5
1 4323 1567 106.52
1 4319 1567 106.54
1 4315 1568 106.56
1 4310 1568 106.58
1 4305 1568 106.6
1 4301 1568 106.62
1 4298 1568 106.64
1 4295 1568 106.66
1 4292 1569 106.68
1 4291 1569 106.7
1 4290 1569 106.72
1 4290 1569 106.74
1 4291 1570 106.76
1 4291 1570 106.78
1 4292 1570 106.8
1 4295 1571 106.82
1 4297 1571 106.841
1 4300 1571 106.86
1 4303 1572 106.88
1 4306 1572 106.9
1 4307 1572 106.92
1 4308 1572 106.94
1 4308 1572 106.961
1 4307 1573 106.982
1 4307 1573 107.002
1 4306 1573 107.022
1 4305 1573 107.041
1 4304 1573 107.061
1 4304 1573 107.082
1 4305 1574 107.099
1 4306 1574 107.121
1 4307 1574 107.14
1 4308 1574 107.161
1 4309 1574 107.18
1 4311 1574 107.201
1 4311 1574 107.221
1 4312 1574 107.241
1 4312 1574 107.261
1 4311 1575 107.281
1 4311 1575 107.301
1 4310 1575 107.321
1 4310 1575 107.341
1 4310 1575 107.36
1 4309 1576 107.381
1 4309 1576 107.401
1 4309 1576 107.421
1 4309 1576 107.441
1 4308 1577 107.462
1 4308 1577 107.481
1 4306 1577 107.501
1 4304 1578 107.521
1 4303 1578 107.541
1 4303 1578 107.561
1 4303 1579 107.581
1 4304 1579 107.601
1 4305 1579 107.622
1 4305 1579 107.641
1 4306 1579 107.661
1 4307 1579 107.681
1 4308 1580 107.701
1 4308 1580 107.721
1 4308 1580 107.741
1 4310 1580 107.761
1 4312 1580 107.781
1 4314 1581 107.801
1 4315 1581 107.821
1 4316 1581 107.841
1 4317 1581 107.861
1 4317 1581 107.881
1 4318 1581 107.9
1 4318 1581 107.921
1 4318 1581 107.941
1 4318 1581 107.961
1 4318 1581 107.98
1 4318 1581 108.001
1 4318 1581 108.02
1 4318 1581 108.041
1 4318 1581 108.061
1 4317 1581 108.081
1 4316 1581 108.1
1 4314 1581 108.12
1 4313 1581 108.14
1 4312 1581 108.16
1 4312 1581 108.181
1 4311 1581 108.201
1 4309 1581 108.221
1 4308 1581 108.24
1 4307 1581 108.26
1 4305 1581 108.28
1 4303 1582 108.3
1 4301 1582 108.32
1 4300 1582 108.34
1 4300 1582 108.36
1 4300 1582 108.38
1 4301 1582 108.4
1 4302 1582 108.42
1 4304 1582 108.44
1 4307 1582 108.46
1 4309 1583 108.48
1 4310 1583 108.5
1 4311 1583 108.52
1 4313 1583 108.54
1 4314 1583 108.56
1 4315 1583 108.58
1 4316 1584 108.6
1 4318 1584 108.62
1 4320 1584 108.64
1 4323 1584 108.661
1 4325 1584 108.68
1 4327 1584 108.701
1 4330 1584 108.72
1 4332 1585 108.74
1 4335 1585 108.76
1 4337 1585 108.78
1 4340 1585 108.801
1 4343 1585 108.82
1 4346 1586 108.84
1 4348 1586 108.86
1 4350 1586 108.88
1 4352 1586 108.9
1 4354 1586 108.92
1 4356 1587 108.94
1 4358 1587 108.96
1 4361 1587 108.98
1 4365 1587 109
1 4370 1588 109.021
1 4375 1588 109.04
1 4380 1588 109.06
1 4385 1589 109.081
1 4390 1589 109.101
1 4396 1589 109.121
1 4402 1590 109.141
1 4407 1590 109.161
1 4412 1590 109.181
1 4416 1591 109.201
1 4419 1591 109.221
1 4423 1591 109.241
1 4427 1591 109.261
1 4430 1592 109.281
1 4433 1592 109.301
1 4437 1592 109.321
1 4441 1592 109.341
1 4445 1593 109.361
1 4449 1593 109.381
1 4451 1593 109.401
1 4453 1593 109.421
1 4455 1593 109.441
1 4456 1593 109.461
1 4457 1593 109.481
1 4458 1593 109.501
1 4458 1593 109.527
1 4459 1593 109.54
1 4460 1593 109.561
1 4461 1593 109.581
1 4462 1594 109.601
1 4464 1594 109.621
1 4467 1594 109.641
1 4471 1594 109.661
1 4475 1595 109.681
1 4479 1595 109.701
1 4481 1595 109.721
1 4483 1595 109.741
1 4482 1595 109.761
1 4481 1595 109.781
1 4478 1596 109.801
1 4476 1596 109.821
1 4473 1596 109.841
1 4470 1596 109.861
1 4467 1596 109.881
1 4463 1596 109.901
1 4460 1596 109.921
1 4457 1597 109.941
1 4454 1597 109.961
1 4452 1597 109.981
1 4451 1597 110.001
1 4450 1597 110.021
1 4450 1597 110.041
1 4448 1597 110.06
1 4446 1598 110.08
1 4445 1598 110.1
1 4444 1598 110.121
1 4441 1598 110.14
1 4440 1599 110.161
1 4438 1599 110.18
1 4437 1599 110.201
1 4437 1599 110.221
1 4436 1599 110.241
1 4436 1599 110.26
1 4436 1600 110.28
1 4435 1600 110.3
1 4434 1600 110.32
1 4433 1600 110.34
1 4431 1600 110.36
1 4430 1600 110.38
1 4427 1600 110.401
1 4426 1600 110.421
1 4425 1600 110.44
1 4424 1600 110.46
1 4425 1600 110.48
1 4426 1601 110.5
1 4429 1601 110.52
1 4431 1601 110.541
1 4434 1602 110.564
1 4437 1602 110.58
1 4440 1602 110.6
1 4441 1602 110.62
1 4442 1602 110.64
1 4442 1603 110.661
1 4442 1603 110.681
1 4442 1603 110.7
1 4442 1603 110.72
1 4441 1603 110.74
1 4441 1603 110.76
1 4440 1604 110.78
1 4440 1604 110.801
1 4439 1604 110.82
1 4439 1604 110.84
1 4439 1604 110.86
1 4438 1604 110.881
1 4437 1605 110.9
1 4436 1605 110.921
1 4436 1605 110.941
1 4436 1605 110.961
1 4435 1605 110.981
1 4435 1605 111.001
1 4435 1605 111.021
1 4435 1605 111.041
1 4435 1605 111.061
1 4435 1606 111.081
1 4435 1606 111.101
1 4434 1606 111.121
1 4433 1606 111.141
1 4433 1606 111.161
1 4434 1606 111.181
1 4435 1606 111.201
1 4436 1606 111.221
1 4437 1606 111.241
1 4438 1607 111.261
1 4438 1607 111.281
1 4437 1607 111.301
1 4435 1607 111.321
1 4433 1607 111.341
1 4432 1607 111.361
1 4430 1607 111.381
1 4429 1608 111.401
1 4428 1608 111.421
1 4426 1608 111.441
1 4424 1608 111.461
1 4421 1608 111.481
1 4420 1608 111.501
1 4419 1608 111.521
1 4417 1608 111.541
1 4417 1608 111.561
1 4416 1608 111.581
1 4417 1608 111.601
1 4419 1609 111.623
1 4421 1609 111.641
1 4424 1609 111.661
1 4426 1609 111.681
1 4429 1610 111.701
1 4432 1610 111.721
1 4435 1610 111.741
1 4438 1611 111.761
1 4440 1611 111.781
1 4442 1611 111.801
1 4443 1611 111.821
1 4444 1611 111.841
1 4443 1611 111.861
1 4443 1611 111.881
1 4443 1611 111.901
1 4444 1611 111.921
1 4444 1611 111.941
1 4445 1611 111.961
1 4445 1611 111.981
1 4445 1611 112.001
1 4445 1611 112.02
1 4445 1611 112.04
1 4445 1611 112.06
1 4446 1611 112.081
1 4446 1611 112.1
1 4446 1611 112.12
0 4497 1612 112.961
0 4504 1612 112.981
0 4512 1611 113.001
0 4520 1611 113.021
0 4527 1611 113.041
0 4536 1611 113.061
0 4549 1610 113.08
0 4562 1610 113.101
0 4578 1610 113.121
0 4594 1609 113.141
0 4613 1609 113.161
0 4630 1609 113.181
0 4647 1608 113.201
0 4665 1608 113.221
0 4684 1608 113.241
0 4702 1607 113.261
0 4717 1607 113.281
0 4732 1607 113.301
0 4746 1606 113.321
0 4759 1606 113.341
0 4771 1606 113.361
0 4782 1605 113.381
0 4793 1605 113.401
0 4804 1605 113.421
0 4816 1604 113.441
0 4827 1604 113.461
0 4841 1604 113.481
0 4856 1604 113.501
0 4872 1603 113.521
0 4888 1603 113.541
0 4904 1603 113.562
0 4920 1602 113.581
0 4937 1602 113.601
0 4951 1602 113.621
0 4962 1602 113.641
0 4970 1602 113.661
0 4974 1602 113.681
0 4977 1602 113.7
0 4979 1602 113.721
0 4980 1602 113.741
0 4981 1602 113.761
0 4982 1602 114.76
0 4982 1602 114.78
0 4982 1602 114.801
0 4982 1602 114.82
0 4982 1602 114.841
0 4982 1602 114.86
0 4983 1602 114.881
0 4986 1601 114.901
0 4990 1601 114.921
0 4995 1601 114.941
0 5001 1601 114.961
0 5007 1601 114.981
0 5019 1601 115.001
0 5033 1600 115.021
0 5047 1600 115.041
0 5061 1600 115.061
0 5075 1599 115.081
0 5086 1599 115.101
0 5097 1599 115.121
0 5104 1599 115.141
0 5110 1599 115.161
0 5113 1599 115.181
0 5115 1599 115.201
0 5117 1599 115.221
0 5117 1599 115.241
0 5118 1599 115.261
0 5118 1599 115.281
0 5117 1599 115.762
0 5117 1599 115.78
0 5117 1599 115.801
0 5117 1599 115.821
0 5117 1599 115.841
0 5117 1599 115.861
0 5120 1599 115.881
0 5122 1599 115.901
0 5124 1599 115.921
0 5126 1599 115.941
0 5128 1599 115.961
0 5130 1599 115.981
0 5132 1598 116.001
0 5135 1598 116.021
0 5138 1598 116.041
0 5140 1598 116.061
0 5142 1598 116.081
0 5146 1598 116.101
0 5150 1598 116.12
0 5154 1598 116.141
0 5159 1598 116.161
0 5166 1598 116.181
0 5172 1598 116.2
0 5179 1597 116.221
0 5185 1597 116.24
0 5191 1597 116.261
0 5197 1597 116.281
0 5203 1597 116.301
0 5210 1597 116.32
0 5216 1597 116.34
0 5222 1596 116.36
0 5227 1596 116.381
0 5231 1596 116.4
0 5236 1596 116.42
0 5240 1596 116.44
0 5244 1596 116.46
0 5246 1596 116.48
0 5247 1596 116.5
0 5248 1596 116.52
0 5249 1596 116.54
0 5249 1596 116.561
0 5249 1596 116.58
0 5249 1596 116.6
0 5249 1596 116.62
1 5246 1596 117.241
1 5245 1596 117.261
1 5245 1596 117.281
1 5244 1596 117.301
1 5244 1596 117.321
1 5244 1596 117.341
1 5243 1596 117.361
1 5242 1596 117.38
1 5241 1596 117.4
1 5241 1596 117.42
1 5241 1596 117.44
1 5241 1596 117.46
1 5241 1596 117.48
1 5241 1596 117.5
1 5241 1596 117.52
1 5241 1596 117.54
1 5241 1596 117.56
1 5241 1596 117.58
1 5239 1596 117.6
1 5236 1596 117.62
1 5233 1596 117.64
1 5231 1596 117.66
1 5228 1596 117.68
1 5225 1596 117.7
1 5222 1596 117.72
1 5218 1597 117.74
1 5214 1597 117.76
1 5208 1597 117.78
1 5202 1597 117.8
1 5198 1597 117.82
1 5195 1598 117.84
1 5192 1598 117.861
1 5188 1599 117.88
1 5182 1599 117.9
1 5176 1600 117.92
1 5170 1601 117.94
1 5165 1601 117.96
1 5159 1602 117.98
1 5155 1602 118
1 5151 1602 118.02
1 5148 1603 118.04
1 5145 1603 118.06
1 5143 1603 118.08
1 5143 1604 118.1
1 5144 1604 118.12
1 5145 1604 118.14
1 5147 1605 118.16
1 5149 1605 118.18
1 5153 1606 118.2
1 5155 1606 118.22
1 5155 1606 118.241
1 5154 1606 118.26
1 5152 1607 118.28
1 5149 1607 118.3
1 5145 1607 118.319
1 5140 1607 118.339
1 5137 1608 118.361
1 5134 1608 118.379
1 5130 1608 118.399
1 5127 1609 118.419
1 5123 1609 118.44
1 5117 1610 118.461
1 5111 1610 118.48
1 5105 1610 118.5
1 5100 1611 118.519
1 5094 1611 118.54
1 5089 1612 118.559
1 5084 1612 118.58
1 5079 1612 118.601
1 5074 1613 118.62
1 5071 1613 118.64
1 5067 1613 118.66
1 5062 1613 118.68
1 5055 1614 118.7
1 5049 1614 118.719
1 5043 1614 118.74
1 5038 1614 118.76
1 5035 1614 118.78
1 5033 1614 118.801
1 5032 1614 118.82
1 5032 1614 118.841
1 5030 1614 118.861
1 5027 1615 118.88
1 5024 1615 118.901
1 5021 1615 118.919
1 5019 1615 118.94
1 5017 1616 118.96
1 5014 1616 118.98
1 5010 1616 119
1 5006 1617 119.02
1 5004 1617 119.04
1 5003 1617 119.06
1 5003 1617 119.08
1 5002 1617 119.1
1 5002 1617 119.12
1 5001 1617 119.14
1 4999 1617 119.16
1 4998 1617 119.18
1 4997 1617 119.2
1 4997 1618 119.22
1 4995 1618 119.24
1 4994 1618 119.26
1 4992 1618 119.28
1 4992 1618 119.3
1 4991 1618 119.32
1 4988 1618 119.34
1 4983 1618 119.36
1 4978 1619 119.38
1 4975 1619 119.4
1 4973 1619 119.42
1 4971 1619 119.44
1 4968 1619 119.46
1 4965 1620 119.48
1 4960 1620 119.503
1 4955 1620 119.521
1 4951 1620 119.54
1 4947 1621 119.56
1 4943 1621 119.58
1 4939 1621 119.6
1 4935 1621 119.62
1 4933 1621 119.64
1 4931 1622 119.66
1 4930 1622 119.68
1 4927 1622 119.7
1 4925 1623 119.72
1 4924 1623 119.74
1 4923 1623 119.76
1 4922 1623 119.78
1 4920 1623 119.8
1 4920 1624 119.82
1 4919 1624 119.84
1 4919 1624 119.86
1 4918 1624 119.88
1 4915 1624 119.9
1 4911 1625 119.92
1 4906 1625 119.947
1 4900 1625 119.962
1 4897 1626 119.98
1 4892 1626 120
1 4888 1626 120.02
1 4885 1626 120.04
1 4883 1626 120.06
1 4881 1626 120.08
1 4880 1626 120.1
1 4879 1626 120.12
1 4879 1626 120.14
1 4879 1626 120.16
1 4879 1626 120.18
1 4879 1626 120.2
1 4879 1626 120.22
1 4879 1626 120.239
1 4879 1626 120.26
1 4879 1626 120.279
1 4878 1626 120.3
1 4878 1626 120.319
1 4878 1626 120.34
1 4878 1626 120.361
1 4878 1626 120.38
1 4878 1626 120.4
1 4878 1626 120.421
