0 0 1499 45.3993
0 0 1499 45.4196
0 0 1499 45.4394
0 0 1499 45.4593
0 0 1499 45.4793
0 0 1499 45.4993
0 0 1499 45.5193
0 0 1499 45.5393
0 0 1499 45.5595
0 0 1499 45.5793
0 0 1499 45.5995
0 0 1499 45.6193
0 0 1499 45.6394
0 0 1499 45.6592
0 0 1499 45.6792
0 0 1499 45.6992
0 0 1499 45.7202
0 0 1499 45.7393
0 0 1499 45.7591
0 0 1499 45.7792
0 0 1499 45.7993
0 0 1499 45.8192
0 0 1499 45.8391
0 0 1499 45.8592
0 0 1499 45.8792
0 0 1499 45.8992
0 0 1499 45.9192
0 0 1499 45.9392
0 0 1499 45.9592
0 0 1499 45.979
0 0 1499 45.9991
0 0 1499 46.019
0 0 1499 46.0391
0 0 1499 46.059
0 0 1499 46.0791
0 0 1499 46.099
0 0 1498 46.1191
0 0 1498 46.139
0 0 1498 46.1591
0 0 1498 46.1791
0 0 1498 46.1989
0 0 1498 46.2189
0 0 1498 46.2389
0 0 1497 46.259
0 0 1496 46.2789
0 0 1496 46.2989
0 0 1495 46.3189
0 0 1495 46.339
0 0 1495 46.359
0 0 1494 46.3789
0 2 1494 46.3989
0 5 1494 46.4189
0 8 1494 46.439
0 11 1494 46.4589
0 16 1493 46.4788
0 21 1493 46.4989
0 29 1493 46.5188
0 39 1493 46.5389
0 50 1493 46.5589
0 62 1494 46.5791
0 75 1494 46.5989
0 89 1494 46.6188
0 102 1494 46.6389
0 112 1493 46.6589
0 120 1493 46.6789
0 126 1493 46.6988
0 131 1493 46.7189
0 134 1493 46.7389
0 136 1493 46.7589
0 138 1493 46.7797
0 139 1493 46.7989
0 141 1493 46.819
0 144 1493 46.8388
0 146 1492 46.859
0 148 1492 46.8789
0 152 1492 46.8989
0 156 1492 46.9189
0 159 1492 46.9392
0 161 1492 46.9589
0 163 1492 46.979
0 164 1492 46.9989
0 165 1492 47.0189
0 165 1492 47.0396
0 166 1492 47.0589
0 167 1492 47.0789
0 169 1492 47.0989
0 171 1491 47.1191
0 172 1491 47.1389
0 174 1491 47.1591
0 179 1491 47.1789
0 188 1492 47.199
0 204 1492 47.2195
0 225 1493 47.2395
0 250 1493 47.2596
0 276 1494 47.2795
0 298 1494 47.2994
0 314 1494 47.3195
0 324 1494 47.3394
0 331 1494 47.3595
0 335 1494 47.3794
0 338 1494 47.3994
0 340 1494 47.4195
0 342 1494 47.4389
0 344 1494 47.4589
0 346 1494 47.4789
0 348 1494 47.4989
0 350 1494 47.5189
0 352 1494 47.5389
0 354 1494 47.5589
0 356 1494 47.5789
0 358 1494 47.5989
0 362 1493 47.6196
0 368 1493 47.6389
0 374 1493 47.6589
0 380 1493 47.6789
0 385 1493 47.699
0 389 1493 47.7189
0 392 1493 47.7391
0 395 1493 47.7589
0 397 1492 47.7789
0 398 1492 47.7989
0 399 1492 47.8189
0 401 1492 47.839
0 404 1492 47.8589
0 407 1492 47.8789
0 412 1492 47.8989
0 420 1492 47.9189
0 430 1491 47.9389
0 441 1491 47.9589
0 450 1490 47.9791
0 457 1490 47.9989
0 462 1490 48.0189
0 465 1490 48.0389
0 466 1490 48.0589
0 468 1490 48.0791
0 469 1490 48.099
0 471 1490 48.1189
0 472 1490 48.1389
0 472 1490 48.1589
0 472 1490 48.1789
0 473 1490 48.2004
0 473 1490 48.2191
0 473 1490 48.2389
0 474 1490 48.259
0 476 1490 48.2789
0 478 1489 48.299
0 482 1489 48.319
0 485 1489 48.339
0 487 1489 48.3589
0 488 1489 48.3791
0 489 1489 48.399
0 489 1489 48.419
0 491 1489 48.439
0 494 1489 48.4589
0 498 1488 48.4789
0 502 1488 48.499
0 504 1488 48.5189
0 506 1488 48.5389
0 509 1488 48.5592
0 511 1488 48.579
0 513 1488 48.5989
0 516 1488 48.619
0 521 1488 48.639
0 527 1488 48.6589
0 535 1487 48.6789
0 544 1487 48.6989
0 553 1486 48.7191
0 561 1486 48.7389
0 568 1486 48.7591
0 574 1486 48.779
0 578 1486 48.7993
0 580 1486 48.8189
0 581 1486 48.839
0 582 1486 48.8591
0 583 1486 48.8789
0 583 1486 48.8989
0 583 1486 48.9191
0 583 1486 48.9389
0 583 1486 48.9589
0 584 1486 48.9791
0 586 1486 48.999
0 588 1486 49.0191
0 589 1486 49.039
0 589 1486 49.059
0 590 1486 49.0791
0 591 1486 49.0989
0 593 1486 49.1189
0 594 1486 49.1389
0 595 1486 49.159
0 597 1485 49.1789
0 599 1485 49.199
0 603 1485 49.2198
0 608 1485 49.239
0 612 1485 49.2591
0 617 1485 49.279
0 622 1485 49.2991
0 626 1484 49.319
0 630 1484 49.339
0 635 1484 49.3596
0 637 1484 49.379
0 640 1484 49.399
0 641 1484 49.419
0 643 1484 49.4389
0 646 1484 49.4589
0 649 1484 49.479
0 652 1484 49.499
0 654 1483 49.5191
0 655 1483 49.539
0 658 1483 49.559
0 661 1483 49.5791
0 665 1483 49.599
0 669 1483 49.6191
0 673 1483 49.639
0 677 1483 49.659
0 679 1483 49.6791
0 682 1483 49.699
0 685 1482 49.7194
0 689 1482 49.739
0 695 1482 49.7594
0 699 1482 49.779
0 704 1482 49.799
0 708 1481 49.8191
0 713 1481 49.839
0 718 1481 49.859
0 722 1481 49.879
0 727 1481 49.899
0 732 1480 49.919
0 738 1480 49.939
0 744 1480 49.9592
0 750 1480 49.979
0 756 1479 49.999
0 761 1479 50.019
0 765 1479 50.039
0 768 1479 50.0591
0 770 1479 50.079
0 771 1479 50.099
0 772 1479 50.1192
0 774 1479 50.1391
0 776 1479 50.159
0 777 1479 50.179
0 778 1479 50.1992
0 779 1479 50.219
0 780 1478 50.2393
0 783 1478 50.259
0 785 1478 50.279
0 788 1478 50.2992
0 791 1478 50.319
0 795 1478 50.339
0 799 1477 50.359
0 803 1477 50.379
0 808 1477 50.3991
0 814 1477 50.419
0 820 1476 50.4391
0 826 1476 50.459
0 831 1476 50.479
0 838 1476 50.499
0 844 1476 50.5191
0 850 1476 50.539
0 855 1476 50.559
0 860 1475 50.579
0 865 1475 50.5991
0 871 1475 50.619
0 876 1475 50.639
0 881 1475 50.6591
0 886 1475 50.6791
0 890 1475 50.6992
0 895 1475 50.719
0 899 1474 50.7392
0 903 1474 50.759
0 907 1474 50.7792
0 911 1474 50.799
0 916 1474 50.819
0 921 1474 50.839
0 925 1473 50.859
0 928 1473 50.879
0 931 1473 50.899
0 935 1473 50.919
0 940 1473 50.939
0 948 1473 50.959
0 955 1473 50.9791
0 962 1473 50.9991
0 969 1473 51.019
0 978 1473 51.0391
0 988 1473 51.059
0 999 1473 51.0791
0 1008 1473 51.0991
0 1013 1473 51.1192
0 1018 1473 51.139
0 1022 1473 51.159
0 1025 1472 51.179
0 1028 1472 51.199
0 1030 1472 51.219
0 1032 1472 51.24
0 1033 1472 51.259
0 1035 1472 51.2792
0 1037 1472 51.299
0 1040 1472 51.3192
0 1043 1472 51.3392
0 1046 1472 51.3592
0 1050 1472 51.379
0 1054 1472 51.399
0 1058 1472 51.419
0 1062 1472 51.439
0 1064 1472 51.459
0 1067 1471 51.4795
0 1069 1471 51.499
0 1071 1471 51.519
0 1073 1471 51.5391
0 1074 1471 51.559
0 1075 1471 51.579
0 1076 1471 51.5991
0 1076 1471 51.6191
0 1077 1471 51.6391
0 1077 1471 51.6592
0 1077 1471 51.679
0 1077 1471 51.6992
0 1077 1471 51.719
0 1077 1471 51.7391
0 1078 1471 51.759
0 1078 1471 51.7792
0 1078 1471 51.799
0 1078 1471 51.819
0 1078 1471 51.8392
0 1080 1471 51.859
0 1081 1471 51.879
0 1083 1471 51.8992
0 1086 1471 51.919
0 1090 1471 51.939
0 1092 1470 51.959
0 1094 1470 51.9791
0 1096 1470 51.999
0 1097 1470 52.019
0 1098 1470 52.0392
0 1099 1470 52.059
0 1100 1470 52.0792
0 1102 1470 52.0991
0 1105 1470 52.1191
0 1107 1470 52.139
0 1110 1469 52.1591
0 1113 1469 52.1791
0 1115 1469 52.1991
0 1117 1469 52.2191
0 1119 1469 52.2391
0 1119 1469 52.2591
0 1120 1469 52.2793
0 1121 1469 52.299
0 1121 1469 52.3191
0 1122 1469 52.3392
0 1122 1469 52.3592
0 1122 1469 52.379
0 1123 1469 52.3991
0 1123 1469 52.419
0 1124 1469 52.4391
0 1124 1469 52.4582
0 1124 1469 52.478
0 1124 1469 52.4982
0 1126 1469 52.518
0 1128 1469 52.539
0 1130 1469 52.558
0 1133 1469 52.5781
0 1135 1469 52.5981
0 1139 1468 52.6181
0 1143 1468 52.6382
0 1147 1468 52.6581
0 1152 1468 52.6781
0 1155 1468 52.6981
0 1158 1468 52.7181
0 1161 1468 52.7383
0 1164 1468 52.7581
0 1168 1468 52.7787
0 1171 1467 52.7981
0 1174 1467 52.8181
0 1177 1467 52.8382
0 1181 1467 52.8587
0 1184 1467 52.8781
0 1186 1467 52.8981
0 1189 1467 52.9188
0 1193 1467 52.9383
0 1201 1467 52.9587
0 1212 1467 52.9789
0 1223 1467 52.9987
0 1232 1467 53.0187
0 1241 1467 53.0386
0 1247 1467 53.0585
0 1253 1468 53.0785
0 1258 1468 53.0986
0 1261 1468 53.1188
0 1264 1468 53.1385
0 1265 1468 53.1586
0 1266 1468 53.1785
0 1267 1468 53.1986
0 1268 1468 53.2185
0 1269 1467 53.2386
0 1270 1467 53.2588
0 1271 1467 53.2784
0 1272 1467 53.2985
0 1273 1467 53.3184
0 1274 1467 53.3385
0 1275 1467 53.3584
0 1276 1467 53.3784
0 1276 1467 53.3985
0 1277 1467 53.4184
0 1278 1467 53.4384
0 1278 1467 53.4585
0 1278 1467 53.4784
0 1278 1467 53.4985
0 1279 1467 53.5184
0 1279 1467 53.5385
0 1279 1467 53.5584
0 1279 1467 53.5784
0 1279 1467 53.5984
0 1279 1467 53.6183
0 1279 1467 53.6383
0 1279 1467 53.6584
0 1279 1467 53.6783
0 1279 1467 53.6984
0 1280 1467 53.7184
0 1280 1467 53.7385
0 1281 1467 53.7584
0 1281 1467 53.7784
0 1282 1467 53.7982
0 1282 1467 53.8183
0 1284 1467 53.8382
0 1285 1467 53.8582
0 1286 1467 53.8783
0 1287 1467 53.8982
0 1288 1467 53.9183
0 1290 1467 53.9381
0 1291 1467 53.9582
0 1294 1467 53.9781
0 1297 1466 53.9982
0 1302 1466 54.0182
0 1309 1466 54.0382
0 1317 1465 54.0582
0 1325 1465 54.0781
0 1331 1465 54.0981
0 1336 1465 54.1181
0 1338 1465 54.1381
0 1340 1465 54.1581
0 1341 1465 54.1781
0 1342 1465 54.1984
0 1344 1465 54.2181
0 1348 1465 54.2382
0 1352 1465 54.2581
0 1357 1464 54.2781
0 1363 1464 54.2981
0 1369 1464 54.3181
0 1375 1464 54.3382
0 1382 1464 54.3581
0 1392 1464 54.3781
0 1404 1463 54.3981
0 1418 1463 54.4181
0 1434 1463 54.439
0 1450 1463 54.4581
0 1465 1463 54.4783
0 1478 1463 54.4989
0 1489 1462 54.5181
0 1498 1462 54.5382
0 1504 1462 54.5581
0 1508 1462 54.5782
0 1512 1462 54.5983
0 1515 1462 54.6181
0 1519 1462 54.6383
0 1522 1462 54.6581
0 1526 1462 54.6783
0 1530 1462 54.6981
0 1539 1462 54.7181
0 1551 1462 54.7382
0 1564 1462 54.7581
0 1581 1462 54.7787
0 1598 1462 54.7983
0 1615 1462 54.8181
0 1630 1462 54.8383
0 1644 1462 54.8587
0 1655 1462 54.8788
0 1664 1462 54.8986
0 1670 1462 54.9186
0 1675 1462 54.9388
0 1679 1462 54.9587
0 1683 1462 54.9787
0 1685 1462 54.9988
0 1687 1462 55.0186
0 1689 1462 55.0388
0 1691 1462 55.0581
0 1693 1462 55.0788
0 1695 1462 55.0986
0 1697 1462 55.1187
0 1699 1462 55.1388
0 1704 1462 55.1585
0 1712 1462 55.1785
0 1721 1462 55.1986
0 1731 1462 55.2185
0 1739 1462 55.239
0 1747 1462 55.2585
0 1754 1462 55.2787
0 1759 1462 55.2986
0 1763 1462 55.3186
0 1767 1462 55.3385
0 1770 1462 55.3585
0 1773 1462 55.3786
0 1775 1462 55.3989
0 1776 1462 55.4185
0 1777 1462 55.439
0 1778 1462 55.4584
0 1780 1462 55.4784
0 1783 1462 55.4991
0 1785 1462 55.5184
0 1788 1462 55.5393
0 1792 1461 55.5584
0 1795 1461 55.5783
0 1801 1461 55.5984
0 1808 1461 55.6185
0 1817 1461 55.6384
0 1825 1461 55.6584
0 1831 1461 55.6785
0 1837 1461 55.6987
0 1840 1461 55.7184
0 1843 1461 55.7389
0 1846 1461 55.7584
0 1850 1461 55.7785
0 1853 1461 55.7985
0 1857 1461 55.8183
0 1859 1461 55.8385
0 1862 1461 55.8583
0 1864 1461 55.8782
0 1867 1460 55.8983
0 1869 1460 55.9183
0 1873 1460 55.9383
0 1877 1460 55.9582
0 1883 1460 55.9782
0 1890 1460 55.9982
0 1897 1459 56.0182
0 1903 1459 56.0382
0 1909 1459 56.0582
0 1915 1459 56.0782
0 1919 1459 56.0985
0 1926 1459 56.1182
0 1933 1459 56.1382
0 1941 1459 56.1582
0 1949 1459 56.1789
0 1959 1458 56.1982
0 1970 1458 56.2182
0 1980 1458 56.2382
0 1989 1458 56.2582
0 1998 1457 56.2782
0 2006 1457 56.2991
0 2013 1457 56.3182
0 2017 1457 56.3383
0 2021 1457 56.3582
0 2023 1457 56.3783
0 2025 1457 56.3982
0 2027 1457 56.4191
0 2029 1457 56.4383
0 2030 1457 56.4591
0 2031 1457 56.4782
0 2032 1457 56.4992
0 2036 1457 56.5191
0 2041 1457 56.5382
0 2049 1457 56.5584
0 2057 1457 56.5783
0 2067 1457 56.5983
0 2077 1457 56.6183
0 2087 1458 56.6389
0 2097 1458 56.6582
0 2106 1458 56.6789
0 2114 1458 56.6982
0 2122 1458 56.7183
0 2130 1458 56.7384
0 2138 1458 56.7589
0 2145 1458 56.7789
0 2150 1458 56.7983
0 2155 1458 56.8187
0 2158 1458 56.8406
0 2160 1457 56.8587
0 2162 1457 56.8787
0 2165 1457 56.8987
0 2167 1457 56.9198
0 2169 1457 56.9387
0 2170 1457 56.9587
0 2172 1457 56.9787
0 2177 1457 56.9988
0 2183 1458 57.0187
0 2190 1458 57.0388
0 2197 1458 57.0587
0 2204 1458 57.0787
0 2210 1458 57.0987
0 2215 1458 57.1188
0 2218 1458 57.1387
0 2221 1458 57.1597
0 2222 1458 57.1786
0 2224 1458 57.1987
0 2226 1458 57.2187
0 2229 1458 57.2387
0 2232 1458 57.2589
0 2234 1458 57.2787
0 2237 1458 57.2988
0 2239 1457 57.3186
0 2242 1457 57.3385
0 2244 1457 57.3585
0 2246 1457 57.3785
0 2249 1457 57.3986
0 2253 1457 57.4185
0 2258 1457 57.4385
0 2264 1457 57.4585
0 2273 1458 57.4785
0 2283 1458 57.4986
0 2293 1458 57.5185
0 2302 1458 57.5385
0 2312 1458 57.5585
0 2318 1458 57.5785
0 2323 1457 57.5984
0 2327 1457 57.6186
0 2331 1457 57.6384
0 2334 1457 57.6585
0 2336 1457 57.6784
0 2338 1457 57.6984
0 2339 1457 57.7185
0 2341 1457 57.7384
0 2344 1457 57.7584
0 2347 1457 57.7785
0 2350 1457 57.7993
0 2354 1457 57.8184
0 2357 1456 57.8385
0 2362 1456 57.8585
0 2365 1456 57.8783
0 2369 1456 57.8984
0 2372 1456 57.9183
0 2374 1456 57.9383
0 2375 1456 57.9583
0 2377 1456 57.9783
0 2379 1456 57.9983
0 2381 1456 58.0184
0 2383 1455 58.0383
0 2386 1455 58.0583
0 2389 1455 58.0783
0 2393 1455 58.0983
0 2397 1455 58.1183
0 2401 1454 58.1383
0 2403 1454 58.1585
0 2406 1454 58.1783
0 2408 1454 58.1992
0 2409 1454 58.2182
0 2411 1454 58.239
0 2413 1454 58.2583
0 2415 1454 58.2792
0 2417 1454 58.299
0 2419 1454 58.319
0 2420 1454 58.3422
0 2422 1454 58.3583
0 2425 1453 58.3783
0 2428 1453 58.3991
0 2431 1453 58.419
0 2433 1453 58.4382
0 2435 1453 58.4584
0 2437 1453 58.4789
0 2439 1453 58.4989
0 2441 1453 58.5191
0 2444 1453 58.5383
0 2448 1453 58.5583
0 2451 1453 58.5789
0 2455 1452 58.5991
0 2459 1452 58.619
0 2463 1452 58.6391
0 2466 1452 58.6589
0 2468 1452 58.6791
0 2470 1452 58.6988
0 2472 1452 58.7189
0 2474 1452 58.7388
0 2475 1452 58.7589
0 2478 1452 58.7788
0 2480 1452 58.799
0 2484 1452 58.8187
0 2487 1452 58.8388
0 2490 1452 58.8588
0 2492 1452 58.8787
0 2494 1452 58.8988
0 2496 1452 58.9199
0 2497 1452 58.9388
0 2499 1452 58.9587
0 2500 1452 58.9787
0 2503 1452 58.9987
0 2508 1452 59.0187
0 2515 1452 59.0387
0 2523 1452 59.0587
0 2532 1452 59.0787
0 2539 1452 59.0986
0 2545 1452 59.1186
0 2553 1452 59.1386
0 2561 1452 59.1587
0 2569 1452 59.1787
0 2574 1452 59.1988
0 2578 1452 59.2187
0 2580 1452 59.2386
0 2583 1453 59.2586
0 2584 1453 59.2785
0 2585 1453 59.2985
0 2586 1453 59.3186
0 2587 1453 59.3386
0 2587 1453 59.3585
0 2588 1453 59.3786
0 2589 1453 59.3985
0 2589 1453 59.4186
0 2589 1453 59.4386
0 2590 1453 59.4585
0 2591 1453 59.4786
0 2592 1453 59.4985
0 2594 1453 59.5183
0 2596 1453 59.5385
0 2598 1453 59.5584
0 2601 1453 59.5784
0 2607 1453 59.5983
0 2614 1453 59.6184
0 2622 1453 59.6383
0 2630 1453 59.6584
0 2637 1454 59.6785
0 2644 1454 59.6984
0 2649 1454 59.7184
0 2653 1454 59.7385
0 2656 1454 59.7583
0 2659 1454 59.7785
0 2662 1454 59.7983
0 2666 1454 59.8183
0 2671 1454 59.8383
0 2677 1454 59.8583
0 2682 1455 59.8783
0 2687 1455 59.8983
0 2693 1455 59.9184
0 2697 1455 59.9392
0 2702 1455 59.9583
0 2705 1455 59.9783
0 2708 1455 59.9983
0 2709 1455 60.0183
0 2710 1455 60.0384
0 2711 1455 60.0583
0 2712 1455 60.0783
0 2713 1455 60.0984
0 2713 1455 60.1184
0 2713 1455 60.1383
0 2713 1455 60.1585
0 2712 1455 60.1783
0 2712 1455 60.1983
0 2711 1456 60.2183
0 2710 1456 60.2383
0 2710 1456 60.2584
0 2709 1456 60.2783
0 2711 1456 60.2983
0 2717 1456 60.3183
0 2724 1456 60.3383
0 2734 1457 60.3584
0 2743 1457 60.3789
0 2750 1457 60.399
0 2753 1458 60.4185
0 2755 1458 60.439
0 2755 1458 60.459
0 2755 1458 60.4783
0 2754 1458 60.499
0 2753 1459 60.519
0 2751 1459 60.539
0 2749 1459 60.559
0 2745 1459 60.579
0 2742 1460 60.599
0 2739 1460 60.619
0 2735 1460 60.6388
0 2731 1461 60.6588
0 2726 1461 60.6788
0 2722 1461 60.6988
0 2719 1462 60.7188
0 2716 1462 60.7389
0 2714 1462 60.7592
0 2711 1462 60.7789
0 2708 1463 60.7988
0 2704 1463 60.8193
0 2701 1463 60.8389
0 2700 1463 60.8588
0 2699 1463 60.8788
0 2698 1463 60.8988
0 2698 1463 60.9187
0 2698 1463 60.9387
0 2698 1463 60.9587
0 2697 1463 60.9789
0 2697 1463 60.9987
0 2697 1463 61.0186
0 2697 1463 61.0388
0 2697 1463 61.0586
0 2697 1463 61.0787
0 2697 1463 61.0986
0 2697 1463 61.1187
0 2697 1463 61.1387
0 2697 1463 61.1587
0 2697 1463 61.1786
0 2697 1463 61.1986
0 2697 1463 61.2186
0 2696 1464 61.2386
0 2696 1464 61.2586
0 2695 1464 61.2786
0 2694 1464 61.2985
0 2693 1464 61.3185
0 2691 1464 61.3386
0 2689 1464 61.3587
0 2687 1464 61.3785
0 2684 1465 61.3986
0 2683 1465 61.4185
0 2682 1465 61.4384
0 2681 1465 61.4584
0 2680 1465 61.4785
0 2680 1465 61.4985
0 2680 1465 61.5184
0 2680 1465 61.5385
0 2680 1465 61.5586
0 2680 1465 61.5784
0 2680 1465 61.5985
0 2680 1465 61.6184
0 2679 1465 61.6384
0 2678 1465 61.6587
0 2677 1465 61.6784
0 2676 1465 61.6986
0 2676 1465 61.7183
0 2676 1465 61.7395
0 2675 1465 61.7584
0 2676 1465 61.7784
0 2676 1465 61.7984
0 2678 1465 61.8184
0 2683 1466 61.8384
0 2690 1466 61.8584
0 2697 1466 61.8784
0 2702 1466 61.8984
0 2704 1467 61.9183
0 2705 1467 61.9384
0 2704 1467 61.9585
0 2703 1467 61.9784
0 2702 1467 61.9983
0 2700 1468 62.0184
0 2697 1468 62.0383
0 2694 1468 62.0583
0 2690 1468 62.0783
0 2685 1469 62.0992
0 2679 1469 62.1183
0 2672 1470 62.1384
0 2664 1470 62.1584
0 2659 1471 62.1792
0 2657 1472 62.1984
0 2658 1473 62.2192
0 2660 1473 62.2385
0 2664 1474 62.2584
0 2666 1475 62.2784
0 2665 1476 62.2983
0 2662 1477 62.3191
0 2657 1477 62.3384
0 2650 1478 62.3584
0 2640 1479 62.3792
0 2628 1479 62.399
0 2616 1480 62.419
0 2606 1481 62.4383
0 2602 1482 62.459
0 2604 1483 62.479
0 2610 1484 62.499
0 2619 1484 62.519
0 2625 1485 62.539
0 2630 1485 62.5589
0 2632 1485 62.5789
0 2633 1485 62.5989
0 2631 1486 62.6189
0 2627 1486 62.6389
0 2621 1486 62.6589
0 2613 1487 62.679
0 2604 1487 62.6988
0 2594 1488 62.719
0 2585 1488 62.7389
0 2576 1489 62.7589
0 2568 1489 62.7788
0 2559 1490 62.7989
0 2552 1490 62.8189
0 2544 1491 62.8388
0 2536 1491 62.8587
0 2528 1491 62.8788
0 2520 1492 62.899
0 2510 1492 62.9188
0 2501 1493 62.9389
0 2492 1493 62.9587
0 2488 1494 62.9788
0 2486 1494 62.9987
0 2487 1495 63.0188
0 2489 1495 63.0389
0 2490 1496 63.0587
0 2492 1496 63.0789
0 2493 1497 63.0986
0 2493 1497 63.1186
0 2492 1497 63.1386
0 2491 1498 63.1586
0 2491 1498 63.1797
0 2491 1498 63.1987
0 2491 1498 63.2187
0 2491 1498 63.2387
0 2491 1498 63.2598
0 2491 1498 63.2787
0 2491 1498 63.2986
0 2491 1498 63.3186
0 2491 1498 63.3388
0 2490 1498 63.3587
0 2490 1498 63.3786
0 2489 1498 63.3985
0 2488 1498 63.4185
0 2487 1498 63.4386
0 2486 1498 63.4585
0 2485 1498 63.4785
0 2486 1498 63.4984
0 2489 1498 63.5185
0 2494 1499 63.5385
0 2503 1499 63.5584
0 2513 1499 63.5784
0 2522 1499 63.5987
0 2531 1499 63.6185
0 2539 1500 63.6384
0 2546 1500 63.6585
0 2551 1500 63.6784
0 2554 1500 63.6985
0 2557 1500 63.7184
0 2558 1500 63.7385
0 2559 1500 63.7585
0 2560 1500 63.7784
0 2561 1500 63.7984
0 2561 1500 63.8195
0 2562 1500 63.8384
0 2563 1500 63.8586
0 2564 1500 63.8784
0 2565 1500 63.8984
0 2567 1500 63.9184
0 2569 1500 63.9384
0 2573 1501 63.9584
0 2579 1501 63.9784
0 2586 1501 63.9984
0 2596 1501 64.0185
0 2608 1502 64.0384
0 2621 1502 64.0594
0 2634 1502 64.0784
0 2645 1503 64.0987
0 2654 1503 64.1184
0 2661 1503 64.1384
0 2667 1503 64.1593
0 2674 1503 64.1784
0 2681 1504 64.1984
0 2687 1504 64.2184
0 2693 1504 64.2391
0 2698 1504 64.2584
0 2702 1504 64.2786
0 2705 1504 64.2984
0 2707 1504 64.3184
0 2709 1504 64.3385
0 2710 1505 64.3584
0 2711 1505 64.3784
0 2712 1505 64.3992
0 2714 1505 64.4192
0 2715 1505 64.4392
0 2717 1505 64.4592
0 2718 1505 64.479
0 2720 1505 64.4991
0 2721 1505 64.5191
0 2723 1505 64.5392
0 2725 1505 64.5591
0 2728 1505 64.58
0 2732 1505 64.599
0 2737 1505 64.6191
0 2741 1505 64.6391
0 2744 1505 64.6591
0 2746 1505 64.6789
0 2747 1505 64.6991
0 2749 1505 64.7189
0 2750 1505 64.7388
0 2751 1505 64.759
0 2751 1505 64.7788
0 2752 1506 64.7988
0 2752 1506 64.819
0 2753 1506 64.8388
0 2754 1506 64.8589
0 2755 1506 64.8788
0 2756 1506 64.8989
0 2756 1506 64.9184
0 2757 1506 64.9385
0 2757 1506 64.9592
0 2758 1506 64.9784
0 2759 1506 64.9986
0 2759 1506 65.0185
0 2760 1506 65.0389
0 2760 1506 65.0585
0 2761 1506 65.0785
0 2762 1506 65.0985
0 2763 1506 65.1186
0 2763 1506 65.1384
0 2764 1506 65.1587
0 2764 1506 65.1784
0 2765 1506 65.1986
0 2766 1506 65.2184
0 2767 1506 65.2386
0 2769 1506 65.2584
0 2770 1506 65.2786
0 2770 1506 65.2984
0 2771 1506 65.3187
0 2771 1506 65.3385
0 2772 1506 65.3586
0 2773 1506 65.3785
0 2773 1506 65.3984
0 2774 1506 65.4185
0 2774 1506 65.4387
0 2774 1506 65.4587
0 2775 1506 65.4785
0 2775 1506 65.4986
0 2775 1506 65.5185
0 2775 1506 65.5385
0 2775 1506 65.5585
0 2775 1506 65.5785
1 2775 1506 66.2587
1 2775 1506 66.2785
1 2775 1506 66.2986
1 2775 1506 66.3185
1 2775 1506 66.3385
1 2775 1506 66.3585
1 2775 1506 66.3785
1 2775 1506 66.3985
1 2775 1506 66.4185
1 2775 1506 66.4387
1 2774 1506 66.4585
1 2772 1506 66.4787
1 2771 1506 66.4985
1 2768 1506 66.52
1 2764 1506 66.5385
1 2759 1506 66.5585
1 2752 1507 66.5786
1 2746 1507 66.5986
1 2739 1507 66.6185
1 2734 1508 66.6387
1 2729 1508 66.6585
1 2725 1508 66.6785
1 2720 1508 66.6985
1 2714 1509 66.7185
1 2708 1509 66.7387
1 2701 1509 66.7585
1 2693 1509 66.7785
1 2686 1510 66.7987
1 2683 1510 66.8187
1 2683 1511 66.8385
1 2688 1511 66.8585
1 2694 1512 66.8787
1 2703 1513 66.8985
1 2713 1513 66.9185
1 2723 1514 66.9385
1 2732 1515 66.9588
1 2739 1516 66.9785
1 2741 1516 66.9985
1 2739 1517 67.0185
1 2734 1518 67.0385
1 2726 1518 67.0585
1 2719 1519 67.0785
1 2713 1519 67.0987
1 2708 1520 67.1185
1 2704 1520 67.1386
1 2702 1520 67.1585
1 2700 1521 67.1785
1 2699 1521 67.1986
1 2697 1522 67.2186
1 2695 1522 67.2387
1 2692 1523 67.2585
1 2691 1523 67.2785
1 2689 1524 67.2985
1 2689 1524 67.3187
1 2689 1524 67.3385
1 2687 1525 67.3585
1 2686 1525 67.3785
1 2685 1526 67.3985
1 2685 1526 67.4187
1 2686 1526 67.4385
1 2687 1526 67.4587
1 2687 1527 67.4785
1 2687 1527 67.4985
1 2687 1527 67.5185
1 2687 1528 67.5415
1 2687 1528 67.5586
1 2688 1528 67.5785
1 2690 1528 67.5985
1 2692 1528 67.6185
1 2694 1529 67.6386
1 2697 1529 67.6586
1 2699 1529 67.6785
1 2700 1529 67.6986
1 2702 1530 67.7186
1 2703 1530 67.7386
1 2705 1530 67.7587
1 2707 1531 67.7786
1 2711 1531 67.7985
1 2715 1531 67.8187
1 2718 1532 67.8385
1 2722 1532 67.8585
1 2726 1532 67.8786
1 2730 1533 67.8985
1 2734 1533 67.9185
1 2737 1533 67.9386
1 2739 1533 67.9585
1 2739 1534 67.9787
1 2739 1534 67.9985
1 2739 1534 68.0187
1 2737 1534 68.0385
1 2736 1534 68.0587
1 2734 1534 68.0785
1 2733 1534 68.0987
1 2732 1534 68.1186
1 2730 1534 68.1386
1 2728 1535 68.1585
1 2727 1535 68.1785
1 2727 1535 68.1985
1 2729 1535 68.2186
1 2731 1535 68.2387
1 2734 1536 68.2585
1 2735 1536 68.2787
1 2735 1536 68.2985
1 2736 1536 68.3188
1 2737 1537 68.3386
1 2739 1537 68.3588
1 2741 1537 68.3786
1 2744 1537 68.3986
1 2746 1537 68.4186
1 2750 1538 68.4387
1 2753 1538 68.4585
1 2757 1538 68.4793
1 2759 1538 68.4986
1 2761 1538 68.5187
1 2761 1538 68.5386
1 2759 1538 68.5592
1 2757 1538 68.5795
1 2754 1539 68.5986
1 2751 1539 68.6186
1 2748 1539 68.6386
1 2748 1539 68.6586
1 2748 1539 68.6786
1 2748 1540 68.6986
1 2747 1540 68.7186
1 2745 1540 68.7387
1 2744 1540 68.7586
1 2743 1540 68.7787
1 2742 1540 68.7987
1 2741 1541 68.8186
1 2739 1541 68.8386
1 2739 1541 68.8586
1 2738 1541 68.8786
1 2737 1541 68.8987
1 2736 1541 68.9186
1 2735 1542 68.9386
1 2735 1542 68.9586
1 2735 1542 68.9787
1 2736 1542 68.9986
1 2737 1542 69.0186
1 2737 1542 69.0389
1 2737 1542 69.0586
1 2738 1542 69.0788
1 2738 1542 69.0986
1 2738 1542 69.1188
1 2738 1542 69.1386
1 2738 1542 69.1586
0 2744 1542 70.0776
0 2746 1542 70.0983
0 2748 1542 70.1178
0 2748 1542 70.1383
0 2749 1542 70.1582
0 2750 1542 70.1783
0 2751 1542 70.1982
0 2754 1541 70.2183
0 2757 1541 70.2381
0 2761 1541 70.2578
0 2764 1541 70.2782
0 2767 1541 70.2981
0 2770 1541 70.3182
0 2772 1541 70.3386
0 2775 1541 70.3581
0 2778 1541 70.3781
0 2781 1541 70.3982
0 2784 1541 70.4182
0 2787 1541 70.4381
0 2792 1541 70.4579
0 2797 1541 70.4781
0 2805 1541 70.4983
0 2813 1541 70.5181
0 2823 1540 70.538
0 2835 1540 70.558
0 2846 1540 70.578
0 2858 1540 70.598
0 2870 1540 70.618
0 2885 1540 70.6382
0 2901 1540 70.658
0 2916 1540 70.6781
0 2933 1540 70.6981
0 2949 1540 70.7179
0 2962 1540 70.7378
0 2972 1540 70.7578
0 2978 1540 70.7778
0 2984 1540 70.7979
0 2987 1540 70.8178
0 2990 1540 70.839
0 2992 1540 70.858
0 2993 1540 70.8779
0 2994 1540 70.8979
0 2996 1540 70.9178
0 2999 1540 70.938
0 3002 1540 70.9578
0 3006 1540 70.9779
0 3010 1540 70.9979
0 3013 1540 71.0178
0 3014 1540 71.0379
0 3015 1540 71.0579
0 3017 1540 71.0779
0 3018 1540 71.0977
0 3020 1540 71.1178
0 3023 1540 71.1377
0 3025 1540 71.1577
0 3029 1539 71.1777
0 3031 1539 71.1977
0 3035 1539 71.2177
0 3039 1539 71.2377
0 3043 1539 71.2577
0 3046 1539 71.2777
0 3051 1539 71.2976
0 3055 1539 71.3177
0 3061 1539 71.3384
0 3069 1539 71.3577
0 3075 1539 71.3776
0 3079 1539 71.3976
0 3083 1539 71.4188
0 3086 1539 71.4377
0 3088 1539 71.4578
0 3090 1539 71.4777
0 3093 1539 71.4978
0 3096 1539 71.5176
0 3098 1539 71.5376
0 3100 1539 71.5577
0 3101 1539 71.5776
0 3103 1539 71.5978
0 3104 1539 71.6179
0 3106 1539 71.6378
0 3108 1539 71.6576
0 3110 1539 71.6785
0 3112 1539 71.7014
0 3114 1539 71.7177
0 3115 1539 71.7377
0 3117 1539 71.7577
0 3121 1539 71.7777
0 3125 1539 71.7977
0 3129 1539 71.8185
0 3133 1539 71.8379
0 3136 1539 71.8577
0 3139 1539 71.8777
0 3140 1539 71.8977
0 3142 1539 71.9177
0 3143 1539 71.9377
0 3144 1539 71.9584
0 3144 1539 71.9777
0 3146 1539 71.9983
0 3148 1539 72.0177
0 3151 1539 72.0383
0 3155 1538 72.0585
0 3159 1538 72.0783
0 3163 1538 72.0982
0 3167 1538 72.1183
0 3171 1538 72.1382
0 3176 1538 72.1582
0 3185 1538 72.1783
0 3195 1538 72.1982
0 3205 1538 72.2182
0 3218 1538 72.2384
0 3231 1538 72.2582
0 3244 1539 72.2781
0 3256 1539 72.2982
0 3266 1539 72.3183
0 3273 1538 72.3388
0 3280 1538 72.3581
0 3286 1538 72.3786
0 3291 1538 72.3981
0 3296 1538 72.418
0 3299 1538 72.4381
0 3302 1538 72.4582
0 3305 1538 72.478
0 3307 1538 72.4982
0 3310 1538 72.5181
0 3314 1538 72.5381
0 3319 1538 72.5581
0 3324 1538 72.5782
0 3326 1538 72.5981
0 3328 1538 72.6179
0 3329 1538 72.6379
0 3331 1538 72.6579
0 3333 1538 72.6779
0 3335 1538 72.6979
0 3336 1538 72.718
0 3338 1538 72.738
0 3340 1538 72.7579
0 3343 1538 72.7779
0 3347 1538 72.798
0 3351 1538 72.8179
0 3356 1538 72.8379
0 3363 1538 72.858
0 3370 1538 72.8778
0 3377 1538 72.898
0 3383 1538 72.9178
0 3389 1538 72.9378
0 3394 1538 72.9578
0 3397 1538 72.9778
0 3401 1538 72.998
0 3403 1538 73.0179
0 3405 1538 73.0378
0 3406 1537 73.0578
0 3408 1537 73.0778
0 3411 1537 73.0978
0 3413 1537 73.118
0 3415 1537 73.1378
0 3417 1537 73.1578
0 3418 1537 73.1778
0 3420 1537 73.1978
0 3420 1537 73.218
0 3421 1537 73.2378
0 3422 1537 73.2577
0 3423 1537 73.2777
0 3425 1537 73.2977
0 3428 1537 73.3178
0 3433 1537 73.3377
0 3438 1537 73.3579
0 3442 1537 73.3789
0 3444 1537 73.3979
0 3446 1537 73.4178
0 3450 1537 73.4377
0 3456 1537 73.4578
0 3463 1537 73.4777
0 3469 1538 73.498
0 3475 1538 73.5178
0 3480 1538 73.538
0 3484 1538 73.5577
0 3488 1538 73.5779
0 3492 1538 73.5977
0 3495 1537 73.6177
0 3498 1537 73.6386
0 3502 1537 73.6577
0 3506 1537 73.6786
0 3512 1537 73.6979
0 3517 1538 73.7178
0 3525 1538 73.7387
0 3532 1538 73.7585
0 3539 1538 73.7777
0 3545 1538 73.7986
0 3551 1538 73.8178
0 3556 1538 73.8378
0 3561 1538 73.8577
0 3566 1538 73.8784
0 3569 1538 73.8977
0 3571 1538 73.9187
0 3573 1538 73.9377
0 3574 1538 73.9577
0 3575 1538 73.9777
0 3575 1538 73.9983
0 3577 1538 74.0178
0 3577 1538 74.0383
0 3579 1538 74.0583
0 3581 1538 74.0784
0 3583 1537 74.0983
0 3585 1537 74.1183
0 3588 1537 74.1383
0 3589 1537 74.1583
0 3590 1537 74.1783
0 3591 1537 74.1983
0 3592 1537 74.2183
0 3594 1537 74.2383
0 3595 1537 74.2581
0 3596 1537 74.2782
0 3596 1537 74.2981
0 3598 1537 74.3183
0 3599 1537 74.3382
0 3601 1537 74.3582
0 3605 1537 74.3789
0 3609 1537 74.3983
0 3613 1537 74.4181
0 3617 1537 74.4381
0 3621 1537 74.4581
0 3625 1537 74.4782
0 3630 1537 74.498
0 3634 1537 74.518
0 3638 1537 74.538
0 3642 1537 74.558
0 3647 1537 74.578
0 3654 1537 74.5981
0 3662 1537 74.6192
0 3668 1537 74.6381
0 3674 1537 74.6591
0 3680 1537 74.678
0 3685 1537 74.698
0 3689 1537 74.719
0 3693 1537 74.739
0 3695 1537 74.7581
0 3697 1537 74.7779
0 3699 1537 74.7979
0 3700 1537 74.8179
0 3701 1537 74.8382
0 3701 1537 74.858
0 3703 1537 74.8779
0 3704 1537 74.898
0 3705 1537 74.918
0 3705 1537 74.938
0 3705 1537 74.958
0 3706 1537 74.9779
0 3706 1537 74.998
0 3706 1537 75.0179
0 3707 1537 75.038
0 3707 1537 75.058
0 3708 1537 75.0779
0 3708 1537 75.0979
0 3709 1537 75.1178
0 3711 1537 75.1381
0 3713 1537 75.1578
0 3716 1536 75.1778
0 3719 1536 75.1978
0 3722 1536 75.2179
0 3724 1536 75.2378
0 3728 1536 75.2579
0 3732 1536 75.2778
0 3737 1536 75.2978
0 3741 1536 75.3178
0 3745 1536 75.3378
0 3749 1536 75.3578
0 3753 1536 75.3778
0 3757 1536 75.3978
0 3761 1536 75.4178
0 3763 1535 75.438
0 3765 1535 75.458
0 3766 1535 75.478
0 3767 1535 75.4978
0 3768 1535 75.5178
0 3769 1535 75.5378
0 3769 1535 75.5578
0 3770 1535 75.5786
0 3771 1535 75.5978
0 3772 1536 75.6179
0 3773 1536 75.6379
0 3774 1536 75.6578
0 3775 1536 75.6778
0 3775 1536 75.6979
0 3776 1536 75.7179
0 3776 1536 75.7379
0 3776 1536 75.7579
0 3777 1536 75.7779
0 3777 1536 75.798
0 3778 1536 75.8179
0 3779 1536 75.8386
0 3780 1536 75.8578
0 3782 1536 75.8778
0 3784 1535 75.8979
0 3786 1535 75.9183
0 3788 1535 75.9385
0 3790 1535 75.9584
0 3791 1535 75.9784
0 3793 1535 75.9984
0 3794 1535 76.0183
0 3795 1535 76.0384
0 3796 1535 76.0584
0 3796 1535 76.0784
0 3797 1535 76.0984
0 3798 1535 76.1184
0 3799 1535 76.1385
0 3799 1535 76.1583
0 3800 1535 76.1783
0 3800 1535 76.1983
0 3801 1535 76.2183
0 3801 1535 76.2382
0 3802 1535 76.2582
0 3803 1535 76.2782
0 3804 1535 76.2982
0 3804 1535 76.3183
0 3804 1535 76.3383
0 3805 1535 76.3583
0 3805 1535 76.3784
0 3805 1535 76.3982
0 3806 1535 76.4183
0 3806 1535 76.438
0 3808 1535 76.4581
0 3810 1535 76.4781
0 3812 1535 76.498
0 3813 1535 76.5181
0 3815 1535 76.538
0 3817 1535 76.5581
0 3819 1535 76.578
0 3821 1535 76.598
0 3823 1535 76.618
0 3823 1535 76.638
0 3825 1535 76.6582
0 3826 1535 76.6781
0 3829 1535 76.6981
0 3833 1535 76.7179
0 3838 1535 76.738
0 3843 1534 76.7581
0 3848 1534 76.7779
0 3852 1534 76.7981
0 3854 1534 76.818
0 3856 1534 76.8381
0 3857 1534 76.858
0 3858 1534 76.8781
0 3858 1534 76.898
0 3859 1534 76.9179
0 3859 1534 76.9379
0 3859 1534 76.9581
0 3859 1534 76.978
0 3860 1534 76.9979
0 3860 1534 77.0178
0 3860 1534 77.0379
0 3860 1534 77.058
1 3860 1534 77.6588
1 3860 1534 77.6785
1 3860 1534 77.6981
1 3860 1534 77.7185
1 3860 1534 77.7386
1 3860 1534 77.7585
1 3860 1534 77.7785
1 3860 1534 77.7991
1 3860 1534 77.8185
1 3860 1534 77.8384
1 3860 1534 77.8586
1 3860 1534 77.8784
1 3860 1534 77.8984
1 3860 1534 77.9185
1 3859 1534 77.9385
1 3859 1534 77.9584
1 3858 1534 77.9784
1 3858 1534 77.9984
1 3860 1534 78.0185
1 3864 1535 78.0384
1 3870 1535 78.0584
1 3876 1535 78.0783
1 3881 1536 78.0985
1 3886 1536 78.1182
1 3891 1537 78.1382
1 3897 1537 78.1582
1 3904 1537 78.1783
1 3911 1538 78.1983
1 3918 1538 78.2184
1 3926 1539 78.2383
1 3934 1539 78.2582
1 3943 1539 78.2782
1 3953 1540 78.2983
1 3962 1540 78.3183
1 3971 1541 78.3384
1 3978 1541 78.3583
1 3983 1541 78.3783
1 3987 1542 78.3982
1 3988 1542 78.4182
1 3988 1542 78.4381
1 3986 1542 78.4581
1 3985 1542 78.4781
1 3984 1542 78.4981
1 3983 1542 78.5182
1 3982 1543 78.5382
1 3981 1543 78.5581
1 3980 1543 78.5781
1 3979 1543 78.5982
1 3976 1544 78.6192
1 3973 1544 78.6381
1 3970 1544 78.658
1 3968 1545 78.6779
1 3966 1545 78.698
1 3966 1545 78.718
1 3965 1546 78.738
1 3964 1546 78.758
1 3964 1546 78.7783
1 3962 1547 78.798
1 3960 1547 78.818
1 3957 1547 78.838
1 3953 1548 78.858
1 3947 1548 78.878
1 3941 1548 78.898
1 3936 1549 78.9179
1 3932 1549 78.9379
1 3929 1549 78.9579
1 3926 1549 78.978
1 3925 1550 78.9979
1 3924 1550 79.0179
1 3924 1550 79.038
1 3924 1550 79.0579
1 3924 1550 79.0779
1 3924 1550 79.0979
1 3924 1550 79.1179
1 3925 1550 79.1379
1 3926 1550 79.1579
1 3927 1550 79.1779
1 3929 1550 79.1979
1 3930 1551 79.2179
1 3931 1551 79.2379
1 3932 1551 79.258
1 3933 1551 79.2779
1 3934 1551 79.2987
1 3935 1551 79.3179
1 3936 1551 79.3387
1 3936 1551 79.3579
1 3936 1551 79.3787
1 3937 1551 79.3981
1 3938 1551 79.4179
1 3938 1551 79.4379
1 3939 1551 79.458
1 3939 1551 79.4779
1 3939 1551 79.4981
1 3939 1551 79.518
1 3939 1551 79.5379
1 3939 1551 79.5581
1 3940 1551 79.5779
1 3941 1552 79.5986
1 3940 1552 79.6179
1 3938 1552 79.6379
1 3935 1552 79.6586
1 3932 1553 79.6779
1 3928 1553 79.698
1 3925 1553 79.7185
1 3922 1553 79.7386
1 3919 1554 79.7596
1 3916 1554 79.7786
1 3914 1554 79.7987
1 3914 1554 79.8186
1 3914 1555 79.8386
1 3914 1555 79.8584
1 3913 1555 79.8785
1 3912 1555 79.8984
1 3910 1555 79.9185
1 3908 1556 79.9384
1 3906 1556 79.9585
1 3903 1556 79.9785
1 3899 1557 79.9987
1 3895 1557 80.0183
1 3890 1557 80.0383
1 3887 1557 80.0583
1 3883 1558 80.0783
1 3881 1558 80.0983
1 3880 1558 80.1185
1 3879 1559 80.1384
1 3877 1559 80.1583
1 3875 1559 80.1783
1 3872 1559 80.1983
1 3868 1560 80.2184
1 3865 1560 80.2384
1 3861 1560 80.2586
1 3858 1560 80.2783
1 3854 1560 80.2983
1 3850 1561 80.3181
1 3847 1561 80.3382
1 3845 1561 80.3582
1 3843 1561 80.3782
1 3842 1561 80.3981
1 3841 1562 80.4182
1 3838 1562 80.4382
1 3833 1562 80.4582
1 3828 1562 80.4782
1 3823 1563 80.4981
1 3818 1563 80.5182
1 3813 1563 80.5382
1 3809 1563 80.5581
1 3806 1564 80.578
1 3804 1564 80.598
1 3803 1564 80.6185
1 3803 1564 80.638
1 3802 1564 80.6582
1 3802 1564 80.6781
1 3803 1564 80.698
1 3804 1565 80.7181
1 3805 1565 80.7381
1 3805 1565 80.7582
1 3805 1565 80.778
1 3805 1565 80.7981
1 3803 1565 80.818
1 3800 1566 80.8379
1 3798 1566 80.858
1 3797 1566 80.8779
1 3796 1566 80.8979
1 3796 1566 80.9179
1 3797 1567 80.9382
1 3797 1567 80.9579
1 3796 1567 80.9781
1 3795 1567 80.9979
1 3794 1567 81.018
1 3794 1567 81.0429
1 3794 1567 81.058
1 3792 1567 81.0779
1 3791 1567 81.098
1 3792 1567 81.118
1 3791 1567 81.1379
1 3791 1567 81.158
1 3791 1567 81.178
1 3791 1568 81.1979
1 3789 1568 81.218
1 3786 1568 81.238
1 3783 1568 81.2579
1 3779 1568 81.278
1 3776 1568 81.2983
1 3773 1568 81.318
1 3770 1568 81.3381
1 3766 1568 81.358
1 3763 1569 81.3788
1 3762 1569 81.398
1 3762 1569 81.4187
1 3761 1569 81.4379
1 3759 1569 81.4588
1 3757 1569 81.4786
1 3755 1569 81.498
1 3753 1570 81.5181
1 3750 1570 81.538
1 3748 1570 81.5588
1 3746 1570 81.5787
1 3744 1570 81.5986
1 3743 1570 81.6187
1 3743 1570 81.6386
1 3743 1570 81.659
1 3742 1571 81.678
1 3742 1571 81.6985
1 3743 1571 81.7186
1 3744 1571 81.7385
1 3745 1571 81.7586
1 3746 1571 81.7787
1 3746 1571 81.7985
1 3745 1571 81.8185
1 3743 1572 81.8386
1 3743 1572 81.8585
1 3741 1572 81.8786
1 3740 1572 81.8985
1 3739 1572 81.9187
1 3737 1572 81.9385
1 3735 1572 81.9587
1 3733 1572 81.9786
1 3732 1572 81.9986
1 3730 1572 82.0185
1 3728 1572 82.0385
1 3726 1572 82.0583
1 3724 1572 82.0784
1 3722 1572 82.0983
1 3720 1572 82.1184
1 3719 1573 82.1383
1 3719 1573 82.1583
1 3719 1573 82.1783
1 3719 1573 82.1983
1 3719 1573 82.2183
1 3719 1573 82.2383
1 3719 1573 82.2582
1 3719 1573 82.2782
1 3720 1574 82.2983
1 3719 1574 82.3183
1 3718 1574 82.3383
1 3718 1574 82.3582
1 3719 1574 82.3782
1 3718 1574 82.398
1 3717 1574 82.418
1 3715 1574 82.438
1 3714 1574 82.4582
1 3713 1575 82.478
1 3712 1575 82.498
1 3711 1575 82.518
1 3711 1575 82.538
1 3709 1575 82.558
1 3708 1575 82.578
1 3707 1575 82.5981
1 3706 1575 82.618
1 3705 1576 82.6383
1 3704 1576 82.658
1 3703 1576 82.678
1 3702 1576 82.698
1 3701 1576 82.718
1 3700 1576 82.7382
1 3698 1576 82.758
1 3695 1576 82.778
1 3692 1576 82.7987
1 3690 1576 82.818
1 3686 1576 82.8382
1 3683 1576 82.858
1 3681 1576 82.8781
1 3679 1576 82.898
1 3677 1576 82.918
1 3677 1576 82.9381
1 3676 1577 82.9582
1 3676 1577 82.978
1 3677 1577 82.998
1 3677 1577 83.018
1 3679 1577 83.038
1 3680 1577 83.058
1 3681 1577 83.078
1 3681 1577 83.0981
1 3680 1577 83.118
1 3679 1577 83.1381
1 3678 1577 83.158
1 3675 1577 83.178
1 3673 1578 83.198
1 3671 1578 83.2181
1 3669 1578 83.2382
1 3668 1578 83.258
1 3667 1578 83.2781
1 3667 1578 83.2981
1 3667 1578 83.3181
1 3667 1578 83.338
1 3667 1578 83.358
0 3669 1578 83.898
0 3671 1578 83.9181
0 3674 1578 83.9381
0 3677 1578 83.9581
0 3681 1577 83.9781
0 3685 1577 83.9981
0 3688 1577 84.0181
0 3691 1577 84.038
0 3695 1577 84.0582
0 3699 1577 84.0781
0 3703 1577 84.098
0 3707 1577 84.1181
0 3711 1577 84.1382
0 3715 1577 84.1581
0 3721 1577 84.178
0 3730 1577 84.1981
0 3739 1577 84.2181
0 3752 1576 84.2381
0 3767 1576 84.2581
0 3784 1576 84.2781
0 3803 1576 84.2981
0 3821 1576 84.3182
0 3841 1576 84.3381
0 3862 1575 84.3581
0 3881 1575 84.3782
0 3899 1575 84.3981
0 3915 1575 84.4183
0 3928 1575 84.438
0 3939 1575 84.4581
0 3946 1574 84.4781
0 3951 1574 84.4981
0 3955 1574 84.5181
0 3957 1574 84.5381
0 3958 1574 84.5582
0 3959 1574 84.5781
0 3960 1574 84.5982
0 3960 1574 84.618
0 3961 1574 85.0381
0 3962 1574 85.0581
0 3962 1574 85.0782
0 3962 1574 85.0982
0 3963 1574 85.1183
0 3963 1574 85.1381
0 3963 1574 85.1581
0 3964 1574 85.1781
0 3964 1574 85.1981
0 3965 1574 85.2181
0 3967 1574 85.2381
0 3968 1574 85.2581
0 3970 1574 85.2781
0 3973 1574 85.2981
0 3976 1574 85.3181
0 3980 1574 85.3381
0 3986 1574 85.3581
0 3992 1574 85.3781
0 4000 1574 85.3981
0 4007 1574 85.4181
0 4016 1573 85.4381
0 4026 1573 85.4583
0 4036 1573 85.4781
0 4046 1573 85.4981
0 4057 1573 85.5181
0 4067 1572 85.5381
0 4077 1572 85.5581
0 4086 1572 85.5781
0 4095 1572 85.5982
0 4103 1572 85.6181
0 4109 1572 85.6381
0 4114 1572 85.6581
0 4119 1571 85.6781
0 4125 1572 85.6983
0 4133 1572 85.7181
0 4142 1572 85.7383
0 4150 1572 85.7581
0 4159 1572 85.7781
0 4169 1572 85.7981
0 4177 1572 85.8181
0 4185 1572 85.8383
0 4190 1572 85.8585
0 4194 1572 85.8781
0 4197 1572 85.8981
0 4199 1572 85.9181
0 4201 1572 85.9381
0 4202 1572 85.9583
0 4203 1572 85.9781
0 4204 1572 85.9981
0 4204 1572 86.0181
0 4204 1572 86.0381
0 4204 1572 86.0583
0 4205 1572 86.0782
0 4205 1572 86.0981
0 4205 1572 86.1181
0 4205 1572 86.1383
0 4207 1572 86.1581
0 4208 1572 86.1783
0 4212 1572 86.1981
0 4215 1572 86.2183
0 4220 1571 86.2381
0 4225 1571 86.2584
0 4230 1571 86.2782
0 4234 1571 86.2983
0 4238 1571 86.3182
0 4242 1571 86.3382
0 4245 1571 86.3581
0 4248 1571 86.3782
0 4249 1571 86.3981
0 4251 1571 86.4182
0 4253 1571 86.4381
0 4256 1571 86.4584
0 4257 1571 86.4781
0 4259 1571 86.4984
0 4261 1571 86.5181
0 4263 1571 86.5384
0 4266 1571 86.5581
0 4270 1571 86.5783
0 4277 1571 86.5981
0 4285 1571 86.6184
0 4293 1571 86.6381
0 4302 1571 86.6583
0 4309 1571 86.6782
0 4314 1571 86.6981
0 4319 1571 86.7181
0 4321 1571 86.7381
0 4324 1571 86.7581
0 4326 1571 86.7783
0 4328 1571 86.7982
0 4330 1571 86.8183
0 4332 1571 86.8381
0 4334 1571 86.8582
0 4337 1570 86.8781
0 4340 1570 86.8981
0 4342 1570 86.9183
0 4344 1570 86.9381
0 4347 1570 86.9582
0 4350 1570 86.9782
0 4356 1570 86.9989
0 4362 1570 87.0181
0 4370 1570 87.0382
0 4377 1570 87.0583
0 4382 1570 87.0782
0 4387 1570 87.0982
0 4393 1570 87.1182
0 4399 1570 87.1382
0 4404 1570 87.1582
0 4407 1570 87.1782
0 4411 1570 87.1981
0 4413 1570 87.2182
0 4415 1570 87.2382
0 4418 1570 87.2583
0 4420 1570 87.2781
0 4421 1570 87.2982
0 4422 1570 87.3182
0 4423 1570 87.3382
0 4423 1570 87.3582
0 4424 1570 87.3782
0 4424 1570 87.3982
1 4428 1570 88.2376
1 4428 1570 88.2573
1 4429 1570 88.2773
1 4429 1570 88.2973
1 4429 1570 88.3173
1 4430 1570 88.3383
1 4430 1570 88.3573
1 4430 1570 88.3773
1 4430 1570 88.3973
1 4430 1570 88.4175
1 4430 1570 88.4374
1 4431 1570 88.4572
1 4432 1570 88.4774
1 4435 1570 88.4974
1 4437 1570 88.5173
1 4440 1571 88.5372
1 4444 1571 88.5573
1 4447 1571 88.5772
1 4450 1571 88.5972
1 4453 1572 88.6174
1 4456 1572 88.6372
1 4458 1572 88.6572
1 4459 1572 88.6772
1 4459 1572 88.698
1 4459 1572 88.7172
1 4459 1573 88.7373
1 4459 1573 88.7574
1 4459 1573 88.7772
1 4458 1573 88.7972
1 4457 1574 88.8172
1 4455 1574 88.8372
1 4453 1574 88.8572
1 4452 1575 88.8772
1 4451 1575 88.898
1 4450 1575 88.9172
1 4449 1576 88.938
1 4446 1576 88.9572
1 4445 1576 88.9772
1 4445 1576 88.9972
1 4445 1577 89.0179
1 4444 1577 89.0372
1 4441 1577 89.0579
1 4436 1578 89.0772
1 4431 1578 89.098
1 4428 1578 89.1173
1 4425 1579 89.138
1 4420 1579 89.1572
1 4415 1579 89.1779
1 4409 1580 89.1979
1 4404 1580 89.2172
1 4400 1580 89.2379
1 4395 1580 89.2574
1 4391 1581 89.2778
1 4387 1581 89.2972
1 4383 1581 89.3177
1 4380 1581 89.3378
1 4376 1581 89.3578
1 4374 1581 89.3778
1 4371 1582 89.3978
1 4369 1582 89.4179
1 4367 1582 89.4379
1 4364 1582 89.4579
1 4360 1582 89.4778
1 4357 1583 89.4979
1 4353 1583 89.5177
1 4350 1583 89.5376
1 4346 1583 89.5576
1 4342 1584 89.5778
1 4338 1584 89.5976
1 4332 1584 89.6178
1 4326 1585 89.6377
1 4321 1585 89.6577
1 4315 1585 89.6776
1 4310 1586 89.6978
1 4305 1586 89.7177
1 4301 1586 89.7376
1 4298 1587 89.7576
1 4298 1587 89.7776
1 4297 1587 89.7975
1 4298 1587 89.8174
1 4299 1588 89.8375
1 4300 1588 89.8575
1 4298 1588 89.8776
1 4295 1588 89.8975
1 4292 1589 89.9175
1 4289 1589 89.9375
1 4286 1589 89.9575
1 4284 1589 89.9775
1 4282 1590 89.9975
1 4282 1590 90.0175
1 4282 1590 90.0375
1 4281 1591 90.0575
1 4281 1591 90.0774
1 4280 1591 90.0976
1 4277 1592 90.1174
1 4273 1592 90.1373
1 4270 1592 90.1575
1 4267 1593 90.1774
1 4265 1593 90.1973
1 4262 1593 90.2173
1 4258 1593 90.2373
1 4255 1594 90.2575
1 4251 1594 90.2773
1 4249 1594 90.2973
1 4245 1595 90.3173
1 4241 1595 90.3374
1 4235 1595 90.3572
1 4229 1595 90.3773
1 4225 1595 90.3974
1 4220 1595 90.4173
1 4217 1596 90.4374
1 4213 1596 90.4573
1 4210 1596 90.4774
1 4206 1596 90.4973
1 4201 1596 90.5173
1 4197 1597 90.5374
1 4193 1597 90.5573
1 4190 1597 90.5773
1 4186 1598 90.5973
1 4181 1598 90.6172
1 4177 1598 90.6374
1 4173 1598 90.6573
1 4167 1598 90.6773
1 4160 1598 90.6973
1 4151 1599 90.7173
1 4141 1599 90.7373
1 4130 1599 90.7573
1 4119 1599 90.7773
1 4108 1600 90.7973
1 4095 1600 90.8173
1 4082 1600 90.8373
1 4070 1600 90.8573
1 4059 1601 90.8776
1 4050 1601 90.8973
1 4043 1601 90.9173
1 4038 1601 90.9373
1 4035 1601 90.9574
1 4033 1601 90.978
1 4032 1601 90.9977
1 4031 1601 91.0175
1 4031 1601 91.0373
1 4031 1601 91.0573
1 4031 1601 91.078
1 4031 1601 91.0973
1 4031 1601 91.118
1 4032 1601 91.1379
1 4032 1601 91.1578
1 4030 1601 91.1774
1 4030 1601 91.1979
1 4029 1601 91.2178
1 4027 1601 91.2389
1 4026 1601 91.258
1 4026 1601 91.278
1 4025 1601 91.298
1 4025 1601 91.3179
1 4025 1601 91.3379
1 4025 1602 91.3578
1 4025 1602 91.3781
1 4025 1602 91.3977
0 4029 1602 91.8775
0 4029 1602 91.8975
0 4031 1602 91.918
0 4033 1602 91.9377
0 4036 1602 91.958
0 4040 1602 91.9774
0 4046 1602 91.9974
0 4056 1601 92.0176
0 4067 1601 92.0376
0 4080 1601 92.0576
0 4095 1601 92.0776
0 4113 1601 92.0976
0 4134 1601 92.1174
0 4156 1600 92.1376
0 4179 1600 92.158
0 4200 1600 92.1775
0 4220 1600 92.1977
0 4235 1600 92.2173
0 4245 1600 92.2377
0 4251 1600 92.2577
0 4256 1600 92.2776
0 4260 1600 92.2973
0 4264 1600 92.3174
0 4268 1600 92.3377
0 4273 1600 92.3574
0 4283 1600 92.3779
0 4295 1600 92.3974
0 4308 1600 92.4175
0 4322 1599 92.4374
0 4336 1599 92.4582
0 4349 1599 92.4773
0 4360 1599 92.4973
0 4370 1599 92.5174
0 4378 1599 92.5374
0 4386 1599 92.5573
0 4393 1598 92.5773
0 4401 1598 92.5973
0 4410 1598 92.6174
0 4419 1598 92.6373
0 4428 1598 92.6583
0 4437 1598 92.6773
0 4446 1598 92.6974
0 4452 1597 92.7174
0 4458 1597 92.7373
0 4463 1597 92.7573
0 4468 1597 92.7774
0 4472 1597 92.7973
0 4475 1597 92.8192
0 4479 1597 92.8383
0 4482 1597 92.8575
0 4488 1597 92.8774
0 4495 1597 92.8982
0 4503 1597 92.9173
0 4513 1596 92.9381
0 4522 1596 92.9573
0 4531 1596 92.9774
0 4537 1596 92.9974
0 4541 1596 93.0174
0 4543 1596 93.0381
0 4544 1596 93.0575
0 4545 1596 93.078
0 4545 1596 93.098
0 4546 1596 93.118
0 4551 1596 93.5777
0 4552 1596 93.5977
0 4553 1596 93.6176
0 4555 1596 93.6377
0 4558 1596 93.6577
0 4562 1596 93.6776
0 4568 1596 93.6977
0 4574 1596 93.7177
0 4581 1596 93.7376
0 4590 1596 93.7577
0 4600 1595 93.7777
0 4610 1595 93.7976
0 4620 1595 93.8177
0 4632 1595 93.8377
0 4644 1595 93.8576
0 4657 1594 93.8775
0 4670 1594 93.8975
0 4683 1594 93.9176
0 4695 1594 93.9376
0 4705 1594 93.9576
0 4713 1593 93.9785
0 4721 1593 93.9976
0 4726 1593 94.0176
0 4730 1593 94.0376
0 4734 1593 94.0576
0 4738 1593 94.0776
0 4740 1593 94.0976
0 4742 1593 94.1176
0 4743 1593 94.1374
0 4745 1593 94.1575
0 4749 1593 94.1786
0 4753 1593 94.1974
0 4759 1593 94.2175
0 4765 1593 94.2375
0 4771 1593 94.2574
0 4778 1592 94.2776
0 4784 1592 94.2974
0 4789 1592 94.3175
0 4793 1592 94.3374
0 4797 1592 94.3575
0 4802 1592 94.3774
0 4806 1592 94.3975
0 4812 1592 94.4174
0 4816 1592 94.4374
0 4820 1592 94.4574
0 4824 1592 94.4774
0 4828 1592 94.4974
0 4832 1592 94.5174
0 4835 1591 94.5374
0 4839 1591 94.5574
0 4841 1591 94.5774
0 4844 1591 94.5974
0 4847 1591 94.6175
0 4848 1591 94.6374
0 4849 1591 94.6576
0 4850 1591 94.6774
0 4850 1591 94.6976
0 4851 1591 94.7176
0 4851 1591 94.7375
0 4851 1591 94.7574
0 4851 1591 94.7774
0 4852 1591 94.7981
0 4853 1591 94.8175
0 4854 1591 94.8374
0 4855 1591 94.8574
0 4856 1591 94.8781
0 4857 1591 94.8974
0 4859 1591 94.9174
0 4862 1591 94.9381
0 4864 1591 94.9581
0 4868 1591 94.9781
0 4873 1591 94.9983
0 4880 1591 95.0181
0 4888 1591 95.0381
0 4896 1590 95.0581
0 4905 1590 95.0779
0 4914 1590 95.098
0 4921 1590 95.1179
0 4925 1590 95.138
0 4928 1590 95.1591
0 4929 1590 95.178
0 4931 1590 95.198
0 4933 1590 95.218
0 4934 1590 95.2381
0 4935 1590 95.2579
0 4935 1590 95.278
0 4936 1590 95.2979
0 4936 1590 95.3178
0 4936 1590 95.3379
0 4939 1590 95.3579
0 4941 1590 95.3778
0 4945 1590 95.3979
0 4947 1590 95.4178
0 4951 1590 95.4379
0 4955 1589 95.4578
0 4958 1589 95.4779
0 4964 1589 95.4978
0 4970 1589 95.5178
0 4978 1589 95.5377
0 4984 1589 95.5577
0 4990 1589 95.5777
0 4997 1589 95.5977
0 5004 1589 95.6178
0 5012 1589 95.6377
0 5017 1589 95.6577
0 5022 1589 95.6777
0 5025 1589 95.6977
0 5027 1589 95.7177
0 5028 1589 95.7378
0 5029 1589 95.7578
0 5029 1589 95.7777
0 5031 1589 95.7977
0 5031 1589 95.8175
0 5033 1589 95.8375
0 5034 1589 95.8576
0 5035 1589 95.8776
0 5036 1589 95.8975
0 5036 1589 95.9176
0 5037 1589 95.9375
0 5038 1589 95.9576
0 5040 1589 95.9777
0 5041 1589 95.9976
0 5043 1589 96.0177
0 5044 1589 96.0376
0 5046 1589 96.0577
0 5050 1588 96.0774
0 5054 1588 96.0975
0 5058 1588 96.1174
0 5063 1588 96.1374
0 5068 1588 96.1576
0 5073 1588 96.1774
0 5077 1588 96.1974
0 5080 1588 96.2177
0 5083 1588 96.2374
0 5085 1588 96.2575
0 5087 1588 96.2774
0 5090 1588 96.2974
0 5093 1588 96.3175
0 5096 1588 96.3375
0 5101 1588 96.3574
0 5105 1588 96.3774
0 5107 1587 96.3974
0 5110 1587 96.4175
0 5114 1587 96.4376
0 5122 1587 96.4575
0 5132 1587 96.4775
0 5143 1587 96.4975
0 5154 1587 96.5178
0 5164 1587 96.5374
0 5172 1587 96.5575
0 5180 1587 96.5775
0 5186 1587 96.5975
0 5191 1586 96.6175
0 5197 1586 96.6375
0 5205 1586 96.6575
0 5214 1586 96.6775
0 5226 1586 96.6981
0 5239 1586 96.7182
0 5253 1585 96.7383
0 5265 1585 96.7581
0 5274 1585 96.7782
0 5280 1585 96.7974
0 5284 1585 96.8181
0 5286 1585 96.8382
1 5286 1585 97.258
1 5284 1585 97.2781
1 5282 1585 97.298
1 5279 1585 97.3178
1 5274 1585 97.3379
1 5270 1585 97.3579
1 5266 1585 97.3779
1 5262 1585 97.3979
1 5257 1585 97.418
1 5251 1586 97.438
1 5246 1586 97.4578
1 5242 1586 97.4778
1 5239 1586 97.498
1 5236 1586 97.5178
1 5232 1586 97.5378
1 5226 1587 97.5578
1 5220 1587 97.5777
1 5214 1587 97.5978
1 5209 1588 97.6177
1 5203 1588 97.6377
1 5198 1588 97.6588
1 5193 1588 97.6777
1 5190 1589 97.6979
1 5186 1589 97.7176
1 5181 1589 97.7376
1 5174 1590 97.7577
1 5168 1590 97.7777
1 5162 1590 97.7977
1 5155 1591 97.8177
1 5149 1591 97.8377
1 5145 1591 97.8577
1 5141 1591 97.8776
1 5137 1592 97.8978
1 5136 1592 97.9176
1 5134 1592 97.9378
1 5133 1592 97.9577
1 5132 1592 97.9777
1 5132 1593 97.9975
1 5132 1593 98.0175
1 5132 1593 98.0377
1 5130 1593 98.0575
1 5128 1594 98.0777
1 5126 1594 98.0975
1 5123 1594 98.1176
1 5119 1595 98.1375
1 5114 1595 98.1575
1 5110 1595 98.1775
1 5105 1596 98.1975
1 5099 1596 98.2175
1 5092 1596 98.2376
1 5087 1597 98.2575
1 5082 1597 98.2775
1 5076 1597 98.2975
1 5070 1597 98.3175
1 5065 1598 98.3375
1 5057 1598 98.3575
1 5051 1598 98.3783
1 5045 1599 98.3975
1 5039 1599 98.4175
1 5034 1599 98.4375
1 5029 1599 98.4575
1 5026 1600 98.4775
1 5023 1600 98.4976
1 5018 1600 98.5175
1 5013 1601 98.5376
1 5007 1601 98.5575
1 5002 1601 98.5775
1 4997 1602 98.5977
1 4992 1602 98.6175
1 4987 1602 98.6376
1 4980 1603 98.6575
1 4974 1603 98.6775
1 4969 1603 98.6975
1 4963 1604 98.7175
1 4957 1604 98.7382
1 4952 1604 98.7575
1 4948 1605 98.7783
1 4944 1605 98.7982
1 4943 1606 98.8182
1 4943 1606 98.8382
1 4945 1607 98.8582
1 4948 1607 98.8781
1 4954 1608 98.8981
1 4960 1608 98.9181
1 4966 1609 98.9382
1 4973 1609 98.9581
1 4978 1609 98.978
1 4982 1609 98.9982
1 4985 1609 99.0181
1 4987 1609 99.0381
1 4988 1609 99.0581
1 4988 1609 99.0782
1 4988 1609 99.0981
1 4986 1609 99.118
1 4983 1609 99.1385
1 4980 1609 99.1579
1 4977 1609 99.178
1 4973 1609 99.198
1 4970 1609 99.2179
1 4966 1609 99.2381
1 4961 1609 99.258
1 4953 1609 99.278
1 4945 1609 99.2979
1 4937 1609 99.318
1 4928 1609 99.3379
1 4919 1609 99.3579
1 4907 1609 99.3779
1 4896 1609 99.398
1 4883 1609 99.4179
1 4873 1609 99.4379
1 4862 1609 99.458
1 4853 1609 99.4778
1 4847 1609 99.4979
1 4843 1609 99.5178
1 4839 1609 99.5379
1 4836 1609 99.5582
1 4833 1609 99.5779
1 4831 1609 99.5978
1 4828 1609 99.6178
1 4827 1609 99.6377
1 4825 1609 99.6577
1 4823 1609 99.6777
1 4822 1609 99.6976
1 4820 1609 99.7177
1 4819 1609 99.7378
1 4816 1609 99.7577
1 4815 1609 99.7777
1 4813 1609 99.7977
1 4810 1609 99.8177
1 4807 1609 99.8377
1 4804 1609 99.8577
1 4799 1609 99.8778
1 4793 1609 99.8976
1 4787 1609 99.9177
1 4780 1609 99.9376
1 4774 1609 99.9576
1 4766 1609 99.9777
1 4760 1609 99.9975
1 4753 1609 100.018
1 4749 1609 100.038
1 4745 1609 100.058
1 4741 1609 100.078
1 4738 1609 100.098
1 4733 1609 100.118
1 4727 1609 100.138
1 4721 1609 100.158
1 4715 1609 100.178
1 4709 1609 100.198
1 4701 1609 100.218
1 4693 1609 100.238
1 4684 1609 100.258
1 4677 1609 100.278
1 4673 1609 100.298
1 4675 1609 100.318
1 4682 1609 100.338
1 4691 1609 100.358
1 4698 1609 100.378
1 4707 1609 100.398
1 4714 1609 100.418
1 4717 1609 100.438
1 4720 1609 100.458
1 4721 1609 100.478
1 4722 1609 100.498
1 4723 1609 100.518
1 4724 1609 100.538
1 4725 1609 100.558
1 4726 1609 100.578
1 4726 1609 100.598
1 4726 1609 100.618
1 4726 1609 100.638
1 4726 1609 100.658
1 4727 1609 100.678
1 4727 1609 100.698
1 4727 1609 100.718
1 4727 1609 100.738
1 4727 1609 100.761
1 4727 1609 100.778
1 4727 1609 100.798
1 4727 1609 100.818
1 4727 1609 100.838
0 4728 1609 101.338
0 4729 1609 101.358
0 4729 1609 101.378
0 4729 1609 101.398
0 4730 1609 101.418
0 4731 1609 101.438
0 4732 1609 101.458
0 4735 1609 101.478
0 4740 1609 101.498
0 4745 1609 101.518
0 4752 1609 101.538
0 4761 1609 101.558
0 4774 1609 101.578
0 4790 1609 101.598
0 4805 1609 101.618
0 4822 1609 101.638
0 4838 1609 101.658
0 4853 1609 101.678
0 4868 1609 101.698
0 4882 1609 101.718
0 4895 1609 101.739
0 4908 1609 101.758
0 4922 1609 101.778
0 4936 1609 101.798
0 4949 1609 101.818
0 4961 1609 101.838
0 4973 1609 101.858
0 4984 1609 101.878
0 4995 1609 101.898
0 5003 1609 101.918
0 5011 1609 101.938
0 5015 1609 101.958
0 5018 1609 101.978
0 5020 1609 101.998
0 5021 1609 102.018
0 5022 1609 102.038
0 5022 1609 102.058
0 5024 1609 102.078
0 5028 1609 102.098
0 5034 1609 102.118
0 5040 1609 102.138
0 5047 1609 102.158
0 5055 1609 102.178
0 5067 1609 102.198
0 5082 1609 102.218
0 5098 1609 102.238
0 5115 1609 102.258
0 5132 1609 102.278
0 5147 1609 102.298
0 5160 1609 102.318
0 5172 1609 102.338
0 5184 1609 102.358
0 5193 1609 102.378
0 5200 1609 102.398
0 5207 1609 102.418
0 5215 1609 102.438
0 5223 1609 102.458
0 5232 1609 102.478
0 5244 1609 102.498
0 5259 1609 102.518
0 5274 1609 102.538
0 5290 1609 102.558
0 5307 1609 102.578
0 5322 1609 102.598
0 5337 1609 102.618
0 5349 1609 102.638
0 5362 1609 102.658
0 5374 1609 102.678
0 5385 1609 102.698
0 5397 1609 102.718
0 5408 1609 102.738
0 5419 1609 102.758
0 5429 1609 102.778
0 5438 1609 102.798
0 5447 1609 102.83
0 5454 1609 102.838
0 5459 1609 102.858
0 5464 1609 102.878
0 5467 1609 102.898
0 5469 1609 102.918
0 5471 1609 102.938
0 5473 1609 102.958
0 5475 1609 102.978
0 5479 1609 102.998
0 5483 1609 103.018
0 5486 1609 103.038
0 5491 1609 103.058
0 5495 1609 103.078
0 5501 1609 103.098
0 5506 1609 103.118
0 5513 1609 103.138
0 5520 1609 103.158
0 5529 1609 103.178
0 5537 1609 103.198
0 5547 1609 103.218
0 5558 1609 103.238
0 5572 1609 103.258
0 5584 1609 103.278
0 5595 1609 103.298
0 5607 1609 103.318
0 5617 1609 103.338
0 5627 1609 103.358
0 5637 1608 103.378
0 5648 1608 103.398
0 5657 1608 103.418
0 5667 1608 103.438
0 5678 1608 103.458
0 5689 1608 103.478
0 5699 1607 103.498
0 5708 1607 103.518
0 5714 1607 103.538
0 5717 1607 103.558
0 5719 1607 103.578
0 5721 1607 103.598
0 5722 1607 103.618
0 5722 1607 103.638
0 5723 1607 103.658
0 5723 1607 103.678
0 5723 1607 103.698
0 5724 1607 103.718
0 5724 1607 103.738
0 5724 1607 103.758
0 5724 1607 103.778
0 5724 1607 103.798
0 5724 1607 103.818
0 5724 1607 103.838
0 5724 1607 103.858
0 5724 1607 103.878
0 5724 1607 103.898
0 5724 1607 103.918
1 5699 1607 104.498
1 5697 1608 104.518
1 5695 1608 104.538
1 5692 1608 104.558
1 5687 1608 104.578
1 5680 1608 104.598
1 5670 1608 104.618
1 5660 1608 104.638
1 5647 1609 104.658
1 5632 1609 104.678
1 5612 1609 104.698
1 5589 1609 104.718
1 5562 1609 104.738
1 5534 1609 104.758
1 5507 1609 104.778
1 5482 1609 104.798
1 5460 1609 104.818
1 5439 1609 104.838
1 5420 1609 104.858
1 5402 1609 104.878
1 5388 1609 104.898
1 5377 1609 104.918
1 5369 1609 104.937
1 5364 1609 104.957
1 5361 1609 104.977
1 5359 1609 104.997
1 5358 1609 105.017
1 5358 1609 105.037
1 5357 1609 105.057
1 5357 1609 105.077
