0 0 1501 58.0202
0 0 1501 58.0412
0 0 1501 58.0611
0 0 1501 58.0812
0 0 1501 58.1011
0 0 1501 58.12
0 0 1501 58.1412
0 0 1501 58.1601
0 0 1501 58.1813
0 0 1501 58.201
0 0 1501 58.221
0 0 1501 58.241
0 0 1501 58.2611
0 0 1501 58.2811
0 0 1501 58.301
0 0 1501 58.3209
0 0 1501 58.3409
0 0 1501 58.361
0 0 1501 58.3809
0 0 1501 58.4011
0 0 1501 58.421
0 0 1501 58.4409
0 0 1501 58.4609
0 1 1501 58.4809
0 2 1501 58.5009
0 2 1501 58.5209
0 2 1501 58.5409
0 3 1501 58.5609
0 3 1501 58.5808
0 3 1501 58.6008
0 3 1501 58.6208
0 3 1501 58.6408
0 3 1501 58.661
0 4 1501 58.6808
0 4 1501 58.701
0 4 1501 58.7208
0 5 1501 58.7409
0 6 1501 58.7608
0 7 1501 58.7808
0 8 1501 58.8008
0 9 1501 58.8208
0 10 1501 58.8408
0 10 1501 58.8608
0 10 1501 58.8809
0 11 1501 58.9008
0 11 1501 58.9208
0 11 1501 58.9406
0 11 1501 58.9606
0 11 1501 58.9806
0 11 1501 59.0007
0 11 1501 59.0207
0 11 1501 59.0407
0 12 1501 59.0607
0 13 1501 59.0807
0 14 1501 59.1007
0 15 1501 59.1206
0 16 1501 59.1405
0 17 1501 59.1606
0 17 1501 59.1805
0 18 1501 59.2005
0 18 1501 59.2205
0 18 1501 59.2405
0 19 1501 59.2607
0 19 1501 59.2805
0 20 1501 59.3008
0 20 1501 59.3206
0 21 1501 59.3406
0 22 1501 59.3605
0 22 1501 59.3807
0 23 1501 59.4006
0 24 1501 59.4204
0 25 1501 59.4404
0 26 1501 59.4605
0 27 1501 59.4804
0 27 1501 59.5004
0 28 1501 59.5205
0 29 1501 59.5404
0 30 1501 59.5603
0 32 1501 59.5814
0 34 1500 59.6004
0 37 1500 59.6204
0 40 1500 59.6406
0 42 1500 59.6604
0 43 1500 59.6815
0 44 1500 59.7013
0 45 1500 59.7203
0 46 1500 59.7402
0 46 1500 59.7613
0 46 1500 59.7803
0 46 1500 59.8002
0 46 1500 59.8213
0 47 1500 59.8403
0 47 1500 59.8602
0 48 1500 59.8813
0 48 1500 59.9002
0 48 1500 59.9202
0 48 1500 59.9413
0 48 1500 59.9603
0 48 1500 59.9801
0 49 1500 60.0012
0 49 1500 60.0212
0 49 1500 60.0411
0 49 1500 60.0612
0 49 1500 60.0812
0 49 1500 60.1012
0 50 1500 60.1211
0 50 1500 60.1411
0 50 1500 60.1611
0 50 1500 60.1811
0 51 1500 60.2011
0 51 1500 60.221
0 51 1500 60.241
0 52 1500 60.261
0 52 1500 60.281
0 54 1500 60.3009
0 55 1500 60.3211
0 56 1500 60.341
0 56 1500 60.3612
0 57 1500 60.3811
0 58 1500 60.4009
0 58 1500 60.421
0 58 1500 60.4409
0 59 1500 60.4609
0 59 1500 60.4811
0 60 1500 60.501
0 60 1500 60.5208
0 61 1500 60.5409
0 62 1500 60.561
0 62 1500 60.5808
0 63 1500 60.6009
0 63 1500 60.621
0 65 1500 60.6408
0 68 1500 60.6608
0 72 1500 60.6809
0 74 1500 60.7008
0 76 1500 60.7209
0 78 1500 60.7408
0 78 1500 60.7608
0 79 1500 60.7807
0 80 1500 60.8007
0 80 1500 60.8208
0 80 1500 60.8407
0 80 1500 60.8607
0 80 1500 60.8808
0 80 1500 60.9007
0 80 1500 60.9208
0 81 1500 60.9407
0 82 1500 60.9609
0 82 1500 60.9808
0 82 1500 61.0007
0 83 1500 61.0208
0 83 1500 61.0407
0 84 1500 61.0607
0 86 1500 61.0809
0 89 1500 61.1007
0 92 1500 61.1209
0 96 1500 61.1406
0 99 1500 61.1606
0 102 1500 61.1807
0 104 1500 61.2029
0 105 1500 61.2206
0 106 1500 61.2406
0 107 1500 61.2606
0 107 1500 61.2807
0 108 1500 61.3006
0 109 1500 61.3205
0 110 1500 61.3405
0 111 1500 61.3605
0 111 1500 61.3805
0 112 1500 61.4005
0 112 1500 61.4207
0 112 1500 61.4405
0 112 1500 61.4594
0 112 1500 61.4795
0 112 1500 61.4996
0 112 1500 61.5195
0 112 1500 61.5394
0 113 1500 61.5594
0 113 1500 61.5794
0 114 1500 61.5993
0 114 1500 61.6193
0 114 1500 61.6403
0 114 1500 61.6593
0 114 1500 61.6793
0 114 1500 61.6993
0 114 1500 61.7193
0 114 1500 61.7393
0 114 1500 61.7593
0 114 1500 61.7793
0 115 1500 61.7993
0 115 1500 61.8204
0 115 1500 61.8393
0 115 1500 61.8603
0 115 1500 61.8792
0 116 1500 61.8994
0 116 1500 61.9192
0 116 1500 61.9394
0 116 1500 61.9602
0 116 1500 61.9792
0 116 1500 62.0002
0 116 1500 62.0201
0 116 1500 62.0402
0 117 1500 62.0601
0 117 1500 62.0802
0 117 1500 62.1002
0 117 1500 62.1202
0 117 1500 62.1402
0 118 1500 62.1603
0 119 1500 62.18
0 119 1500 62.2002
0 121 1500 62.22
0 124 1501 62.24
0 127 1501 62.2601
0 129 1501 62.28
0 132 1501 62.3001
0 134 1501 62.3201
0 135 1501 62.3402
0 138 1501 62.3601
0 140 1501 62.38
0 142 1501 62.4001
0 143 1501 62.4199
0 143 1501 62.4401
0 144 1501 62.4599
0 144 1501 62.48
0 144 1501 62.5001
0 144 1501 62.5199
0 144 1501 62.54
0 144 1501 62.5599
0 145 1501 62.5799
0 145 1501 62.6
0 146 1501 62.6199
0 146 1501 62.6401
0 146 1501 62.6599
0 146 1501 62.6799
0 146 1501 62.6997
0 147 1501 62.7198
0 147 1501 62.7398
0 147 1501 62.7598
0 147 1501 62.7798
0 147 1501 62.7998
0 148 1501 62.8198
0 148 1501 62.8398
0 149 1501 62.8598
0 150 1501 62.8798
0 151 1501 62.8998
0 153 1501 62.9198
0 155 1501 62.9399
0 157 1501 62.9597
0 158 1501 62.9797
0 159 1501 62.9998
0 160 1501 63.0197
0 160 1501 63.0397
0 161 1501 63.0599
0 161 1501 63.0796
0 162 1501 63.0996
0 162 1501 63.12
0 162 1501 63.1396
0 162 1501 63.1596
0 162 1501 63.1798
0 162 1501 63.1997
0 162 1501 63.2196
0 162 1501 63.2398
0 162 1501 63.2596
0 162 1501 63.2796
0 162 1501 63.2997
0 162 1501 63.3197
0 162 1501 63.3395
0 163 1501 63.3607
0 163 1501 63.3795
0 164 1501 63.3995
0 164 1501 63.4195
0 164 1501 63.4396
0 165 1501 63.4597
0 165 1501 63.4795
0 166 1501 63.4995
0 167 1501 63.5196
0 167 1501 63.5395
0 167 1501 63.5594
0 168 1501 63.5794
0 168 1501 63.5995
0 169 1501 63.6194
0 170 1501 63.6397
0 171 1501 63.6593
0 172 1501 63.6796
0 172 1501 63.6993
0 173 1501 63.7194
0 173 1501 63.7393
0 173 1501 63.7593
0 173 1501 63.7804
0 173 1501 63.7992
0 174 1501 63.8194
0 176 1501 63.8392
0 179 1501 63.8592
0 181 1501 63.8792
0 184 1500 63.8992
0 185 1500 63.9202
0 186 1500 63.9414
0 188 1500 63.9606
0 189 1500 63.9802
0 191 1500 64.0002
0 193 1500 64.0203
0 194 1500 64.0404
0 194 1500 64.0601
0 194 1500 64.0805
0 195 1500 64.1001
0 195 1500 64.1202
0 195 1500 64.1401
0 196 1500 64.1603
0 196 1500 64.1801
0 196 1500 64.1991
0 196 1500 64.2201
0 196 1500 64.2401
0 196 1500 64.2601
0 197 1500 64.2801
0 199 1500 64.3001
0 203 1500 64.3201
0 206 1500 64.3401
0 210 1500 64.36
0 213 1499 64.3801
0 217 1499 64.4
0 221 1499 64.42
0 223 1499 64.44
0 225 1499 64.4602
0 226 1499 64.48
0 226 1499 64.5001
0 227 1499 64.52
0 228 1499 64.5399
0 230 1499 64.56
0 234 1499 64.58
0 237 1499 64.6001
0 238 1499 64.6199
0 239 1499 64.6398
0 240 1499 64.6603
0 241 1499 64.68
0 241 1499 64.6998
0 242 1499 64.7198
0 242 1499 64.7399
0 242 1499 64.7598
0 243 1499 64.7801
0 243 1499 64.7999
0 245 1499 64.8198
0 246 1499 64.84
0 248 1499 64.8599
0 251 1499 64.8797
0 253 1498 64.8997
0 256 1498 64.9197
0 257 1498 64.9398
0 258 1498 64.9597
0 259 1498 64.9797
0 259 1498 64.9997
0 260 1498 65.0197
0 260 1498 65.0397
0 260 1498 65.0597
0 260 1498 65.0798
0 260 1498 65.0997
0 260 1498 65.1198
0 260 1498 65.1397
0 261 1498 65.1595
0 263 1498 65.1796
0 264 1498 65.1995
0 265 1498 65.2196
0 266 1498 65.2395
0 267 1498 65.2596
0 268 1498 65.2795
0 269 1498 65.2996
0 269 1498 65.3196
0 269 1498 65.3397
0 269 1498 65.3597
0 270 1498 65.3797
0 270 1498 65.3996
0 271 1498 65.4197
0 271 1498 65.4396
0 273 1498 65.4597
0 274 1498 65.4796
0 275 1498 65.4996
0 275 1498 65.5206
0 276 1498 65.5394
0 276 1498 65.5594
0 277 1498 65.5794
0 279 1498 65.6005
0 281 1498 65.6195
0 283 1498 65.6406
0 285 1498 65.6645
0 287 1498 65.6794
0 289 1498 65.6995
0 290 1497 65.7197
0 292 1497 65.7404
0 294 1497 65.7593
0 296 1497 65.7793
0 298 1497 65.8004
0 300 1497 65.8193
0 301 1497 65.8403
0 301 1497 65.8593
0 302 1497 65.8794
0 302 1497 65.9003
0 302 1497 65.9205
0 303 1497 65.9403
0 303 1497 65.9604
0 304 1497 65.9803
0 304 1497 66.0002
0 305 1497 66.0202
0 305 1497 66.0401
0 306 1497 66.0602
0 306 1497 66.0801
0 307 1497 66.1002
0 307 1497 66.1202
0 307 1497 66.1403
0 307 1497 66.1602
0 307 1497 66.1803
0 307 1497 66.2002
0 307 1497 66.2204
0 307 1497 66.2402
0 307 1497 66.2601
0 308 1497 66.2801
0 308 1497 66.3002
0 308 1497 66.32
0 308 1497 66.3401
0 308 1497 66.36
0 308 1497 66.3801
0 308 1497 66.4
0 308 1497 66.42
0 308 1497 66.44
0 308 1497 66.4602
0 308 1497 66.48
0 308 1497 66.5
0 308 1497 66.5199
0 308 1497 66.5399
0 308 1497 66.5599
0 308 1497 66.5799
0 309 1497 66.5999
0 309 1497 66.6199
0 309 1497 66.6399
0 310 1497 66.6599
0 310 1497 66.6799
0 310 1497 66.6999
0 310 1497 66.72
0 310 1497 66.7399
0 310 1497 66.7599
0 310 1497 66.7798
0 311 1497 66.7998
0 312 1497 66.8199
0 313 1496 66.8399
0 314 1496 66.8598
0 315 1496 66.8798
0 315 1496 66.8998
0 316 1496 66.9198
0 316 1496 66.9397
0 316 1496 66.9598
0 316 1496 66.9797
0 317 1496 66.9998
0 317 1496 67.0198
0 318 1496 67.0399
0 318 1496 67.0596
0 318 1496 67.0798
0 319 1496 67.0996
0 320 1496 67.1198
0 321 1496 67.1397
0 322 1496 67.1596
0 323 1496 67.1796
0 324 1496 67.201
0 324 1496 67.2196
0 325 1496 67.2396
0 327 1496 67.2597
0 329 1496 67.2796
0 330 1496 67.2997
0 332 1496 67.3196
0 332 1496 67.3395
0 333 1496 67.3595
0 334 1496 67.3795
0 334 1496 67.3996
0 335 1496 67.4195
0 336 1496 67.4397
0 337 1496 67.4595
0 339 1496 67.4796
0 340 1496 67.4996
0 342 1496 67.5196
0 343 1496 67.5395
0 345 1496 67.5595
0 348 1496 67.5796
0 351 1496 67.5995
0 353 1496 67.6205
0 354 1496 67.6395
0 355 1496 67.6598
0 356 1496 67.68
0 356 1496 67.6999
0 357 1496 67.7205
0 357 1496 67.7404
0 357 1496 67.7594
0 358 1496 67.7803
0 359 1496 67.8003
0 361 1496 67.8203
0 362 1496 67.8403
0 364 1496 67.8605
0 366 1496 67.8805
0 368 1496 67.9004
0 370 1496 67.9203
0 372 1496 67.9403
0 373 1496 67.9602
0 374 1496 67.9802
0 375 1496 68.0002
0 376 1496 68.0202
0 377 1496 68.0402
0 378 1496 68.0603
0 378 1496 68.0805
0 379 1496 68.1002
0 380 1496 68.1202
0 382 1496 68.1403
0 383 1496 68.1602
0 384 1496 68.1801
0 386 1496 68.2001
0 388 1496 68.2202
0 390 1496 68.2401
0 392 1496 68.2601
0 393 1496 68.2801
0 394 1496 68.3001
0 395 1496 68.3201
0 397 1496 68.3403
0 399 1496 68.3601
0 401 1495 68.3802
0 402 1495 68.4001
0 404 1495 68.4202
0 406 1495 68.44
0 408 1495 68.4614
0 409 1495 68.48
0 410 1495 68.5
0 411 1495 68.52
0 411 1495 68.54
0 412 1495 68.5602
0 412 1495 68.58
0 413 1495 68.5999
0 414 1495 68.62
0 415 1495 68.64
0 415 1495 68.6601
0 417 1495 68.68
0 419 1495 68.7002
0 422 1494 68.7198
0 423 1494 68.74
0 424 1494 68.7598
0 425 1494 68.78
0 425 1494 68.7999
0 426 1494 68.8199
0 426 1494 68.8398
0 427 1494 68.8599
0 427 1494 68.8798
0 427 1494 68.8998
0 427 1494 68.9198
0 427 1494 68.9398
0 427 1494 68.9599
0 428 1494 68.9798
0 429 1494 68.9997
0 430 1494 69.0197
0 432 1494 69.0397
0 436 1494 69.0599
0 440 1494 69.0797
0 443 1493 69.0998
0 446 1493 69.1197
0 447 1493 69.1397
0 449 1493 69.1597
0 449 1493 69.1797
0 450 1493 69.1997
0 451 1493 69.2196
0 452 1493 69.2408
0 453 1493 69.2597
0 454 1493 69.2796
0 454 1493 69.2996
0 454 1493 69.3197
0 455 1493 69.3396
0 455 1493 69.3595
0 455 1493 69.3807
0 455 1493 69.3996
0 455 1493 69.4196
0 455 1493 69.4396
0 455 1493 69.4597
0 455 1493 69.4796
0 455 1493 69.4997
0 455 1493 69.5206
0 456 1493 69.5395
0 456 1493 69.5596
0 456 1493 69.5794
0 456 1493 69.5997
0 457 1493 69.6205
0 457 1493 69.6395
0 457 1493 69.6604
0 458 1493 69.6794
0 458 1493 69.6997
0 458 1493 69.7204
0 458 1493 69.7415
0 458 1493 69.7604
0 458 1493 69.7806
0 458 1493 69.8004
0 458 1493 69.8205
0 458 1493 69.8415
0 459 1493 69.8605
0 459 1493 69.8807
0 459 1493 69.9005
0 459 1493 69.9204
0 460 1493 69.9403
0 460 1493 69.9604
0 461 1493 69.9804
0 462 1493 70.0003
0 463 1493 70.0204
0 464 1493 70.0407
0 465 1493 70.0604
0 466 1493 70.0802
0 466 1493 70.1003
0 467 1493 70.1202
0 467 1493 70.1402
0 467 1493 70.1601
0 467 1493 70.1805
0 467 1493 70.2002
0 467 1493 70.2201
0 470 1493 70.2401
0 473 1493 70.2602
0 476 1493 70.2801
0 479 1494 70.3003
0 481 1494 70.3201
0 483 1494 70.3401
0 484 1494 70.3602
0 485 1494 70.38
0 487 1494 70.4
0 488 1494 70.4202
0 490 1494 70.44
0 491 1494 70.46
0 492 1494 70.4801
0 492 1494 70.5
0 494 1494 70.5201
0 495 1494 70.54
0 496 1494 70.56
0 498 1494 70.5802
0 500 1494 70.6002
0 501 1494 70.62
0 502 1494 70.64
0 502 1494 70.6601
0 503 1494 70.6799
0 504 1494 70.6999
0 506 1493 70.7199
0 507 1493 70.7401
0 508 1493 70.7599
0 509 1493 70.7799
0 510 1493 70.8
0 512 1493 70.82
0 513 1493 70.8404
0 515 1493 70.86
0 516 1493 70.8799
0 516 1493 70.8999
0 517 1493 70.92
0 517 1493 70.9397
0 518 1493 70.9599
0 518 1493 70.9797
0 518 1493 70.9997
0 518 1493 71.02
0 518 1493 71.0397
0 519 1493 71.06
0 519 1493 71.0797
0 519 1493 71.0999
0 519 1493 71.1197
0 519 1493 71.1398
0 519 1493 71.16
0 520 1493 71.1797
0 520 1493 71.1997
0 520 1493 71.2197
0 520 1493 71.2396
0 520 1493 71.2596
0 520 1493 71.2796
0 520 1493 71.2996
0 522 1493 71.3196
0 525 1493 71.3396
0 528 1493 71.3596
0 530 1493 71.3797
0 532 1493 71.3996
0 533 1493 71.4198
0 535 1492 71.4395
0 536 1492 71.4595
0 537 1492 71.4795
0 538 1492 71.4995
0 539 1492 71.5205
0 540 1492 71.5395
0 541 1492 71.5605
0 542 1492 71.5795
0 544 1492 71.5999
0 544 1492 71.6205
0 545 1492 71.6407
0 546 1492 71.6595
0 547 1492 71.6813
0 547 1492 71.7006
0 548 1492 71.7207
0 548 1492 71.7405
0 549 1492 71.7604
0 551 1492 71.7805
0 553 1492 71.8011
0 554 1492 71.8204
0 556 1492 71.841
0 558 1492 71.8603
0 562 1492 71.881
0 566 1492 71.9004
0 570 1492 71.9203
0 574 1492 71.9409
0 577 1492 71.9604
0 579 1492 71.9804
0 581 1492 72.0006
0 583 1492 72.0209
0 584 1492 72.0404
0 585 1492 72.0604
0 585 1492 72.0804
0 586 1492 72.1003
0 586 1492 72.1203
0 587 1492 72.1403
0 587 1492 72.1602
0 588 1492 72.1803
0 589 1492 72.2003
0 590 1491 72.2203
0 591 1491 72.2404
0 593 1491 72.2603
0 594 1491 72.2802
0 595 1491 72.3003
0 596 1491 72.3201
0 596 1491 72.3401
0 597 1491 72.3602
0 598 1491 72.3803
0 598 1491 72.4002
0 598 1491 72.4201
0 599 1491 72.4401
0 599 1491 72.4601
0 599 1491 72.4801
0 599 1491 72.5001
0 599 1491 72.5201
0 599 1491 72.5401
0 600 1491 72.5602
0 600 1491 72.5804
0 600 1491 72.6002
0 601 1491 72.62
0 601 1491 72.6401
0 602 1491 72.6602
0 602 1491 72.6801
0 603 1491 72.7001
0 604 1491 72.7201
0 605 1491 72.7401
0 605 1491 72.7601
0 606 1491 72.7803
0 607 1491 72.8
0 608 1491 72.8199
0 610 1491 72.8398
0 611 1491 72.86
0 614 1491 72.8799
0 617 1491 72.8998
0 620 1491 72.9199
0 624 1491 72.9398
0 627 1491 72.9609
0 630 1491 72.9798
0 633 1491 72.9999
0 635 1491 73.0199
0 636 1491 73.0398
0 637 1491 73.0598
0 638 1491 73.0797
0 639 1491 73.0997
0 640 1491 73.1197
0 640 1491 73.1399
0 641 1491 73.1601
0 642 1490 73.1808
0 643 1490 73.1997
0 644 1490 73.2198
0 645 1490 73.2397
0 645 1490 73.2608
0 646 1490 73.2808
0 647 1490 73.3008
0 647 1490 73.3197
0 648 1490 73.3397
0 648 1490 73.3597
0 650 1490 73.3796
0 652 1490 73.3996
0 654 1490 73.4197
0 656 1490 73.4395
0 658 1490 73.4596
0 660 1490 73.4796
0 661 1490 73.5007
0 662 1490 73.5196
0 663 1490 73.5406
0 665 1490 73.5597
0 666 1490 73.5807
0 668 1490 73.6007
0 669 1490 73.6207
0 670 1490 73.6405
0 671 1490 73.6606
0 672 1490 73.6805
0 673 1490 73.7005
0 674 1490 73.7206
0 675 1490 73.7406
0 675 1490 73.7606
0 676 1490 73.7806
0 676 1490 73.8006
0 676 1490 73.8205
0 676 1490 73.8405
0 676 1490 73.8605
0 676 1490 73.8806
0 676 1490 73.9006
0 678 1490 73.9215
0 679 1490 73.9406
0 679 1490 73.9604
0 680 1489 73.9804
0 681 1489 74.0013
0 682 1489 74.0203
0 683 1489 74.0404
0 684 1489 74.0605
0 685 1489 74.0804
0 686 1489 74.1003
0 686 1489 74.1204
0 686 1489 74.1404
0 686 1489 74.1603
0 686 1489 74.1804
0 686 1489 74.2004
0 686 1489 74.2204
0 687 1489 74.2404
0 687 1489 74.2604
0 689 1489 74.2802
0 690 1489 74.3001
0 691 1489 74.3203
0 693 1489 74.3402
0 695 1489 74.3602
0 698 1489 74.3803
0 701 1489 74.4002
0 704 1489 74.4203
0 706 1488 74.4402
0 709 1488 74.4601
0 711 1488 74.4801
0 713 1488 74.5001
0 715 1488 74.5202
0 716 1488 74.5402
0 717 1488 74.5601
0 718 1488 74.5801
0 721 1488 74.6001
0 724 1488 74.6202
0 726 1488 74.6401
0 728 1488 74.6601
0 730 1488 74.6802
0 733 1488 74.7
0 735 1488 74.7201
0 737 1488 74.7399
0 738 1488 74.7601
0 740 1488 74.7799
0 741 1488 74.801
0 743 1488 74.8211
0 744 1488 74.8399
0 745 1487 74.861
0 747 1487 74.8809
0 748 1487 74.9001
0 749 1487 74.9199
0 750 1487 74.941
0 750 1487 74.96
0 750 1487 74.9811
0 751 1487 74.9998
0 751 1487 75.0207
0 752 1487 75.0398
0 752 1487 75.0598
0 752 1487 75.0809
0 752 1487 75.0997
0 752 1487 75.1199
0 753 1487 75.1398
0 753 1487 75.1608
0 754 1487 75.1799
0 754 1487 75.1998
0 755 1487 75.2198
0 755 1487 75.2398
0 755 1487 75.2599
0 756 1487 75.2798
0 756 1487 75.2997
0 756 1487 75.3196
0 757 1487 75.3401
0 758 1487 75.3607
0 759 1487 75.3798
0 759 1487 75.3996
0 759 1487 75.4198
0 759 1487 75.4396
0 759 1487 75.4598
0 760 1487 75.4807
0 760 1487 75.5007
0 760 1487 75.5207
0 760 1487 75.5407
0 760 1487 75.5607
0 760 1487 75.5805
0 760 1487 75.6005
0 760 1487 75.6205
0 760 1487 75.6406
0 760 1487 75.6605
0 761 1487 75.6806
0 761 1487 75.7005
0 762 1487 75.7206
0 762 1487 75.7405
0 762 1487 75.7606
0 763 1487 75.7805
0 764 1487 75.8007
0 766 1487 75.8205
0 766 1487 75.8405
0 767 1487 75.8604
0 767 1487 75.8804
0 768 1487 75.9004
0 769 1487 75.9206
0 770 1487 75.9404
0 770 1487 75.9604
0 770 1487 75.9804
0 771 1487 76.0004
0 771 1487 76.0204
0 771 1487 76.0403
0 772 1487 76.0605
0 772 1487 76.0804
0 772 1487 76.1004
0 774 1487 76.1202
0 775 1487 76.1404
0 778 1487 76.1602
0 780 1487 76.1804
0 782 1487 76.2002
0 784 1487 76.2203
0 786 1487 76.2402
0 788 1487 76.2605
0 791 1487 76.2803
0 795 1487 76.3004
0 799 1487 76.3202
0 802 1487 76.3404
0 804 1487 76.3602
0 807 1487 76.3802
0 808 1487 76.4002
0 809 1487 76.4203
0 810 1487 76.4402
0 811 1487 76.4604
0 811 1487 76.4802
0 812 1487 76.5003
0 813 1487 76.5201
0 814 1487 76.5403
0 817 1487 76.5602
0 820 1486 76.5813
0 823 1486 76.6024
0 826 1486 76.6214
0 830 1486 76.6401
0 833 1486 76.6602
0 836 1486 76.6801
0 838 1486 76.6999
0 840 1486 76.72
0 842 1486 76.7399
0 844 1486 76.7602
0 845 1486 76.7799
0 845 1486 76.7999
0 846 1486 76.8199
0 847 1486 76.8399
0 847 1486 76.8599
0 848 1486 76.8799
0 849 1486 76.8999
0 850 1486 76.9201
0 851 1486 76.941
0 852 1486 76.9611
0 854 1486 76.9808
0 855 1486 77.0008
0 857 1486 77.0198
0 859 1486 77.0399
0 861 1485 77.06
0 863 1485 77.0798
0 864 1485 77.101
0 865 1485 77.1198
0 867 1485 77.1404
0 868 1485 77.1608
0 870 1485 77.1808
0 871 1485 77.1998
0 873 1485 77.2208
0 874 1485 77.2408
0 875 1485 77.2596
0 875 1485 77.2799
0 876 1485 77.3006
0 877 1485 77.3208
0 877 1485 77.3396
0 877 1485 77.3596
0 878 1485 77.3807
0 878 1485 77.4006
0 879 1485 77.4207
0 879 1485 77.4396
0 880 1485 77.4607
0 880 1485 77.4806
0 881 1485 77.5007
0 881 1485 77.5206
0 881 1485 77.5406
0 882 1485 77.5605
0 882 1485 77.5805
0 883 1485 77.6005
0 884 1485 77.6206
0 885 1485 77.6406
0 886 1485 77.6605
0 887 1485 77.6808
0 888 1485 77.7006
0 889 1485 77.7207
0 890 1485 77.7406
0 892 1485 77.7605
0 893 1485 77.7805
0 895 1485 77.8004
0 897 1485 77.8204
0 899 1485 77.8405
0 900 1485 77.8604
0 901 1485 77.8804
0 901 1485 77.9005
0 903 1485 77.9206
0 905 1485 77.9404
0 908 1485 77.9604
0 914 1485 77.9805
0 918 1485 78.0004
0 923 1485 78.0205
0 928 1485 78.0404
0 932 1485 78.0604
0 937 1484 78.0803
0 942 1484 78.1004
0 947 1484 78.1203
0 950 1484 78.1402
0 953 1484 78.1604
0 956 1484 78.1803
0 959 1484 78.2003
0 962 1484 78.2203
0 964 1484 78.2403
0 967 1483 78.2603
0 970 1483 78.2803
0 973 1483 78.3002
0 976 1483 78.3203
0 980 1483 78.3402
0 983 1483 78.3602
0 986 1483 78.3802
0 988 1483 78.4002
0 991 1483 78.4201
0 993 1483 78.4404
0 994 1483 78.4601
0 997 1483 78.4804
0 999 1483 78.5002
0 1001 1483 78.5204
0 1003 1483 78.5402
0 1005 1483 78.5603
0 1006 1482 78.5802
0 1007 1482 78.6002
0 1008 1482 78.6202
0 1009 1482 78.6402
0 1009 1482 78.6602
0 1010 1482 78.6802
0 1010 1482 78.7
0 1010 1482 78.7203
0 1011 1482 78.74
0 1012 1482 78.7602
0 1012 1482 78.781
0 1013 1482 78.8001
0 1014 1482 78.8203
0 1016 1482 78.84
0 1018 1482 78.86
0 1020 1482 78.8799
0 1021 1482 78.8998
0 1022 1482 78.9198
0 1023 1482 78.9388
0 1024 1482 78.96
0 1025 1482 78.9789
0 1027 1482 78.9992
0 1029 1482 79.0188
0 1032 1482 79.0391
0 1035 1482 79.0589
0 1039 1481 79.0788
0 1041 1481 79.0999
0 1043 1481 79.1189
0 1045 1481 79.1399
0 1046 1481 79.1587
0 1047 1481 79.1788
0 1048 1481 79.1987
0 1048 1481 79.2199
0 1049 1481 79.2397
0 1049 1481 79.2587
0 1049 1481 79.2788
0 1049 1481 79.2997
0 1049 1481 79.3187
0 1049 1481 79.3388
0 1049 1481 79.3597
0 1049 1481 79.3798
0 1049 1481 79.3998
0 1050 1481 79.4199
0 1050 1481 79.4396
0 1051 1481 79.4596
0 1051 1481 79.4797
0 1051 1481 79.4998
0 1051 1481 79.5196
0 1052 1481 79.5398
0 1054 1481 79.5596
0 1057 1481 79.5797
0 1060 1481 79.5996
0 1065 1481 79.6196
0 1069 1480 79.6396
0 1073 1480 79.6596
0 1076 1480 79.6796
0 1080 1480 79.6996
0 1087 1480 79.7195
0 1097 1480 79.7395
0 1111 1480 79.7596
0 1129 1481 79.7796
0 1148 1481 79.7995
0 1168 1481 79.8197
0 1189 1482 79.8395
0 1208 1482 79.8596
0 1223 1482 79.8795
0 1236 1483 79.8996
0 1247 1483 79.9196
0 1257 1483 79.9394
0 1267 1483 79.9595
0 1276 1482 79.9793
0 1284 1482 79.9994
0 1290 1482 80.0194
0 1295 1482 80.0393
0 1299 1482 80.0593
0 1301 1482 80.0793
0 1303 1482 80.0993
0 1304 1482 80.1193
0 1304 1482 80.1393
0 1304 1482 80.1593
0 1305 1482 80.1794
0 1305 1482 80.1994
0 1305 1482 80.2195
0 1305 1482 80.2394
0 1305 1482 80.2592
0 1305 1482 80.2792
0 1305 1482 80.2992
0 1305 1482 80.3192
0 1305 1482 80.3392
0 1305 1482 80.3592
0 1305 1482 80.3792
0 1305 1482 80.3993
0 1305 1482 80.4192
0 1305 1482 80.4393
0 1306 1482 80.4593
0 1306 1482 80.4792
0 1306 1482 80.4992
0 1306 1482 80.519
0 1307 1482 80.5391
0 1308 1482 80.559
0 1310 1482 80.5793
0 1312 1482 80.5992
0 1315 1482 80.6191
0 1317 1482 80.6391
0 1319 1482 80.6591
0 1322 1482 80.6791
0 1326 1482 80.699
0 1330 1482 80.7191
0 1335 1482 80.7391
0 1340 1482 80.7591
0 1344 1482 80.779
0 1347 1482 80.7991
0 1349 1482 80.8191
0 1350 1482 80.8393
0 1352 1482 80.8591
0 1355 1482 80.8792
0 1359 1481 80.8991
0 1362 1481 80.9191
0 1364 1481 80.939
0 1366 1481 80.9593
0 1368 1481 80.979
0 1369 1481 80.9989
0 1370 1481 81.0189
0 1371 1481 81.0392
0 1372 1481 81.0589
0 1374 1481 81.079
0 1376 1481 81.0988
0 1378 1481 81.1188
0 1380 1480 81.1398
0 1383 1480 81.1598
0 1385 1480 81.1798
0 1388 1480 81.1988
0 1392 1480 81.2188
0 1395 1480 81.2389
0 1398 1480 81.2598
0 1401 1480 81.2788
0 1403 1479 81.2999
0 1406 1479 81.3198
0 1407 1479 81.3398
0 1409 1479 81.3598
0 1410 1479 81.3798
0 1413 1479 81.3997
0 1415 1479 81.4198
0 1417 1479 81.4397
0 1419 1479 81.4597
0 1421 1479 81.4797
0 1423 1479 81.4999
0 1425 1479 81.5197
0 1426 1479 81.5396
0 1428 1479 81.5598
0 1430 1478 81.5797
0 1432 1478 81.6
0 1435 1478 81.6197
0 1437 1478 81.6397
0 1440 1478 81.6596
0 1443 1478 81.6796
0 1445 1478 81.6995
0 1448 1478 81.7195
0 1450 1478 81.7396
0 1451 1478 81.7595
0 1453 1477 81.7796
0 1453 1477 81.7995
0 1454 1477 81.8196
0 1456 1477 81.8397
0 1458 1477 81.8597
0 1461 1477 81.8796
0 1463 1477 81.8994
0 1466 1477 81.9194
0 1469 1477 81.9394
0 1472 1476 81.9595
0 1475 1476 81.9794
0 1477 1476 81.9994
0 1479 1476 82.0194
0 1480 1476 82.0396
0 1481 1476 82.0595
0 1483 1476 82.0794
0 1485 1476 82.0996
0 1487 1476 82.1194
0 1490 1476 82.1399
0 1493 1476 82.1594
0 1496 1476 82.1794
0 1502 1475 82.1993
0 1511 1475 82.2192
0 1523 1475 82.2392
0 1538 1476 82.2592
0 1556 1476 82.2792
0 1575 1476 82.2993
0 1596 1476 82.3193
0 1618 1477 82.3393
0 1641 1477 82.3592
0 1662 1477 82.3793
0 1683 1477 82.4002
0 1703 1477 82.4193
0 1720 1477 82.4393
0 1734 1478 82.4592
0 1747 1478 82.4792
0 1756 1478 82.4992
0 1763 1478 82.5191
0 1768 1478 82.5392
0 1770 1478 82.5591
0 1772 1478 82.5792
0 1773 1478 82.5991
0 1774 1478 82.6192
0 1775 1478 82.6391
0 1777 1478 82.6591
0 1778 1478 82.6791
0 1779 1478 82.6992
0 1781 1478 82.7191
0 1782 1478 82.7391
0 1784 1478 82.759
0 1785 1478 82.7791
0 1786 1478 82.799
0 1786 1478 82.82
0 1786 1478 82.839
0 1787 1478 82.859
0 1787 1478 82.8791
0 1787 1478 82.9
0 1787 1478 82.919
0 1787 1478 82.94
0 1787 1478 82.9589
0 1787 1478 82.98
0 1787 1478 82.999
0 1789 1478 83.019
0 1790 1478 83.0389
0 1792 1478 83.059
0 1794 1478 83.0789
0 1796 1478 83.1001
0 1797 1478 83.1191
0 1798 1478 83.1399
0 1800 1478 83.16
0 1801 1478 83.1789
0 1803 1477 83.199
0 1806 1477 83.2198
0 1809 1477 83.2399
0 1811 1477 83.2598
0 1812 1477 83.2799
0 1813 1477 83.2998
0 1815 1477 83.3198
0 1817 1477 83.3397
0 1819 1477 83.3597
0 1822 1477 83.3798
0 1824 1477 83.3997
0 1827 1476 83.4197
0 1830 1476 83.4398
0 1832 1476 83.4597
0 1835 1476 83.4797
0 1837 1476 83.5
0 1838 1476 83.5198
0 1840 1476 83.5397
0 1841 1476 83.5596
0 1842 1476 83.5796
0 1843 1476 83.5998
0 1845 1476 83.6196
0 1848 1476 83.6396
0 1850 1476 83.6597
0 1853 1476 83.6796
0 1856 1476 83.6996
0 1859 1476 83.7198
0 1860 1476 83.7396
0 1862 1476 83.7596
0 1862 1476 83.7797
0 1863 1476 83.7996
0 1863 1476 83.8195
0 1864 1476 83.8395
0 1865 1475 83.8595
0 1865 1475 83.8795
0 1866 1475 83.8995
0 1866 1475 83.9201
0 1867 1475 83.9397
0 1868 1475 83.9595
0 1870 1475 83.9795
0 1872 1475 83.9996
0 1873 1475 84.0196
0 1875 1475 84.0395
0 1878 1475 84.0595
0 1880 1475 84.0795
0 1883 1475 84.0993
0 1885 1475 84.1196
0 1888 1474 84.1393
0 1891 1474 84.1593
0 1893 1474 84.1796
0 1895 1474 84.1993
0 1896 1474 84.2193
0 1897 1474 84.2395
0 1899 1474 84.2594
0 1899 1474 84.2794
0 1900 1474 84.2996
0 1900 1474 84.3193
0 1901 1474 84.3395
0 1901 1474 84.3594
0 1901 1474 84.3792
0 1902 1474 84.3993
0 1904 1474 84.4192
0 1906 1474 84.4392
0 1908 1473 84.4592
0 1910 1473 84.4794
0 1913 1473 84.4992
0 1915 1473 84.5193
0 1917 1473 84.5392
0 1919 1473 84.5594
0 1921 1473 84.5792
0 1923 1473 84.5994
0 1924 1473 84.6192
0 1925 1473 84.6394
0 1930 1473 84.6593
0 1936 1473 84.679
0 1942 1473 84.7001
0 1947 1474 84.7191
0 1950 1474 84.7392
0 1952 1474 84.7591
0 1953 1474 84.7791
0 1955 1474 84.7992
0 1956 1474 84.8192
0 1958 1474 84.839
0 1959 1474 84.8592
0 1960 1474 84.879
0 1961 1474 84.899
0 1963 1474 84.9201
0 1966 1474 84.9389
0 1970 1474 84.96
0 1974 1473 84.9793
0 1979 1473 84.9992
0 1984 1473 85.0199
0 1989 1473 85.04
0 1994 1473 85.0589
0 1999 1473 85.0791
0 2004 1473 85.0999
0 2007 1473 85.1199
0 2010 1473 85.1399
0 2012 1473 85.1599
0 2014 1473 85.1799
0 2017 1472 85.2001
0 2019 1472 85.2199
0 2021 1472 85.2399
0 2021 1472 85.2599
0 2022 1472 85.2799
0 2023 1472 85.2999
0 2023 1472 85.3198
0 2024 1472 85.3398
0 2024 1472 85.3599
0 2024 1472 85.3798
0 2024 1472 85.3998
0 2026 1472 85.4198
0 2027 1472 85.4402
0 2029 1472 85.4598
0 2030 1472 85.4797
0 2032 1472 85.4997
0 2033 1472 85.5196
0 2034 1472 85.5396
0 2035 1472 85.5597
0 2037 1472 85.5796
0 2040 1472 85.5998
0 2042 1472 85.6196
0 2044 1472 85.6396
0 2048 1472 85.6596
0 2051 1471 85.6796
0 2054 1471 85.6996
0 2056 1471 85.7197
0 2057 1471 85.7395
0 2058 1471 85.7596
0 2058 1471 85.7796
0 2059 1471 85.7995
0 2061 1471 85.8195
0 2063 1471 85.8406
0 2065 1471 85.8596
0 2067 1471 85.8797
0 2068 1471 85.8995
0 2071 1471 85.9206
0 2073 1471 85.9395
0 2075 1471 85.9597
0 2077 1471 85.9795
0 2078 1471 85.9994
0 2079 1471 86.0194
0 2079 1471 86.0394
0 2080 1471 86.0595
0 2081 1471 86.0794
0 2082 1471 86.0995
0 2083 1471 86.1194
0 2084 1471 86.1394
0 2086 1471 86.1594
0 2089 1470 86.1794
0 2090 1470 86.1994
0 2093 1470 86.2195
0 2095 1470 86.2394
0 2096 1470 86.2594
0 2098 1470 86.2793
0 2099 1470 86.3
0 2101 1470 86.3193
0 2101 1470 86.3393
0 2102 1470 86.3593
0 2102 1470 86.3793
0 2103 1470 86.3993
0 2104 1470 86.4193
0 2104 1470 86.4393
0 2105 1470 86.4593
0 2106 1470 86.4794
0 2107 1470 86.4992
0 2108 1470 86.5192
0 2109 1470 86.5392
0 2110 1470 86.5593
0 2110 1470 86.5792
0 2111 1470 86.5991
0 2112 1470 86.6191
0 2112 1470 86.6391
0 2112 1470 86.6591
0 2113 1470 86.6791
0 2114 1470 86.6992
0 2115 1470 86.7191
0 2116 1470 86.7391
0 2117 1470 86.7601
0 2117 1470 86.7791
0 2118 1470 86.7991
0 2119 1470 86.8191
0 2120 1470 86.84
0 2121 1470 86.86
0 2121 1470 86.88
0 2121 1470 86.899
0 2122 1470 86.9192
0 2124 1469 86.939
0 2126 1469 86.9589
0 2128 1469 86.98
0 2131 1469 87
0 2134 1469 87.019
0 2136 1469 87.0408
0 2138 1469 87.0601
0 2141 1469 87.0799
0 2143 1469 87.1
0 2146 1469 87.1198
0 2148 1469 87.1399
0 2150 1468 87.1599
0 2153 1468 87.1799
0 2155 1468 87.2002
0 2156 1468 87.2199
0 2158 1468 87.2398
0 2159 1468 87.2599
0 2160 1468 87.2798
0 2161 1468 87.2999
0 2162 1468 87.3198
0 2164 1468 87.3399
0 2166 1468 87.3598
0 2167 1468 87.3799
0 2168 1468 87.3998
0 2170 1468 87.4199
0 2171 1468 87.4399
0 2175 1468 87.46
0 2182 1468 87.4797
0 2191 1468 87.4998
0 2203 1468 87.5197
0 2216 1468 87.5397
0 2227 1468 87.5598
0 2236 1469 87.5798
0 2242 1469 87.5998
0 2246 1469 87.6198
0 2249 1469 87.64
0 2251 1469 87.6596
0 2253 1469 87.6796
0 2255 1469 87.6996
0 2255 1469 87.7195
0 2256 1469 87.7398
0 2256 1469 87.7596
0 2256 1469 87.7797
0 2256 1469 87.7996
0 2256 1469 87.8197
0 2256 1469 87.8396
0 2256 1469 87.8599
0 2257 1469 87.8796
0 2258 1469 87.8996
0 2259 1469 87.9195
0 2259 1469 87.9394
0 2259 1469 87.9595
0 2259 1469 87.9795
0 2260 1469 87.9997
0 2260 1469 88.0195
0 2261 1469 88.0394
0 2261 1469 88.0595
0 2262 1469 88.0794
0 2263 1469 88.0995
0 2264 1468 88.1195
0 2266 1468 88.1394
0 2269 1468 88.1595
0 2274 1468 88.1794
0 2279 1468 88.1995
0 2286 1468 88.2193
0 2292 1468 88.2393
0 2299 1467 88.2593
0 2306 1467 88.2794
0 2311 1467 88.2993
0 2314 1467 88.3194
0 2316 1467 88.3393
0 2317 1467 88.3596
0 2318 1467 88.3793
0 2319 1467 88.3995
0 2319 1467 88.4194
0 2320 1467 88.4395
0 2320 1467 88.4593
0 2321 1467 88.4794
0 2322 1467 88.4992
0 2323 1467 88.5194
0 2324 1467 88.5392
0 2325 1467 88.5591
0 2325 1467 88.5792
0 2326 1467 88.5993
0 2327 1467 88.6203
0 2328 1467 88.6393
0 2328 1467 88.6592
0 2328 1467 88.6791
0 2328 1467 88.6994
0 2329 1467 88.7191
0 2330 1467 88.7392
0 2330 1467 88.759
0 2330 1467 88.779
0 2331 1467 88.8
0 2332 1467 88.8191
0 2334 1467 88.8391
0 2335 1467 88.8591
0 2337 1467 88.879
0 2339 1467 88.9001
0 2340 1467 88.9191
0 2341 1467 88.9392
0 2343 1467 88.9591
0 2344 1467 88.9801
0 2345 1467 89.0001
0 2347 1467 89.0201
0 2349 1466 89.0399
0 2350 1466 89.0599
0 2350 1466 89.0799
0 2351 1466 89.1
0 2352 1466 89.1199
0 2353 1466 89.1399
0 2355 1466 89.16
0 2358 1466 89.1799
0 2360 1466 89.2001
0 2362 1466 89.2199
0 2364 1466 89.24
0 2366 1466 89.2639
0 2367 1466 89.2799
0 2368 1466 89.2998
0 2368 1466 89.3199
0 2368 1466 89.3398
0 2369 1466 89.3597
0 2370 1466 89.3797
0 2371 1466 89.3998
0 2372 1466 89.4197
0 2373 1466 89.4398
0 2373 1466 89.4597
0 2374 1466 89.4797
0 2374 1466 89.4998
0 2374 1466 89.5198
0 2374 1466 89.5398
0 2375 1466 89.5597
0 2377 1466 89.5798
0 2379 1466 89.6008
0 2382 1466 89.6198
0 2384 1466 89.6397
0 2387 1466 89.6597
0 2389 1466 89.6796
0 2390 1465 89.6997
0 2391 1465 89.7198
0 2392 1465 89.7397
0 2393 1465 89.7597
0 2395 1465 89.7796
0 2397 1465 89.7996
0 2398 1465 89.8197
0 2399 1465 89.8396
0 2400 1465 89.8595
0 2402 1465 89.8795
0 2403 1465 89.8995
0 2404 1465 89.9195
0 2406 1465 89.9395
0 2407 1465 89.9595
0 2408 1465 89.9795
0 2408 1465 89.9996
0 2409 1465 90.0196
0 2409 1465 90.0396
0 2410 1465 90.0595
0 2410 1465 90.0797
0 2410 1465 90.0994
0 2410 1465 90.1196
0 2410 1465 90.1394
0 2410 1465 90.1597
0 2410 1465 90.1794
0 2410 1465 90.1997
1 2410 1465 91.9997
1 2410 1465 92.0196
1 2410 1465 92.0396
1 2410 1465 92.0596
1 2409 1465 92.0796
1 2409 1465 92.0996
1 2409 1465 92.1195
1 2409 1465 92.1396
1 2408 1465 92.1595
1 2407 1465 92.1796
1 2407 1465 92.1996
1 2407 1465 92.2196
1 2407 1465 92.2405
1 2407 1465 92.2596
1 2407 1465 92.2796
1 2407 1465 92.2994
1 2407 1465 92.3195
1 2407 1465 92.3393
1 2407 1465 92.3595
1 2407 1465 92.3794
1 2407 1465 92.4005
1 2407 1465 92.4194
1 2407 1465 92.4406
1 2407 1465 92.4595
1 2407 1465 92.4813
1 2407 1465 92.4993
1 2406 1465 92.5193
1 2406 1465 92.5404
1 2406 1465 92.5594
1 2406 1465 92.5803
1 2406 1465 92.5992
1 2406 1465 92.6204
1 2406 1465 92.6411
1 2406 1465 92.6593
1 2406 1465 92.6793
1 2406 1465 92.6993
1 2405 1465 92.7203
1 2405 1465 92.7404
1 2405 1465 92.7593
1 2404 1465 92.7803
1 2404 1465 92.8002
1 2403 1465 92.8203
1 2402 1465 92.84
1 2401 1466 92.8601
1 2400 1466 92.8801
1 2398 1466 92.9002
1 2397 1466 92.9201
1 2396 1466 92.941
1 2395 1466 92.9601
1 2394 1466 92.9801
1 2392 1466 93.0001
1 2391 1466 93.0201
1 2390 1466 93.04
1 2388 1466 93.0601
1 2386 1467 93.0801
1 2384 1467 93.1001
1 2382 1467 93.1199
1 2380 1467 93.14
1 2377 1467 93.1599
1 2375 1467 93.1801
1 2373 1468 93.1999
1 2372 1468 93.2199
1 2371 1468 93.2399
1 2369 1468 93.26
1 2367 1468 93.28
1 2365 1468 93.3
1 2363 1468 93.32
1 2361 1468 93.34
1 2360 1469 93.3601
1 2359 1469 93.3799
1 2358 1469 93.3998
1 2358 1469 93.4198
1 2357 1469 93.4398
1 2357 1469 93.4598
1 2357 1469 93.4798
1 2357 1469 93.4999
1 2357 1469 93.5198
1 2359 1469 93.54
1 2363 1469 93.5598
1 2370 1469 93.5799
1 2377 1469 93.5998
1 2385 1470 93.6199
1 2391 1470 93.6398
1 2397 1470 93.6597
1 2403 1470 93.6797
1 2408 1471 93.6996
1 2411 1471 93.7197
1 2412 1471 93.7397
1 2411 1471 93.7597
1 2411 1471 93.7797
1 2409 1471 93.7996
1 2407 1472 93.8196
1 2405 1472 93.8396
1 2403 1472 93.8597
1 2400 1472 93.8798
1 2399 1472 93.8997
1 2397 1472 93.9197
1 2396 1472 93.9397
1 2395 1472 93.9596
1 2393 1473 93.9796
1 2391 1473 93.9998
1 2389 1473 94.0197
1 2387 1473 94.0397
1 2385 1473 94.0595
1 2383 1473 94.0796
1 2382 1473 94.0996
1 2380 1473 94.1195
1 2379 1473 94.1395
1 2378 1474 94.1596
1 2377 1474 94.1795
1 2377 1474 94.1995
1 2377 1474 94.2197
1 2376 1474 94.2395
1 2376 1474 94.2594
1 2376 1474 94.2794
1 2375 1474 94.2994
1 2374 1474 94.3194
1 2373 1474 94.3394
1 2372 1474 94.3604
1 2370 1474 94.3795
1 2369 1474 94.4004
1 2368 1474 94.4195
1 2366 1474 94.4405
1 2366 1474 94.4603
1 2365 1474 94.4795
1 2365 1474 94.4994
1 2365 1474 94.5194
1 2365 1474 94.5403
1 2364 1474 94.5604
1 2364 1475 94.5802
1 2363 1475 94.6004
1 2363 1475 94.6203
1 2362 1475 94.6395
1 2362 1475 94.6602
1 2361 1475 94.6805
1 2361 1475 94.7003
1 2360 1475 94.7202
1 2360 1475 94.7403
1 2359 1475 94.7602
1 2357 1475 94.7805
1 2356 1475 94.8001
1 2355 1475 94.8203
1 2354 1475 94.8402
1 2354 1475 94.8603
1 2353 1475 94.8801
1 2353 1475 94.9003
1 2352 1475 94.9201
1 2352 1475 94.9403
1 2352 1475 94.9601
1 2352 1475 94.9801
1 2352 1475 95.0001
1 2352 1475 95.0201
1 2352 1475 95.0401
1 2352 1475 95.06
1 2352 1475 95.08
1 2351 1475 95.0999
1 2350 1475 95.12
1 2349 1475 95.1401
1 2347 1476 95.1601
1 2347 1476 95.18
1 2346 1476 95.2
1 2345 1476 95.22
1 2344 1476 95.2402
1 2343 1476 95.2599
1 2342 1476 95.28
1 2341 1476 95.3
1 2341 1476 95.3199
1 2339 1476 95.3398
1 2337 1476 95.3598
1 2335 1476 95.3798
1 2332 1477 95.3998
1 2330 1477 95.4199
1 2327 1477 95.4398
1 2326 1477 95.4599
1 2325 1477 95.4798
1 2325 1477 95.5001
1 2325 1477 95.5198
1 2324 1477 95.54
1 2324 1477 95.5598
1 2324 1477 95.5798
1 2324 1477 95.5997
1 2323 1477 95.6197
1 2322 1477 95.6397
1 2322 1477 95.6597
1 2321 1477 95.6798
1 2321 1477 95.7
1 2320 1477 95.7198
1 2320 1477 95.7397
1 2318 1477 95.7598
1 2316 1478 95.7797
1 2315 1478 95.7999
1 2314 1478 95.8199
1 2313 1478 95.8397
1 2312 1478 95.8597
1 2311 1478 95.8797
1 2310 1478 95.8997
1 2309 1478 95.9196
1 2308 1478 95.9395
1 2306 1478 95.9595
1 2303 1478 95.9795
1 2300 1479 95.9996
1 2298 1479 96.0195
1 2297 1479 96.0396
1 2296 1479 96.0596
1 2295 1479 96.0797
1 2293 1479 96.0995
1 2292 1479 96.1195
1 2291 1479 96.1396
1 2290 1479 96.1606
1 2288 1479 96.1796
1 2287 1479 96.2007
1 2285 1479 96.2196
1 2284 1480 96.2396
1 2282 1480 96.2595
1 2280 1480 96.2794
1 2278 1480 96.2995
1 2277 1480 96.3194
1 2275 1480 96.3396
1 2274 1480 96.3594
1 2273 1480 96.3794
1 2272 1480 96.3994
1 2271 1480 96.4187
1 2271 1480 96.4384
1 2270 1480 96.4585
1 2269 1480 96.4783
1 2267 1481 96.4986
1 2264 1481 96.5184
1 2261 1481 96.5385
1 2258 1481 96.5583
1 2255 1481 96.5783
1 2253 1481 96.5993
1 2251 1482 96.6193
1 2249 1482 96.6393
1 2247 1482 96.6593
1 2245 1482 96.6793
1 2244 1482 96.6994
1 2243 1482 96.7182
1 2242 1482 96.7391
1 2240 1482 96.7591
1 2237 1482 96.7795
1 2235 1482 96.7992
1 2232 1483 96.8191
1 2228 1483 96.8393
1 2224 1483 96.8592
1 2220 1483 96.8793
1 2216 1484 96.8991
1 2213 1484 96.9192
1 2211 1484 96.9391
1 2208 1484 96.9591
1 2206 1484 96.9791
1 2205 1484 96.999
1 2203 1484 97.0192
1 2202 1484 97.039
1 2201 1484 97.0591
1 2201 1484 97.079
1 2200 1484 97.0993
1 2199 1485 97.1191
1 2198 1485 97.139
1 2198 1485 97.159
1 2198 1485 97.179
1 2198 1485 97.1991
1 2198 1485 97.219
1 2198 1485 97.2391
1 2198 1485 97.2601
1 2198 1485 97.2791
1 2198 1485 97.299
1 2198 1485 97.3189
1 2198 1485 97.3389
1 2198 1485 97.3589
1 2198 1485 97.3789
1 2198 1485 97.3989
1 2198 1485 97.4189
1 2198 1485 97.4389
1 2198 1485 97.4589
1 2198 1485 97.4789
1 2198 1485 97.4989
1 2197 1485 97.5189
1 2197 1485 97.539
1 2197 1485 97.5588
1 2196 1485 97.5788
1 2196 1485 97.5987
1 2195 1485 97.6188
1 2194 1485 97.6388
1 2193 1485 97.6587
1 2192 1485 97.6788
1 2189 1485 97.6988
1 2186 1485 97.7188
1 2183 1485 97.7388
1 2180 1486 97.7588
1 2177 1486 97.7787
1 2174 1486 97.7988
1 2172 1486 97.8187
1 2171 1486 97.8386
1 2170 1486 97.8586
1 2169 1486 97.8787
1 2169 1486 97.8986
1 2168 1486 97.9187
1 2168 1486 97.9387
1 2168 1486 97.9586
1 2167 1486 97.9786
1 2167 1486 97.9986
1 2167 1486 98.0186
1 2167 1486 98.0386
1 2167 1486 98.0597
1 2167 1486 98.0786
1 2169 1486 98.0987
1 2175 1487 98.1185
1 2183 1487 98.1385
1 2195 1487 98.1585
1 2210 1488 98.1785
1 2223 1488 98.1995
1 2236 1488 98.2185
1 2246 1489 98.2395
1 2250 1489 98.2585
1 2251 1489 98.2787
1 2250 1489 98.2985
1 2249 1490 98.3188
1 2247 1490 98.3385
1 2245 1490 98.3585
1 2242 1490 98.3795
1 2238 1490 98.3996
1 2235 1490 98.4185
1 2233 1491 98.4385
1 2230 1491 98.4585
1 2227 1491 98.4783
1 2225 1491 98.4983
1 2222 1491 98.5193
1 2220 1491 98.5383
1 2217 1491 98.5593
1 2215 1492 98.5783
1 2212 1492 98.5995
1 2209 1492 98.6193
1 2207 1492 98.6396
1 2204 1492 98.6592
1 2202 1492 98.6792
1 2199 1492 98.6992
1 2197 1492 98.7192
1 2194 1493 98.7393
1 2192 1493 98.7592
1 2190 1493 98.7793
1 2188 1493 98.7992
1 2187 1493 98.8193
1 2185 1493 98.8392
1 2183 1493 98.8594
1 2180 1493 98.8792
1 2177 1493 98.8993
1 2174 1494 98.9191
1 2172 1494 98.9393
1 2169 1494 98.9591
1 2166 1494 98.9792
1 2163 1494 98.9991
1 2161 1494 99.0191
1 2158 1494 99.0391
1 2156 1495 99.0591
1 2153 1495 99.0792
1 2151 1495 99.0991
1 2148 1495 99.1191
1 2146 1495 99.1391
1 2143 1495 99.1591
1 2140 1495 99.1791
1 2138 1495 99.1989
1 2136 1496 99.2189
1 2133 1496 99.2389
1 2130 1496 99.2589
1 2127 1496 99.2791
1 2124 1496 99.299
1 2122 1496 99.3189
1 2121 1496 99.3391
1 2119 1496 99.359
1 2118 1496 99.3793
1 2117 1496 99.399
1 2116 1496 99.4189
1 2113 1497 99.439
1 2111 1497 99.459
1 2107 1497 99.4788
1 2104 1497 99.5
1 2100 1497 99.5189
1 2097 1497 99.539
1 2093 1498 99.5588
1 2091 1498 99.5788
1 2089 1498 99.5988
1 2086 1498 99.6188
1 2083 1498 99.6388
1 2079 1498 99.6588
1 2075 1498 99.6789
1 2070 1499 99.6988
1 2065 1499 99.719
1 2059 1499 99.7387
1 2055 1499 99.7587
1 2051 1500 99.7787
1 2048 1500 99.7988
1 2045 1500 99.8187
1 2042 1500 99.8392
1 2038 1500 99.8587
1 2036 1500 99.8793
1 2033 1500 99.8988
1 2030 1501 99.9186
1 2027 1501 99.9387
1 2024 1501 99.9587
1 2020 1501 99.9787
1 2017 1501 99.9988
1 2014 1501 100.019
1 2012 1501 100.039
1 2010 1502 100.059
1 2007 1502 100.079
1 2005 1502 100.099
1 2003 1502 100.119
1 2001 1502 100.139
1 1999 1502 100.159
1 1998 1502 100.179
1 1996 1502 100.199
1 1994 1502 100.219
1 1992 1502 100.239
1 1989 1502 100.259
1 1985 1503 100.279
1 1982 1503 100.301
1 1978 1503 100.319
1 1974 1503 100.339
1 1970 1503 100.358
1 1965 1504 100.38
1 1960 1504 100.398
1 1955 1504 100.419
1 1951 1504 100.438
1 1947 1504 100.46
1 1943 1505 100.479
1 1940 1505 100.5
1 1938 1505 100.519
1 1936 1505 100.539
1 1933 1505 100.559
1 1930 1505 100.579
1 1928 1505 100.6
1 1925 1505 100.619
1 1922 1505 100.64
1 1919 1506 100.659
1 1917 1506 100.679
1 1915 1506 100.699
1 1913 1506 100.719
1 1911 1506 100.739
1 1909 1506 100.759
1 1908 1506 100.779
1 1905 1506 100.799
1 1902 1506 100.819
1 1899 1506 100.839
1 1897 1507 100.859
1 1893 1507 100.879
1 1889 1507 100.899
1 1885 1507 100.919
1 1880 1507 100.939
1 1876 1507 100.959
1 1872 1508 100.979
1 1868 1508 100.999
1 1865 1508 101.019
1 1862 1508 101.039
1 1859 1508 101.059
1 1856 1508 101.079
1 1854 1508 101.099
1 1852 1509 101.119
1 1849 1509 101.139
1 1847 1509 101.159
1 1845 1509 101.179
1 1844 1509 101.199
1 1843 1509 101.219
1 1843 1509 101.239
1 1843 1509 101.259
1 1842 1509 101.279
1 1842 1509 101.299
1 1840 1509 101.319
1 1838 1509 101.339
1 1835 1509 101.359
1 1832 1509 101.379
1 1828 1510 101.399
1 1825 1510 101.419
1 1821 1510 101.439
1 1818 1510 101.459
1 1816 1510 101.479
1 1813 1510 101.499
1 1810 1510 101.519
1 1806 1510 101.54
1 1803 1511 101.559
1 1801 1511 101.579
1 1799 1511 101.599
1 1798 1511 101.619
1 1796 1511 101.639
1 1794 1511 101.659
1 1791 1511 101.68
1 1788 1511 101.699
1 1785 1511 101.719
1 1781 1511 101.739
1 1777 1512 101.759
1 1773 1512 101.779
1 1769 1512 101.799
1 1764 1512 101.819
1 1759 1512 101.839
1 1754 1513 101.859
1 1750 1513 101.879
1 1745 1513 101.899
1 1741 1513 101.919
1 1736 1513 101.939
1 1731 1514 101.959
1 1726 1514 101.979
1 1722 1514 101.999
1 1716 1514 102.019
1 1710 1514 102.039
1 1704 1515 102.059
1 1698 1515 102.079
1 1693 1515 102.099
1 1689 1515 102.119
1 1684 1515 102.139
1 1680 1516 102.159
1 1677 1516 102.179
1 1675 1516 102.199
1 1674 1516 102.219
1 1673 1516 102.24
1 1672 1516 102.26
1 1670 1516 102.279
1 1668 1516 102.299
1 1665 1516 102.319
1 1660 1516 102.339
1 1656 1516 102.358
1 1652 1517 102.379
1 1647 1517 102.401
1 1642 1517 102.42
1 1638 1517 102.439
1 1634 1517 102.459
1 1632 1517 102.479
1 1630 1518 102.499
1 1628 1518 102.519
1 1627 1518 102.539
1 1626 1518 102.559
1 1623 1518 102.579
1 1618 1518 102.599
1 1614 1518 102.619
1 1609 1518 102.64
1 1603 1519 102.66
1 1597 1519 102.68
1 1590 1519 102.699
1 1582 1519 102.72
1 1574 1520 102.739
1 1566 1520 102.759
1 1558 1520 102.78
1 1552 1521 102.799
1 1544 1521 102.819
1 1537 1521 102.839
1 1529 1521 102.859
1 1521 1522 102.879
1 1512 1522 102.899
1 1503 1522 102.919
1 1494 1523 102.939
1 1486 1523 102.959
1 1477 1523 102.979
1 1468 1524 102.999
1 1459 1524 103.019
1 1451 1524 103.039
1 1443 1525 103.059
1 1436 1525 103.079
1 1429 1525 103.099
1 1423 1525 103.119
1 1417 1525 103.139
1 1413 1526 103.159
1 1411 1526 103.179
1 1413 1526 103.2
1 1417 1527 103.219
1 1420 1527 103.24
1 1421 1527 103.259
1 1422 1528 103.279
1 1422 1528 103.299
1 1421 1528 103.319
1 1419 1528 103.34
1 1417 1528 103.359
1 1416 1528 103.379
1 1415 1529 103.399
1 1414 1529 103.419
1 1414 1529 103.439
1 1414 1529 103.459
1 1414 1529 103.479
1 1413 1529 103.499
1 1412 1529 103.519
1 1409 1529 103.539
1 1407 1529 103.559
1 1403 1529 103.579
1 1398 1529 103.599
1 1393 1529 103.619
1 1388 1530 103.639
1 1383 1530 103.659
1 1379 1530 103.68
1 1375 1530 103.699
1 1372 1530 103.719
1 1369 1530 103.739
1 1367 1530 103.759
1 1368 1531 103.779
1 1372 1531 103.799
1 1378 1531 103.819
1 1385 1532 103.839
1 1393 1532 103.859
1 1401 1533 103.879
1 1408 1533 103.899
1 1413 1534 103.919
1 1415 1534 103.939
1 1414 1535 103.959
1 1411 1535 103.979
1 1408 1535 103.999
1 1404 1535 104.019
1 1400 1536 104.039
1 1396 1536 104.059
1 1393 1536 104.08
1 1388 1536 104.099
1 1384 1536 104.12
1 1381 1536 104.139
1 1378 1536 104.16
1 1375 1536 104.179
1 1373 1536 104.199
1 1371 1537 104.219
1 1367 1537 104.239
1 1363 1537 104.259
1 1358 1537 104.279
1 1352 1537 104.299
1 1346 1537 104.319
1 1341 1537 104.34
1 1335 1538 104.36
1 1330 1538 104.38
1 1325 1538 104.399
1 1322 1538 104.419
1 1319 1538 104.439
1 1318 1538 104.46
1 1316 1538 104.479
1 1315 1538 104.499
1 1315 1538 104.519
1 1314 1538 104.539
1 1315 1538 104.559
1 1317 1539 104.58
1 1319 1539 104.599
1 1322 1539 104.62
1 1325 1539 104.639
1 1328 1540 104.659
1 1329 1540 104.679
1 1330 1540 104.699
1 1330 1540 104.719
1 1330 1540 104.739
1 1331 1540 104.759
1 1331 1540 104.779
1 1331 1540 104.799
1 1331 1540 104.819
1 1331 1540 104.839
1 1331 1540 104.859
1 1331 1540 104.879
1 1331 1540 104.899
1 1331 1540 104.919
1 1331 1540 104.939
1 1331 1540 104.959
1 1331 1540 104.979
1 1331 1540 104.999
1 1331 1540 105.019
1 1331 1540 105.039
0 1331 1540 107.999
0 1331 1540 108.019
0 1331 1540 108.039
0 1331 1540 108.059
0 1331 1540 108.079
0 1331 1540 108.1
0 1331 1540 108.12
0 1331 1540 108.14
0 1331 1540 108.16
0 1331 1540 108.18
0 1331 1540 108.2
0 1331 1540 108.22
0 1331 1540 108.24
0 1331 1540 108.26
0 1331 1540 108.28
0 1331 1540 108.3
0 1331 1540 108.32
0 1331 1540 108.34
0 1331 1540 108.36
0 1331 1540 108.38
0 1331 1540 108.4
0 1331 1540 108.42
0 1331 1540 108.44
0 1331 1540 108.46
0 1331 1540 108.479
0 1331 1540 108.499
0 1331 1540 108.519
0 1331 1540 108.539
0 1331 1540 108.559
0 1331 1540 108.579
0 1331 1540 108.6
0 1332 1540 108.62
0 1333 1540 108.64
0 1333 1540 108.66
0 1334 1540 108.68
0 1335 1540 108.7
0 1336 1540 108.719
0 1338 1540 108.739
0 1341 1540 108.759
0 1343 1540 108.779
0 1346 1540 108.799
0 1348 1540 108.819
0 1351 1539 108.839
0 1354 1539 108.859
0 1357 1539 108.879
0 1359 1539 108.9
0 1361 1539 108.919
0 1364 1539 108.939
0 1369 1539 108.96
0 1377 1539 108.98
0 1384 1538 108.999
0 1392 1538 109.019
0 1399 1538 109.039
0 1406 1538 109.059
0 1417 1538 109.079
0 1430 1538 109.099
0 1447 1538 109.12
0 1468 1538 109.139
0 1493 1539 109.16
0 1521 1539 109.18
0 1552 1539 109.2
0 1586 1540 109.219
0 1625 1540 109.24
0 1665 1541 109.259
0 1705 1541 109.279
0 1741 1541 109.299
0 1772 1542 109.319
0 1798 1542 109.339
0 1818 1542 109.359
0 1833 1542 109.38
0 1842 1542 109.399
0 1847 1542 109.419
0 1850 1542 109.439
0 1852 1542 109.459
0 1854 1542 109.479
0 1855 1542 109.499
0 1856 1542 109.519
0 1857 1542 109.539
0 1858 1542 109.559
0 1859 1542 109.579
0 1859 1542 109.599
0 1859 1542 109.619
0 1860 1543 109.639
0 1860 1543 109.659
0 1860 1543 109.679
0 1860 1543 109.699
0 1860 1543 109.719
0 1860 1543 109.74
0 1860 1543 109.759
0 1860 1543 109.779
0 1860 1543 109.799
0 1860 1543 109.819
0 1860 1543 109.839
0 1860 1543 109.859
0 1860 1543 109.88
0 1860 1543 109.899
0 1860 1543 109.919
0 1861 1542 109.939
0 1863 1542 109.959
0 1865 1542 109.979
0 1867 1542 109.999
0 1872 1542 110.019
0 1877 1542 110.039
0 1882 1542 110.06
0 1885 1542 110.079
0 1887 1542 110.1
0 1888 1542 110.12
0 1889 1542 110.14
0 1891 1542 110.16
0 1893 1542 110.18
0 1896 1542 110.2
0 1899 1541 110.22
0 1904 1541 110.24
0 1909 1541 110.26
0 1914 1541 110.28
0 1918 1541 110.3
0 1920 1541 110.32
0 1922 1541 110.34
0 1923 1541 110.36
0 1923 1541 110.38
0 1923 1541 110.4
0 1924 1541 110.42
0 1924 1541 110.44
0 1924 1541 110.46
0 1924 1541 110.479
0 1924 1541 110.5
0 1924 1541 110.52
0 1925 1541 110.54
0 1925 1541 110.56
0 1925 1541 110.58
0 1925 1541 110.6
0 1926 1541 110.62
0 1927 1541 110.64
0 1928 1541 110.659
0 1928 1541 110.679
0 1929 1541 110.699
0 1929 1541 110.719
0 1929 1541 110.739
0 1931 1540 110.759
0 1932 1540 110.78
0 1934 1540 110.799
0 1935 1540 110.819
0 1936 1540 110.839
0 1937 1540 110.859
0 1938 1540 110.879
0 1939 1540 110.9
0 1939 1540 110.919
0 1941 1540 110.939
0 1942 1540 110.959
0 1943 1540 110.979
0 1943 1540 111
0 1945 1540 111.019
0 1947 1540 111.04
0 1949 1540 111.059
0 1951 1540 111.08
0 1952 1540 111.1
0 1954 1540 111.12
0 1955 1540 111.139
0 1956 1540 111.16
0 1958 1540 111.18
0 1960 1540 111.2
0 1963 1540 111.219
0 1966 1539 111.24
0 1969 1539 111.26
0 1973 1539 111.279
0 1976 1539 111.3
0 1979 1539 111.319
0 1982 1539 111.339
0 1985 1539 111.359
0 1988 1539 111.379
0 1989 1539 111.399
0 1991 1539 111.419
0 1992 1539 111.439
0 1993 1539 111.459
0 1993 1539 111.479
0 1993 1539 111.499
0 1993 1539 111.519
0 1993 1539 111.539
0 1993 1539 111.559
0 1993 1539 111.579
0 1993 1539 111.599
0 1993 1539 111.619
0 1993 1539 111.639
0 1993 1539 111.659
0 1993 1539 111.679
0 1993 1539 111.7
0 1995 1539 111.719
0 1998 1538 111.739
0 2000 1538 111.759
0 2002 1538 111.779
0 2004 1538 111.799
0 2006 1538 111.82
0 2007 1538 111.839
0 2008 1538 111.86
0 2009 1538 111.879
0 2009 1538 111.9
0 2010 1538 111.919
0 2010 1538 111.94
0 2010 1538 111.96
0 2010 1538 111.98
0 2011 1538 112
0 2011 1538 112.02
0 2012 1538 112.04
0 2012 1538 112.06
0 2013 1538 112.08
0 2014 1538 112.1
0 2016 1538 112.12
0 2017 1538 112.14
0 2018 1538 112.16
0 2018 1538 112.18
0 2018 1538 112.2
0 2018 1538 112.22
0 2018 1538 112.24
0 2018 1538 112.26
0 2019 1538 112.28
0 2019 1538 112.3
0 2019 1538 112.32
0 2019 1538 112.34
0 2019 1538 112.36
0 2019 1538 112.38
0 2019 1538 112.4
0 2019 1538 112.42
0 2020 1538 112.441
0 2020 1538 112.461
0 2022 1538 112.481
0 2023 1538 112.5
0 2024 1538 112.52
0 2025 1538 112.54
0 2025 1538 112.56
0 2026 1538 112.58
0 2026 1538 112.6
0 2026 1538 112.619
0 2026 1538 112.639
0 2026 1538 112.659
0 2026 1538 112.679
0 2027 1538 112.699
0 2027 1538 112.719
0 2027 1538 112.74
0 2028 1538 112.759
0 2028 1538 112.78
0 2028 1538 112.799
0 2028 1538 112.82
0 2028 1538 112.839
0 2028 1538 112.86
0 2029 1538 112.879
0 2030 1538 112.899
0 2031 1538 112.919
0 2031 1538 112.939
0 2032 1538 112.959
0 2034 1538 112.979
0 2036 1538 112.999
0 2039 1538 113.019
0 2041 1538 113.039
0 2043 1538 113.059
0 2044 1538 113.079
0 2044 1538 113.099
0 2045 1538 113.119
0 2045 1538 113.139
0 2045 1538 113.159
0 2045 1538 113.179
0 2046 1538 113.199
0 2047 1537 113.219
0 2048 1537 113.239
0 2048 1537 113.259
0 2048 1537 113.279
0 2048 1537 113.299
0 2049 1537 113.319
0 2050 1537 113.339
0 2050 1537 113.359
0 2050 1537 113.379
0 2051 1537 113.399
0 2052 1537 113.419
0 2055 1537 113.439
0 2057 1537 113.459
0 2060 1537 113.481
0 2063 1537 113.5
0 2068 1537 113.519
0 2075 1537 113.539
0 2084 1537 113.559
0 2094 1537 113.579
0 2103 1537 113.599
0 2112 1537 113.619
0 2120 1538 113.639
0 2127 1538 113.659
0 2133 1538 113.679
0 2138 1538 113.699
0 2143 1538 113.72
0 2146 1538 113.739
0 2151 1538 113.759
0 2155 1538 113.78
0 2159 1538 113.8
0 2163 1538 113.82
0 2165 1538 113.839
0 2167 1538 113.86
0 2168 1538 113.88
0 2169 1538 113.899
0 2171 1538 113.919
0 2173 1538 113.939
0 2175 1538 113.959
0 2177 1538 113.979
0 2180 1538 113.999
0 2186 1538 114.019
0 2193 1538 114.039
0 2202 1538 114.059
0 2210 1538 114.079
0 2219 1537 114.099
0 2228 1537 114.119
0 2236 1537 114.139
0 2243 1537 114.159
0 2247 1537 114.179
0 2250 1537 114.199
0 2252 1537 114.219
0 2253 1537 114.239
0 2253 1537 114.259
0 2254 1537 114.279
0 2254 1537 114.299
0 2255 1537 114.319
0 2256 1537 114.339
0 2258 1537 114.359
0 2259 1537 114.379
0 2262 1537 114.399
0 2265 1536 114.419
0 2268 1536 114.439
0 2271 1536 114.459
0 2273 1536 114.479
0 2276 1536 114.499
0 2278 1536 114.519
0 2279 1536 114.538
0 2280 1536 114.559
0 2282 1536 114.578
0 2282 1536 114.598
0 2284 1536 114.618
0 2285 1536 114.638
0 2288 1536 114.659
0 2290 1536 114.678
0 2293 1536 114.698
0 2295 1536 114.718
0 2298 1536 114.738
0 2300 1536 114.758
0 2302 1536 114.778
0 2303 1536 114.798
0 2306 1536 114.819
0 2311 1536 114.838
0 2316 1536 114.858
0 2321 1536 114.879
0 2325 1536 114.898
0 2329 1536 114.918
0 2333 1536 114.938
0 2337 1536 114.958
0 2342 1536 114.978
0 2345 1536 114.998
0 2349 1536 115.018
0 2351 1536 115.038
0 2354 1536 115.058
0 2356 1536 115.078
0 2358 1536 115.098
0 2359 1536 115.118
0 2361 1536 115.138
0 2363 1536 115.158
0 2366 1535 115.178
0 2369 1535 115.198
0 2372 1535 115.218
0 2376 1535 115.238
0 2379 1535 115.258
0 2382 1535 115.278
0 2385 1535 115.298
0 2387 1535 115.318
0 2390 1535 115.338
0 2393 1535 115.358
0 2397 1535 115.379
0 2399 1535 115.398
0 2401 1535 115.419
0 2402 1535 115.438
0 2403 1535 115.458
0 2404 1535 115.478
0 2405 1535 115.498
0 2405 1535 115.519
0 2406 1535 115.538
0 2406 1535 115.559
0 2406 1535 115.578
0 2407 1535 115.6
0 2408 1535 115.618
0 2409 1535 115.638
0 2410 1535 115.659
0 2411 1535 115.678
0 2411 1535 115.699
0 2412 1535 115.718
0 2414 1534 115.738
0 2414 1534 115.758
0 2416 1534 115.778
0 2417 1534 115.798
0 2419 1534 115.818
0 2421 1534 115.839
0 2423 1534 115.859
0 2426 1534 115.879
0 2429 1534 115.899
0 2432 1534 115.919
0 2434 1534 115.939
0 2436 1534 115.959
0 2439 1534 115.979
0 2441 1534 115.999
0 2443 1533 116.019
0 2446 1533 116.039
0 2448 1533 116.059
0 2449 1533 116.079
0 2451 1533 116.099
0 2454 1533 116.119
0 2458 1533 116.139
0 2461 1533 116.159
0 2464 1533 116.179
0 2467 1533 116.199
0 2469 1533 116.219
0 2470 1533 116.239
0 2471 1533 116.259
0 2472 1533 116.279
0 2472 1533 116.299
0 2473 1533 116.319
0 2474 1533 116.339
0 2475 1533 116.359
0 2477 1533 116.379
0 2479 1532 116.399
0 2482 1532 116.419
0 2483 1532 116.439
0 2485 1532 116.458
0 2486 1532 116.479
0 2488 1532 116.499
0 2490 1532 116.519
0 2492 1532 116.539
0 2493 1532 116.559
0 2494 1532 116.578
0 2494 1532 116.599
0 2495 1532 116.619
0 2495 1532 116.639
0 2496 1532 116.659
0 2499 1532 116.678
0 2503 1532 116.699
0 2505 1532 116.719
0 2506 1532 116.739
0 2507 1532 116.758
0 2508 1532 116.779
0 2508 1533 116.798
0 2508 1533 116.818
0 2510 1533 116.838
0 2511 1532 116.858
0 2513 1532 116.878
0 2515 1532 116.898
0 2517 1532 116.918
0 2520 1532 116.938
0 2523 1532 116.958
0 2527 1532 116.978
0 2532 1532 116.998
0 2536 1532 117.018
0 2541 1532 117.038
0 2545 1532 117.058
0 2548 1532 117.078
0 2550 1532 117.098
0 2552 1532 117.118
0 2555 1531 117.138
0 2558 1531 117.158
0 2560 1531 117.178
0 2563 1531 117.198
0 2566 1531 117.218
0 2569 1531 117.238
0 2570 1531 117.258
0 2572 1531 117.278
0 2573 1531 117.298
0 2573 1531 117.318
0 2575 1531 117.338
0 2576 1531 117.358
0 2577 1531 117.378
0 2578 1531 117.398
0 2579 1531 117.418
0 2579 1531 117.438
0 2580 1531 117.458
0 2580 1531 117.479
0 2580 1531 117.498
0 2581 1531 117.518
0 2582 1531 117.54
0 2582 1531 117.559
0 2582 1531 117.578
0 2582 1531 117.598
0 2583 1531 117.618
0 2584 1531 117.638
0 2586 1531 117.658
0 2589 1531 117.678
0 2593 1531 117.699
0 2595 1531 117.718
0 2597 1531 117.738
0 2598 1531 117.759
0 2599 1531 117.779
0 2600 1531 117.799
0 2602 1531 117.819
0 2604 1530 117.839
0 2607 1530 117.859
0 2610 1530 117.879
0 2611 1530 117.899
0 2613 1530 117.919
0 2615 1530 117.939
0 2616 1530 117.959
0 2617 1530 117.979
0 2619 1530 117.999
0 2619 1530 118.019
0 2620 1530 118.039
0 2621 1530 118.059
0 2622 1530 118.079
0 2624 1530 118.099
0 2626 1530 118.119
0 2629 1530 118.139
0 2631 1530 118.159
0 2632 1530 118.179
0 2633 1530 118.199
0 2635 1530 118.219
0 2635 1530 118.239
0 2636 1530 118.259
0 2637 1530 118.279
0 2638 1530 118.299
0 2638 1530 118.319
0 2639 1530 118.339
0 2640 1530 118.359
0 2640 1530 118.379
0 2641 1530 118.399
0 2641 1530 118.419
0 2643 1529 118.439
0 2645 1529 118.459
0 2647 1529 118.479
0 2649 1529 118.499
0 2650 1529 118.519
0 2651 1529 118.539
0 2653 1529 118.559
0 2653 1529 118.579
0 2655 1529 118.599
0 2656 1529 118.619
0 2658 1529 118.638
0 2659 1529 118.658
0 2661 1529 118.678
0 2663 1529 118.699
0 2666 1529 118.721
0 2670 1529 118.739
0 2674 1529 118.758
0 2677 1529 118.778
0 2680 1529 118.798
0 2682 1529 118.818
0 2683 1529 118.838
0 2684 1529 118.858
0 2686 1528 118.878
0 2688 1528 118.898
0 2689 1528 118.918
0 2689 1528 118.938
0 2690 1528 118.958
0 2690 1528 118.978
0 2691 1528 118.998
0 2693 1528 119.018
0 2693 1528 119.038
0 2694 1528 119.059
0 2694 1528 119.078
0 2695 1528 119.098
0 2696 1528 119.118
0 2699 1528 119.138
0 2702 1528 119.158
0 2703 1528 119.178
0 2705 1528 119.198
0 2705 1528 119.218
0 2706 1528 119.238
0 2708 1528 119.258
0 2709 1528 119.278
0 2711 1528 119.298
0 2712 1528 119.318
0 2714 1528 119.338
0 2717 1528 119.358
0 2720 1528 119.378
0 2723 1528 119.398
0 2725 1527 119.418
0 2728 1527 119.439
0 2730 1527 119.458
0 2731 1527 119.478
0 2732 1527 119.499
0 2733 1527 119.518
0 2735 1527 119.538
0 2735 1527 119.558
0 2736 1527 119.578
0 2738 1527 119.599
0 2739 1527 119.619
0 2742 1527 119.638
0 2745 1527 119.659
0 2748 1527 119.678
0 2751 1527 119.699
0 2755 1527 119.719
0 2758 1527 119.74
0 2761 1527 119.759
0 2764 1527 119.779
0 2765 1527 119.799
0 2766 1527 119.819
0 2768 1527 119.839
0 2770 1526 119.859
0 2773 1526 119.879
0 2777 1526 119.899
0 2780 1526 119.919
0 2783 1526 119.939
0 2785 1526 119.959
0 2787 1526 119.979
0 2789 1526 119.999
0 2791 1526 120.019
0 2792 1526 120.039
0 2793 1526 120.059
0 2794 1526 120.079
0 2794 1526 120.099
0 2795 1526 120.119
0 2795 1526 120.139
0 2795 1526 120.16
0 2795 1526 120.179
0 2796 1526 120.199
0 2797 1526 120.219
0 2797 1526 120.239
0 2798 1526 120.259
0 2798 1526 120.279
0 2798 1526 120.299
0 2799 1526 120.319
0 2799 1526 120.339
0 2799 1526 120.359
0 2800 1526 120.379
0 2801 1526 120.399
0 2802 1526 120.419
0 2804 1526 120.439
0 2805 1526 120.459
0 2806 1526 120.479
0 2807 1526 120.499
0 2808 1526 120.519
0 2809 1526 120.539
0 2810 1526 120.558
0 2811 1526 120.579
0 2813 1526 120.599
0 2814 1526 120.619
0 2815 1526 120.639
0 2817 1526 120.659
0 2818 1526 120.679
0 2819 1526 120.699
0 2820 1526 120.719
0 2822 1526 120.739
0 2823 1526 120.759
0 2824 1526 120.779
0 2824 1526 120.799
0 2825 1526 120.818
0 2825 1526 120.838
0 2826 1526 120.858
0 2826 1526 120.879
0 2827 1526 120.898
0 2828 1526 120.919
0 2829 1526 120.938
0 2829 1526 120.958
0 2830 1526 120.978
0 2831 1526 120.998
0 2833 1526 121.018
0 2833 1526 121.038
0 2835 1526 121.059
0 2837 1526 121.078
0 2838 1526 121.098
0 2840 1526 121.118
0 2842 1526 121.138
0 2842 1526 121.158
0 2843 1526 121.178
0 2844 1526 121.198
0 2844 1526 121.218
0 2844 1526 121.238
0 2844 1526 121.258
0 2845 1526 121.278
0 2846 1526 121.298
0 2848 1526 121.319
0 2850 1526 121.339
0 2851 1526 121.358
0 2854 1526 121.378
0 2855 1526 121.398
0 2857 1526 121.419
0 2858 1526 121.438
0 2860 1526 121.459
0 2862 1526 121.478
0 2862 1526 121.498
0 2863 1526 121.518
0 2864 1526 121.538
0 2865 1526 121.559
0 2866 1526 121.578
0 2867 1525 121.599
0 2868 1525 121.619
0 2869 1525 121.639
0 2870 1525 121.659
0 2870 1525 121.679
0 2871 1525 121.699
0 2871 1525 121.719
0 2872 1525 121.739
0 2873 1525 121.759
0 2875 1525 121.779
0 2876 1525 121.799
0 2878 1525 121.819
0 2879 1525 121.839
0 2881 1525 121.859
0 2882 1525 121.879
0 2883 1525 121.899
0 2884 1525 121.919
0 2885 1525 121.939
0 2886 1525 121.959
0 2886 1525 121.979
0 2886 1525 121.999
0 2886 1525 122.019
0 2887 1525 122.039
0 2887 1525 122.059
0 2887 1525 122.079
0 2887 1525 122.099
0 2889 1525 122.119
0 2890 1525 122.139
0 2890 1525 122.159
0 2891 1525 122.179
0 2893 1525 122.199
0 2895 1525 122.219
0 2897 1525 122.239
0 2898 1525 122.259
0 2900 1525 122.279
0 2901 1525 122.299
0 2903 1525 122.319
0 2905 1525 122.339
0 2908 1525 122.359
0 2910 1525 122.379
0 2912 1525 122.4
0 2913 1524 122.418
0 2913 1524 122.439
0 2913 1524 122.459
0 2914 1524 122.479
0 2914 1524 122.499
0 2914 1524 122.519
0 2915 1524 122.539
0 2916 1524 122.559
0 2918 1524 122.579
0 2919 1524 122.599
0 2920 1524 122.619
0 2921 1524 122.639
0 2922 1524 122.659
0 2923 1524 122.679
0 2924 1524 122.699
0 2925 1524 122.718
0 2926 1524 122.739
0 2927 1524 122.758
0 2929 1524 122.779
0 2932 1524 122.798
0 2935 1524 122.818
0 2938 1524 122.838
0 2941 1524 122.858
0 2943 1524 122.878
0 2946 1524 122.898
0 2948 1524 122.918
0 2949 1524 122.938
0 2950 1524 122.958
0 2952 1524 122.978
0 2953 1524 122.998
0 2954 1524 123.018
0 2956 1524 123.038
0 2957 1523 123.058
0 2959 1523 123.078
0 2961 1523 123.099
0 2963 1523 123.118
0 2964 1523 123.138
0 2965 1523 123.158
0 2966 1523 123.178
0 2967 1523 123.198
0 2968 1523 123.219
0 2969 1523 123.238
0 2969 1523 123.258
0 2970 1523 123.279
0 2970 1523 123.298
0 2971 1523 123.318
0 2971 1523 123.338
0 2971 1523 123.358
0 2971 1523 123.378
0 2971 1523 123.398
0 2971 1523 123.418
0 2972 1523 123.438
0 2974 1523 123.459
0 2977 1523 123.478
0 2981 1523 123.499
0 2986 1523 123.519
0 2993 1523 123.539
0 2999 1523 123.559
0 3004 1523 123.579
0 3008 1522 123.599
0 3011 1522 123.62
0 3013 1522 123.639
0 3014 1522 123.659
0 3015 1522 123.679
0 3015 1522 123.699
0 3015 1522 123.719
0 3015 1522 123.739
0 3015 1522 123.759
0 3015 1522 123.779
0 3015 1522 123.799
0 3015 1522 123.819
0 3015 1522 123.839
0 3015 1522 123.859
0 3015 1522 123.879
0 3015 1522 123.899
0 3015 1522 123.924
0 3015 1522 123.938
1 3014 1522 124.919
1 3014 1522 124.938
1 3013 1522 124.959
1 3013 1522 124.978
1 3012 1523 124.998
1 3011 1523 125.018
1 3011 1523 125.038
1 3010 1523 125.058
1 3010 1523 125.078
1 3010 1523 125.098
1 3009 1523 125.118
1 3009 1523 125.138
1 3009 1523 125.158
1 3009 1523 125.178
1 3009 1523 125.199
1 3007 1523 125.218
1 3006 1523 125.238
1 3005 1523 125.258
1 3004 1523 125.278
1 3002 1523 125.298
1 3001 1523 125.318
1 2999 1523 125.339
1 2998 1523 125.359
1 2995 1523 125.379
1 2993 1523 125.398
1 2990 1523 125.418
1 2987 1524 125.439
1 2983 1524 125.458
1 2978 1524 125.479
1 2973 1524 125.499
1 2969 1524 125.519
1 2965 1524 125.54
1 2961 1524 125.559
1 2956 1525 125.579
1 2951 1525 125.599
1 2946 1525 125.619
1 2940 1525 125.639
1 2933 1525 125.659
1 2925 1526 125.679
1 2919 1526 125.699
1 2915 1526 125.719
1 2913 1526 125.739
1 2911 1526 125.759
1 2910 1526 125.779
1 2910 1526 125.799
1 2909 1526 125.819
1 2909 1526 125.839
1 2909 1526 125.859
1 2909 1526 125.879
1 2909 1526 125.899
1 2909 1526 125.919
1 2909 1526 125.939
1 2909 1526 125.959
1 2909 1526 125.979
1 2909 1526 125.999
1 2909 1526 126.019
1 2909 1526 126.039
1 2909 1526 126.059
1 2909 1526 126.079
1 2909 1526 126.099
1 2909 1526 126.119
1 2909 1526 126.139
1 2909 1526 126.159
1 2909 1526 126.179
1 2909 1526 126.199
1 2909 1526 126.219
1 2908 1526 126.239
1 2908 1526 126.259
1 2907 1526 126.279
1 2908 1526 126.299
1 2911 1526 126.319
1 2915 1527 126.339
1 2919 1527 126.359
1 2924 1527 126.379
1 2927 1527 126.399
1 2931 1527 126.419
1 2935 1528 126.439
1 2938 1528 126.459
1 2939 1528 126.479
1 2938 1528 126.499
1 2937 1528 126.519
1 2936 1528 126.539
1 2935 1528 126.559
1 2932 1528 126.579
1 2930 1528 126.599
1 2928 1528 126.619
1 2927 1529 126.639
1 2926 1529 126.659
1 2923 1529 126.679
1 2921 1529 126.699
1 2919 1529 126.719
1 2918 1529 126.739
1 2917 1529 126.759
1 2917 1529 126.779
1 2916 1529 126.799
1 2916 1529 126.819
1 2916 1529 126.839
1 2916 1529 126.859
1 2915 1529 126.879
1 2915 1529 126.899
1 2916 1529 126.918
1 2919 1529 126.939
1 2923 1530 126.959
1 2926 1530 126.978
1 2931 1530 126.999
1 2934 1530 127.018
1 2937 1531 127.039
1 2940 1531 127.059
1 2941 1531 127.079
1 2941 1531 127.098
1 2940 1531 127.118
1 2938 1531 127.139
1 2937 1532 127.159
1 2935 1532 127.179
1 2932 1532 127.199
1 2930 1532 127.218
1 2928 1532 127.238
1 2926 1532 127.258
1 2926 1532 127.278
1 2924 1532 127.299
1 2924 1532 127.319
1 2922 1532 127.339
1 2922 1532 127.359
1 2921 1532 127.378
1 2920 1532 127.399
1 2919 1532 127.419
1 2918 1532 127.439
1 2917 1532 127.46
1 2916 1532 127.479
1 2916 1532 127.499
1 2915 1532 127.519
1 2914 1532 127.539
1 2913 1532 127.559
1 2913 1532 127.579
1 2913 1532 127.599
1 2915 1533 127.619
1 2918 1533 127.639
1 2921 1533 127.659
1 2924 1533 127.68
1 2927 1533 127.699
1 2928 1534 127.72
1 2929 1534 127.739
1 2929 1534 127.759
1 2928 1534 127.779
1 2927 1534 127.799
1 2925 1534 127.819
1 2924 1534 127.839
1 2923 1534 127.859
1 2921 1534 127.879
1 2920 1535 127.899
1 2918 1535 127.919
1 2916 1535 127.939
1 2915 1535 127.959
1 2916 1535 127.979
1 2917 1535 127.999
1 2919 1535 128.019
1 2920 1535 128.039
1 2920 1536 128.059
1 2918 1536 128.08
1 2917 1536 128.099
1 2915 1536 128.119
1 2914 1536 128.139
1 2912 1536 128.159
1 2911 1536 128.179
1 2909 1536 128.199
1 2908 1536 128.219
1 2907 1536 128.239
1 2907 1536 128.259
1 2907 1536 128.279
1 2906 1536 128.299
1 2904 1536 128.319
1 2903 1536 128.339
1 2904 1537 128.359
1 2907 1537 128.379
1 2910 1537 128.399
1 2913 1537 128.42
1 2914 1537 128.439
1 2915 1538 128.459
1 2914 1538 128.479
1 2914 1538 128.499
1 2914 1538 128.519
1 2913 1538 128.54
1 2912 1538 128.559
1 2911 1538 128.579
1 2910 1539 128.599
1 2909 1539 128.619
1 2909 1539 128.639
1 2909 1539 128.659
1 2908 1539 128.679
1 2906 1539 128.699
1 2904 1540 128.719
1 2903 1540 128.739
1 2902 1540 128.759
1 2902 1540 128.779
1 2903 1540 128.799
1 2903 1540 128.819
1 2902 1540 128.839
1 2902 1540 128.859
1 2902 1540 128.879
1 2902 1540 128.899
1 2902 1540 128.919
1 2902 1540 128.939
1 2902 1540 128.959
1 2900 1541 128.98
1 2898 1541 129
1 2899 1541 129.019
1 2900 1541 129.04
1 2901 1541 129.06
1 2902 1541 129.079
1 2903 1541 129.099
1 2904 1541 129.118
1 2904 1542 129.138
1 2905 1542 129.159
1 2906 1542 129.179
1 2906 1542 129.2
1 2905 1542 129.219
1 2904 1542 129.238
1 2903 1542 129.259
1 2902 1542 129.279
1 2901 1542 129.299
1 2899 1542 129.319
1 2898 1542 129.339
1 2897 1542 129.359
1 2895 1543 129.379
1 2894 1543 129.399
1 2893 1543 129.419
1 2891 1543 129.439
1 2890 1543 129.459
1 2888 1543 129.479
1 2886 1543 129.499
1 2885 1543 129.519
1 2883 1543 129.539
1 2883 1543 129.559
1 2882 1543 129.579
1 2881 1543 129.599
1 2880 1543 129.619
1 2878 1543 129.639
1 2877 1543 129.659
1 2876 1543 129.679
1 2875 1543 129.699
1 2875 1543 129.719
1 2874 1543 129.739
1 2873 1543 129.759
1 2873 1543 129.779
1 2873 1543 129.799
1 2872 1543 129.819
1 2872 1543 129.839
1 2872 1543 129.859
1 2872 1543 129.879
1 2872 1543 129.899
1 2872 1543 129.919
1 2872 1543 129.939
1 2873 1543 129.96
1 2872 1543 129.979
1 2873 1543 129.999
1 2875 1544 130.019
1 2877 1544 130.039
1 2880 1544 130.059
1 2882 1544 130.079
1 2886 1544 130.099
1 2887 1544 130.119
1 2887 1544 130.139
1 2887 1544 130.159
1 2886 1544 130.179
1 2884 1545 130.199
1 2883 1545 130.219
1 2883 1545 130.239
1 2882 1545 130.259
1 2882 1545 130.279
1 2882 1545 130.299
1 2882 1545 130.319
1 2882 1545 130.339
1 2882 1545 130.359
1 2882 1545 130.379
1 2881 1545 130.399
1 2880 1545 130.419
1 2880 1545 130.439
1 2879 1545 130.459
1 2879 1545 130.479
1 2879 1545 130.499
1 2878 1545 130.519
1 2878 1545 130.539
1 2878 1545 130.559
1 2878 1545 130.579
1 2878 1545 130.599
1 2879 1545 130.619
1 2880 1545 130.639
1 2883 1545 130.659
1 2886 1545 130.679
1 2890 1545 130.699
1 2895 1546 130.72
1 2900 1546 130.739
1 2905 1546 130.759
1 2910 1546 130.779
1 2915 1546 130.799
1 2920 1547 130.819
1 2924 1547 130.839
1 2928 1547 130.859
1 2931 1547 130.879
1 2934 1547 130.899
1 2938 1547 130.919
1 2941 1548 130.939
1 2945 1548 130.958
1 2948 1548 130.979
1 2952 1548 130.999
1 2956 1548 131.02
1 2959 1548 131.039
1 2963 1549 131.06
1 2965 1549 131.08
1 2966 1549 131.1
1 2967 1549 131.119
1 2968 1549 131.139
1 2969 1549 131.159
1 2970 1549 131.179
1 2971 1549 131.198
1 2971 1549 131.22
1 2970 1549 131.239
1 2967 1549 131.259
1 2966 1550 131.28
1 2965 1550 131.3
1 2963 1550 131.319
1 2962 1550 131.339
1 2961 1550 131.359
1 2960 1550 131.379
1 2958 1550 131.398
1 2957 1550 131.418
1 2955 1550 131.438
1 2954 1550 131.458
1 2954 1550 131.478
1 2955 1550 131.498
1 2956 1550 131.518
1 2956 1550 131.538
1 2956 1551 131.558
1 2957 1551 131.578
1 2958 1551 131.598
1 2960 1551 131.618
1 2960 1551 131.638
1 2960 1551 131.658
1 2960 1551 131.678
1 2960 1551 131.698
1 2960 1551 131.718
1 2959 1551 131.738
1 2958 1551 131.758
1 2957 1551 131.778
1 2956 1551 131.798
1 2955 1551 131.818
1 2954 1552 131.838
1 2954 1552 131.858
1 2956 1552 131.878
1 2956 1552 131.898
1 2956 1552 131.918
1 2956 1552 131.938
1 2954 1552 131.958
1 2954 1552 131.978
1 2953 1552 131.998
1 2953 1552 132.018
1 2953 1552 132.038
1 2953 1552 132.058
1 2953 1552 132.078
1 2953 1552 132.098
1 2953 1552 132.118
1 2953 1552 132.138
1 2953 1552 132.158
1 2953 1552 132.178
1 2952 1552 132.198
1 2953 1552 132.218
1 2954 1553 132.238
1 2955 1553 132.258
1 2957 1553 132.278
1 2958 1553 132.298
1 2957 1553 132.318
1 2956 1553 132.338
1 2956 1553 132.358
1 2956 1553 132.378
1 2956 1553 132.398
1 2956 1553 132.418
1 2956 1553 132.438
1 2956 1553 132.458
1 2956 1553 132.478
1 2956 1553 132.498
1 2957 1553 132.518
1 2956 1553 132.538
1 2956 1553 132.558
1 2955 1553 132.578
1 2955 1553 132.598
1 2955 1553 132.618
1 2955 1553 132.638
1 2956 1553 132.658
1 2956 1553 132.678
1 2957 1553 132.698
1 2958 1553 132.719
1 2958 1553 132.738
1 2958 1553 132.758
1 2957 1553 132.778
1 2956 1553 132.798
1 2955 1553 132.818
1 2953 1554 132.838
1 2951 1554 132.859
1 2950 1554 132.878
1 2950 1554 132.898
1 2949 1554 132.917
1 2949 1554 132.939
1 2949 1554 132.957
1 2948 1554 132.979
1 2948 1554 132.998
1 2947 1554 133.019
1 2946 1554 133.037
1 2946 1554 133.058
1 2945 1554 133.078
1 2945 1554 133.098
1 2946 1554 133.119
1 2945 1554 133.138
1 2944 1554 133.159
1 2943 1554 133.178
1 2943 1554 133.198
1 2942 1554 133.218
1 2940 1554 133.239
1 2938 1554 133.258
1 2934 1554 133.278
1 2931 1554 133.298
1 2927 1554 133.318
1 2922 1555 133.338
1 2917 1555 133.358
1 2913 1555 133.378
1 2908 1555 133.398
1 2905 1555 133.418
1 2902 1555 133.438
1 2900 1555 133.458
1 2898 1555 133.478
1 2897 1555 133.498
1 2896 1556 133.518
1 2895 1556 133.538
1 2894 1556 133.558
1 2894 1556 133.578
1 2893 1556 133.598
1 2892 1556 133.618
1 2891 1556 133.638
1 2893 1556 133.658
1 2895 1556 133.678
1 2897 1556 133.698
1 2900 1556 133.718
1 2903 1557 133.738
1 2906 1557 133.758
1 2909 1557 133.779
1 2913 1557 133.799
1 2917 1557 133.818
1 2921 1558 133.839
1 2924 1558 133.858
1 2927 1558 133.878
1 2929 1558 133.898
1 2931 1558 133.918
1 2932 1558 133.938
1 2931 1558 133.958
1 2930 1558 133.978
1 2927 1559 133.998
1 2924 1559 134.018
1 2920 1559 134.038
1 2915 1559 134.059
1 2910 1559 134.078
1 2904 1559 134.098
1 2897 1559 134.118
1 2891 1560 134.138
1 2886 1560 134.158
1 2881 1560 134.178
1 2877 1560 134.198
1 2873 1560 134.218
1 2869 1560 134.238
1 2863 1560 134.258
1 2858 1560 134.278
1 2854 1561 134.298
1 2849 1561 134.318
1 2844 1561 134.338
1 2839 1561 134.358
1 2836 1561 134.378
1 2833 1561 134.398
1 2831 1561 134.418
1 2829 1561 134.438
1 2827 1561 134.458
1 2826 1561 134.478
1 2825 1561 134.498
1 2824 1561 134.518
1 2824 1561 134.538
1 2824 1561 134.558
1 2823 1561 134.578
1 2823 1561 134.598
1 2823 1561 134.618
1 2823 1561 134.638
1 2823 1561 134.658
0 2823 1561 135.598
0 2823 1561 135.618
0 2823 1561 135.638
0 2823 1561 135.658
0 2823 1561 135.678
0 2823 1561 135.698
0 2823 1561 135.718
0 2823 1561 135.738
0 2823 1561 135.758
0 2823 1561 135.778
0 2823 1561 135.798
0 2823 1561 135.818
0 2823 1561 135.838
0 2823 1561 135.858
0 2823 1561 135.878
0 2823 1561 135.898
0 2823 1561 135.918
0 2823 1561 135.938
0 2824 1561 135.958
0 2827 1561 135.978
0 2837 1562 135.998
0 2848 1562 136.018
0 2860 1562 136.038
0 2872 1562 136.058
0 2884 1563 136.078
0 2894 1563 136.098
0 2901 1563 136.118
0 2906 1563 136.138
0 2910 1563 136.158
0 2913 1563 136.178
0 2918 1563 136.198
0 2922 1563 136.218
0 2926 1563 136.238
0 2928 1563 136.258
0 2929 1563 136.278
0 2930 1563 136.298
0 2930 1563 136.318
0 2931 1563 136.338
0 2931 1563 136.358
0 2931 1563 136.378
0 2932 1563 136.398
0 2932 1563 136.418
0 2932 1563 136.438
0 2932 1563 136.458
0 2932 1563 136.478
0 2933 1563 136.498
0 2933 1563 136.518
0 2934 1563 136.539
0 2935 1563 136.558
0 2936 1563 136.578
0 2937 1563 136.598
0 2939 1563 136.618
0 2942 1563 136.638
0 2946 1563 136.658
0 2951 1563 136.678
0 2958 1563 136.699
0 2963 1563 136.718
0 2968 1563 136.738
0 2972 1563 136.758
0 2977 1562 136.778
0 2983 1562 136.798
0 2988 1562 136.818
0 2993 1562 136.838
0 2998 1562 136.858
0 3003 1562 136.878
0 3007 1562 136.898
0 3011 1562 136.919
0 3014 1562 136.938
0 3015 1562 136.959
0 3016 1562 136.98
0 3017 1562 136.999
0 3018 1562 137.018
0 3018 1562 137.039
0 3018 1562 137.058
0 3019 1562 137.079
0 3019 1562 137.098
0 3019 1562 137.118
0 3020 1562 137.138
0 3022 1562 137.159
0 3026 1562 137.178
0 3028 1562 137.198
0 3031 1562 137.219
0 3033 1562 137.239
0 3035 1562 137.259
0 3038 1562 137.278
0 3039 1562 137.298
0 3040 1562 137.318
0 3041 1562 137.338
0 3042 1562 137.358
0 3042 1562 137.378
0 3043 1562 137.399
0 3047 1562 137.418
0 3050 1561 137.438
0 3053 1561 137.458
0 3055 1561 137.478
0 3057 1561 137.498
0 3059 1561 137.519
0 3061 1561 137.538
0 3063 1561 137.558
0 3066 1561 137.578
0 3069 1561 137.598
0 3072 1561 137.618
0 3075 1561 137.638
0 3078 1561 137.658
0 3080 1561 137.678
0 3082 1561 137.698
0 3083 1561 137.718
0 3085 1561 137.738
0 3086 1561 137.758
0 3087 1561 137.778
0 3087 1561 137.798
0 3087 1561 137.818
0 3087 1561 137.838
0 3088 1561 137.858
0 3088 1561 137.878
0 3088 1561 137.898
0 3088 1561 137.918
0 3088 1561 137.938
0 3089 1560 137.958
0 3090 1560 137.978
0 3090 1560 137.998
0 3090 1560 138.018
0 3090 1560 138.038
0 3090 1560 138.058
0 3090 1560 138.078
0 3090 1560 138.098
0 3090 1560 138.118
0 3090 1560 138.138
0 3091 1560 138.158
0 3094 1560 138.178
0 3097 1560 138.198
0 3101 1560 138.218
0 3106 1560 138.238
0 3112 1560 138.258
0 3118 1560 138.278
0 3125 1560 138.298
0 3131 1559 138.318
0 3135 1559 138.338
0 3138 1559 138.358
0 3139 1559 138.378
0 3141 1559 138.398
0 3142 1559 138.418
0 3144 1559 138.438
0 3146 1559 138.459
0 3147 1559 138.478
0 3148 1559 138.498
0 3148 1559 138.519
0 3148 1559 138.538
0 3148 1559 138.558
0 3149 1559 138.578
0 3149 1559 138.598
0 3149 1559 138.618
0 3150 1559 138.638
0 3151 1559 138.658
0 3152 1559 138.678
0 3153 1559 138.698
0 3156 1559 138.719
0 3160 1559 138.738
0 3163 1559 138.758
0 3166 1559 138.778
0 3169 1558 138.799
0 3170 1558 138.818
0 3171 1558 138.838
0 3172 1558 138.859
0 3172 1558 138.879
0 3173 1558 138.898
0 3176 1558 138.918
0 3179 1558 138.939
0 3183 1558 138.959
0 3187 1558 138.979
0 3191 1558 138.999
0 3194 1558 139.019
0 3197 1558 139.039
0 3201 1558 139.059
0 3204 1558 139.079
0 3206 1557 139.099
0 3208 1557 139.119
0 3209 1557 139.139
0 3210 1557 139.158
0 3211 1557 139.178
0 3211 1557 139.198
0 3212 1557 139.218
0 3213 1557 139.238
0 3214 1557 139.258
0 3216 1557 139.278
0 3218 1557 139.301
0 3219 1557 139.317
0 3221 1557 139.338
0 3222 1557 139.359
0 3223 1557 139.378
0 3224 1557 139.398
0 3225 1557 139.418
0 3226 1557 139.438
0 3228 1557 139.458
0 3229 1557 139.478
0 3230 1557 139.498
0 3231 1557 139.518
0 3232 1557 139.538
0 3233 1557 139.558
0 3233 1557 139.578
0 3234 1557 139.598
0 3235 1557 139.618
0 3236 1557 139.638
0 3237 1557 139.658
0 3240 1557 139.678
0 3243 1557 139.698
0 3247 1557 139.718
0 3249 1557 139.738
0 3251 1557 139.758
0 3252 1557 139.778
0 3253 1557 139.798
0 3254 1556 139.818
0 3255 1556 139.838
0 3256 1556 139.858
0 3256 1556 139.878
0 3256 1556 139.898
0 3258 1556 139.918
0 3261 1556 139.938
0 3264 1556 139.958
0 3267 1556 139.978
0 3269 1556 139.998
0 3271 1556 140.018
0 3272 1556 140.038
0 3272 1556 140.058
0 3273 1556 140.078
0 3273 1556 140.098
0 3273 1556 140.118
0 3273 1556 140.138
0 3273 1556 140.158
0 3273 1556 140.178
0 3273 1556 140.198
0 3273 1556 140.218
0 3273 1556 140.238
0 3273 1556 140.258
0 3274 1556 140.278
0 3275 1556 140.298
0 3275 1556 140.318
0 3277 1556 140.338
0 3277 1556 140.358
0 3278 1556 140.378
0 3279 1556 140.399
0 3281 1556 140.418
0 3282 1556 140.438
0 3284 1556 140.458
0 3287 1556 140.478
0 3288 1556 140.498
0 3289 1556 140.518
0 3289 1556 140.538
0 3289 1556 140.558
0 3290 1556 140.578
0 3291 1556 140.598
0 3292 1556 140.618
0 3294 1555 140.638
0 3296 1555 140.658
0 3298 1555 140.678
0 3300 1555 140.699
0 3302 1555 140.718
0 3302 1555 140.739
0 3303 1555 140.758
0 3303 1555 140.779
0 3303 1555 140.799
0 3303 1555 140.819
0 3304 1555 140.839
0 3304 1555 140.859
0 3304 1555 140.879
0 3304 1555 140.899
0 3305 1555 140.919
0 3305 1555 140.939
0 3305 1555 140.959
0 3307 1555 140.979
0 3307 1555 140.999
0 3308 1555 141.019
0 3308 1555 141.039
0 3309 1555 141.059
0 3310 1555 141.078
0 3311 1555 141.098
0 3312 1555 141.118
0 3312 1555 141.138
0 3314 1555 141.158
0 3316 1555 141.178
0 3319 1555 141.198
0 3321 1555 141.218
0 3322 1555 141.239
0 3324 1555 141.258
0 3325 1555 141.278
0 3327 1555 141.299
0 3328 1555 141.319
0 3331 1554 141.338
0 3334 1554 141.358
0 3336 1554 141.378
0 3339 1554 141.398
0 3341 1554 141.418
0 3343 1554 141.438
0 3344 1554 141.458
0 3344 1554 141.478
0 3344 1554 141.498
0 3345 1554 141.518
0 3345 1554 141.539
0 3345 1554 141.558
0 3345 1554 141.578
0 3346 1554 141.598
0 3346 1554 141.618
0 3348 1554 141.638
0 3349 1554 141.658
0 3352 1554 141.678
0 3355 1554 141.698
0 3357 1554 141.718
0 3359 1554 141.738
0 3360 1554 141.758
0 3361 1554 141.778
0 3362 1554 141.798
0 3363 1554 141.818
0 3364 1554 141.838
0 3365 1554 141.858
0 3365 1554 141.878
0 3366 1554 141.898
0 3368 1553 141.918
0 3370 1553 141.938
0 3373 1553 141.958
0 3374 1553 141.978
0 3376 1553 141.998
0 3378 1553 142.018
0 3380 1553 142.038
0 3382 1553 142.058
0 3383 1553 142.078
0 3384 1553 142.098
0 3385 1553 142.118
0 3386 1553 142.138
0 3387 1553 142.158
0 3387 1553 142.178
0 3389 1553 142.198
0 3389 1553 142.218
0 3391 1553 142.238
0 3391 1553 142.258
0 3392 1553 142.278
0 3392 1553 142.298
0 3393 1553 142.318
0 3395 1553 142.338
0 3397 1553 142.358
0 3400 1553 142.378
0 3402 1553 142.399
0 3404 1553 142.418
0 3405 1553 142.439
0 3406 1553 142.458
0 3408 1553 142.478
0 3409 1553 142.498
0 3410 1553 142.518
0 3410 1553 142.538
0 3411 1553 142.558
0 3411 1553 142.578
0 3411 1553 142.598
0 3411 1553 142.618
0 3412 1553 142.639
0 3413 1553 142.659
0 3413 1553 142.678
0 3414 1553 142.698
0 3414 1553 142.719
0 3415 1553 142.739
0 3416 1553 142.759
0 3417 1553 142.779
0 3419 1553 142.799
0 3420 1553 142.819
0 3421 1553 142.839
0 3422 1553 142.859
0 3424 1553 142.879
0 3426 1553 142.899
0 3428 1553 142.919
0 3430 1553 142.939
0 3431 1553 142.959
0 3431 1553 142.979
0 3432 1553 142.999
0 3433 1553 143.019
0 3435 1553 143.039
0 3436 1553 143.059
0 3437 1553 143.079
0 3438 1553 143.099
0 3439 1553 143.119
0 3441 1553 143.139
0 3443 1553 143.159
0 3444 1553 143.179
0 3446 1552 143.199
0 3449 1552 143.219
0 3451 1552 143.239
0 3454 1552 143.258
0 3458 1552 143.279
0 3460 1552 143.298
0 3462 1552 143.318
0 3465 1552 143.338
0 3469 1552 143.358
0 3472 1552 143.378
0 3475 1552 143.398
0 3477 1552 143.418
0 3478 1552 143.438
0 3479 1552 143.458
0 3479 1552 143.478
0 3480 1552 143.498
0 3481 1552 143.518
0 3482 1552 143.538
0 3482 1552 143.558
0 3483 1552 143.578
0 3486 1552 143.598
0 3489 1552 143.619
0 3492 1552 143.638
0 3496 1552 143.658
0 3499 1552 143.678
0 3501 1552 143.698
0 3502 1552 143.718
0 3503 1552 143.738
0 3504 1552 143.758
0 3505 1552 143.778
0 3506 1552 143.798
0 3506 1552 143.818
0 3506 1552 143.838
0 3507 1552 143.858
0 3507 1552 143.878
0 3507 1552 143.898
0 3507 1552 143.918
0 3507 1552 143.938
0 3507 1552 143.958
0 3507 1552 143.978
0 3507 1552 143.999
0 3507 1552 144.018
0 3507 1552 144.038
1 3504 1552 145.319
1 3504 1552 145.338
1 3504 1552 145.361
1 3504 1552 145.378
1 3504 1552 145.399
1 3504 1552 145.418
1 3504 1552 145.438
1 3504 1552 145.458
1 3504 1552 145.478
1 3504 1552 145.498
1 3504 1552 145.518
1 3504 1552 145.539
1 3504 1552 145.558
1 3504 1552 145.578
1 3504 1552 145.598
1 3504 1552 145.618
1 3504 1552 145.638
1 3504 1552 145.658
1 3504 1552 145.678
1 3504 1552 145.698
1 3505 1552 145.718
1 3504 1552 145.738
1 3502 1552 145.759
1 3501 1552 145.778
1 3499 1552 145.798
1 3497 1553 145.818
1 3495 1553 145.838
1 3492 1553 145.858
1 3489 1553 145.878
1 3486 1553 145.898
1 3483 1553 145.918
1 3480 1553 145.938
1 3478 1553 145.958
1 3475 1553 145.978
1 3473 1553 145.998
1 3470 1553 146.018
1 3468 1553 146.038
1 3465 1554 146.058
1 3461 1554 146.078
1 3456 1554 146.098
1 3453 1554 146.118
1 3451 1554 146.138
1 3450 1554 146.158
1 3448 1555 146.178
1 3449 1555 146.199
1 3450 1555 146.218
1 3451 1555 146.238
1 3452 1555 146.258
1 3453 1556 146.278
1 3454 1556 146.298
1 3454 1556 146.318
1 3456 1556 146.338
1 3457 1556 146.358
1 3459 1557 146.378
1 3460 1557 146.398
1 3463 1557 146.418
1 3466 1557 146.438
1 3469 1557 146.458
1 3471 1557 146.478
1 3473 1558 146.498
1 3475 1558 146.518
1 3477 1558 146.538
1 3478 1558 146.558
1 3480 1558 146.578
1 3481 1558 146.599
1 3482 1558 146.619
1 3484 1558 146.639
1 3487 1558 146.659
1 3490 1558 146.679
1 3494 1559 146.699
1 3498 1559 146.719
1 3502 1559 146.739
1 3507 1559 146.759
1 3513 1559 146.779
1 3520 1560 146.799
1 3527 1560 146.82
1 3535 1561 146.839
1 3543 1561 146.858
1 3550 1561 146.879
1 3556 1562 146.899
1 3562 1562 146.919
1 3566 1562 146.939
1 3571 1562 146.959
1 3575 1562 146.979
1 3578 1563 146.999
1 3582 1563 147.019
1 3585 1563 147.039
1 3590 1563 147.059
1 3596 1563 147.079
1 3601 1564 147.099
1 3605 1564 147.119
1 3610 1564 147.139
1 3614 1564 147.16
1 3618 1565 147.179
1 3622 1565 147.2
1 3626 1565 147.219
1 3629 1565 147.239
1 3630 1565 147.259
1 3629 1565 147.279
1 3628 1565 147.299
1 3628 1566 147.319
1 3627 1566 147.338
1 3627 1566 147.358
1 3625 1566 147.378
1 3623 1566 147.398
1 3623 1567 147.419
1 3621 1567 147.438
1 3621 1567 147.459
1 3621 1567 147.478
1 3622 1568 147.499
1 3621 1568 147.518
1 3620 1568 147.538
1 3617 1568 147.558
1 3614 1569 147.578
1 3611 1569 147.598
1 3608 1569 147.618
1 3605 1569 147.638
1 3602 1569 147.658
1 3600 1570 147.678
1 3597 1570 147.698
1 3594 1570 147.718
1 3591 1570 147.738
1 3588 1570 147.758
1 3585 1570 147.778
1 3580 1570 147.798
1 3575 1571 147.818
1 3569 1571 147.838
1 3564 1571 147.858
1 3559 1571 147.878
1 3553 1571 147.898
1 3549 1572 147.918
1 3545 1572 147.938
1 3542 1572 147.959
1 3539 1572 147.978
1 3538 1572 147.999
1 3537 1572 148.018
1 3535 1572 148.038
1 3534 1572 148.058
1 3532 1572 148.078
1 3531 1572 148.098
1 3529 1572 148.118
1 3528 1573 148.138
1 3527 1573 148.159
1 3525 1573 148.178
1 3524 1573 148.199
1 3524 1573 148.219
1 3523 1573 148.239
1 3522 1573 148.259
1 3520 1573 148.278
1 3518 1573 148.299
1 3514 1573 148.319
1 3511 1573 148.339
1 3506 1574 148.359
1 3502 1574 148.379
1 3498 1574 148.399
1 3494 1574 148.419
1 3489 1574 148.439
1 3485 1574 148.458
1 3481 1575 148.478
1 3477 1575 148.499
1 3472 1575 148.519
1 3468 1575 148.54
1 3464 1575 148.559
1 3461 1575 148.579
1 3458 1575 148.599
1 3454 1575 148.619
1 3451 1576 148.639
1 3449 1576 148.659
1 3447 1576 148.679
1 3444 1576 148.699
1 3443 1576 148.719
1 3442 1576 148.739
1 3441 1576 148.759
1 3441 1576 148.779
1 3440 1576 148.799
1 3438 1576 148.819
1 3437 1576 148.839
1 3435 1576 148.859
1 3435 1576 148.878
1 3435 1576 148.898
1 3434 1576 148.918
1 3433 1576 148.938
1 3433 1576 148.958
1 3433 1576 148.978
1 3433 1576 148.998
1 3433 1576 149.018
1 3433 1576 149.038
1 3434 1576 149.058
1 3435 1576 149.078
1 3437 1577 149.098
1 3438 1577 149.118
1 3439 1577 149.138
1 3440 1577 149.158
1 3441 1577 149.178
1 3442 1577 149.198
1 3443 1577 149.218
1 3443 1577 149.239
1 3444 1577 149.258
1 3445 1577 149.278
1 3446 1578 149.301
1 3447 1578 149.318
1 3448 1578 149.337
1 3449 1578 149.357
1 3451 1578 149.377
1 3453 1578 149.397
1 3455 1578 149.418
1 3457 1578 149.437
1 3459 1578 149.458
1 3462 1578 149.477
1 3466 1579 149.498
1 3471 1579 149.517
1 3477 1579 149.537
1 3483 1580 149.557
1 3490 1580 149.577
1 3495 1580 149.597
1 3499 1581 149.617
1 3504 1581 149.638
1 3508 1581 149.657
1 3513 1582 149.677
1 3517 1582 149.697
1 3520 1582 149.717
1 3522 1583 149.737
1 3523 1583 149.757
1 3522 1583 149.777
1 3519 1583 149.797
1 3515 1583 149.817
1 3511 1583 149.837
1 3507 1584 149.857
1 3503 1584 149.877
1 3499 1584 149.897
1 3496 1584 149.917
1 3492 1585 149.937
1 3489 1585 149.957
1 3485 1585 149.977
1 3482 1585 149.997
1 3479 1585 150.017
1 3476 1585 150.037
1 3475 1585 150.057
1 3472 1585 150.077
1 3470 1585 150.097
1 3469 1585 150.117
1 3468 1585 150.137
1 3468 1585 150.157
1 3467 1586 150.177
1 3466 1586 150.198
1 3465 1586 150.218
1 3464 1586 150.238
1 3464 1586 150.258
1 3464 1586 150.278
1 3463 1586 150.298
1 3462 1586 150.318
1 3460 1586 150.338
1 3459 1586 150.358
1 3457 1586 150.378
1 3454 1586 150.398
1 3451 1586 150.418
1 3449 1587 150.438
1 3446 1587 150.458
1 3443 1587 150.478
1 3442 1587 150.498
1 3440 1587 150.518
1 3439 1588 150.538
1 3439 1588 150.558
1 3439 1588 150.579
1 3439 1588 150.598
1 3439 1588 150.618
1 3439 1588 150.638
1 3439 1588 150.658
1 3439 1588 150.678
1 3439 1588 150.698
1 3439 1588 150.718
1 3439 1588 150.738
1 3438 1588 150.758
1 3438 1588 150.778
1 3437 1588 150.798
1 3437 1588 150.818
1 3437 1588 150.838
1 3437 1588 150.858
1 3437 1588 150.878
1 3437 1588 150.898
1 3437 1588 150.918
1 3437 1588 150.938
1 3436 1588 150.958
1 3436 1588 150.978
1 3436 1588 150.998
1 3436 1588 151.018
1 3435 1588 151.038
1 3436 1588 151.058
1 3436 1589 151.078
1 3434 1589 151.098
1 3433 1589 151.118
1 3430 1589 151.138
1 3426 1589 151.158
1 3424 1589 151.178
1 3420 1590 151.198
1 3416 1590 151.218
1 3412 1590 151.237
1 3408 1590 151.258
1 3404 1590 151.278
1 3399 1590 151.298
1 3395 1590 151.318
1 3391 1591 151.337
1 3387 1591 151.358
1 3384 1591 151.377
1 3382 1591 151.398
1 3379 1591 151.417
1 3377 1591 151.438
1 3374 1591 151.458
1 3370 1591 151.478
1 3366 1591 151.498
1 3361 1591 151.517
1 3356 1591 151.537
1 3351 1591 151.557
1 3346 1592 151.577
1 3343 1592 151.597
1 3340 1592 151.617
1 3339 1592 151.638
1 3336 1592 151.657
1 3332 1592 151.678
1 3329 1592 151.697
1 3325 1592 151.717
1 3322 1592 151.737
1 3319 1592 151.757
1 3314 1592 151.778
1 3311 1592 151.797
1 3307 1593 151.817
1 3304 1593 151.837
1 3301 1593 151.857
1 3300 1593 151.877
1 3298 1593 151.897
1 3297 1593 151.917
1 3296 1593 151.937
1 3295 1593 151.957
1 3293 1593 151.977
1 3291 1593 151.997
1 3288 1593 152.017
1 3286 1593 152.038
1 3284 1594 152.057
1 3282 1594 152.078
1 3280 1594 152.097
1 3278 1594 152.118
1 3276 1594 152.137
1 3272 1594 152.157
1 3268 1594 152.177
1 3266 1594 152.197
1 3262 1594 152.217
1 3258 1594 152.238
1 3255 1594 152.257
1 3251 1595 152.278
1 3249 1595 152.297
1 3248 1595 152.318
1 3248 1595 152.337
1 3248 1595 152.358
1 3247 1595 152.377
1 3247 1595 152.398
1 3247 1595 152.419
1 3247 1595 152.438
1 3247 1595 152.458
1 3247 1595 152.478
1 3247 1595 152.498
0 3247 1595 153.538
0 3247 1595 153.557
0 3247 1595 153.577
0 3247 1595 153.597
0 3247 1595 153.617
0 3247 1595 153.637
0 3247 1595 153.657
0 3247 1595 153.678
0 3247 1595 153.697
0 3247 1595 153.717
0 3247 1595 153.737
0 3247 1595 153.757
0 3248 1595 153.777
0 3251 1595 153.797
0 3255 1595 153.817
0 3260 1595 153.837
0 3267 1595 153.857
0 3276 1594 153.877
0 3286 1594 153.897
0 3298 1594 153.917
0 3310 1594 153.938
0 3322 1593 153.957
0 3336 1593 153.978
0 3352 1593 153.998
0 3369 1593 154.018
0 3385 1592 154.038
0 3398 1592 154.057
0 3408 1592 154.077
0 3417 1592 154.097
0 3424 1592 154.117
0 3429 1591 154.137
0 3433 1591 154.157
0 3435 1591 154.177
0 3436 1591 154.197
0 3438 1591 154.217
0 3439 1592 154.237
0 3440 1592 154.257
0 3440 1592 154.277
0 3441 1592 154.297
0 3440 1592 154.318
0 3431 1592 154.638
0 3431 1592 154.658
0 3431 1592 154.678
0 3431 1592 154.698
0 3431 1592 154.718
0 3431 1592 154.738
0 3432 1592 154.759
0 3433 1592 154.778
0 3435 1592 154.799
0 3436 1592 154.818
0 3437 1592 154.838
0 3441 1592 154.858
0 3444 1592 154.879
0 3448 1592 154.898
0 3454 1592 154.918
0 3460 1591 154.938
0 3465 1591 154.958
0 3470 1591 154.978
0 3474 1591 154.998
0 3478 1591 155.018
0 3481 1591 155.038
0 3485 1591 155.058
0 3488 1591 155.078
0 3491 1591 155.098
0 3494 1591 155.118
0 3496 1591 155.138
0 3502 1591 155.158
0 3509 1591 155.178
0 3515 1590 155.198
0 3523 1590 155.218
0 3531 1590 155.238
0 3539 1590 155.258
0 3545 1590 155.278
0 3549 1590 155.298
0 3552 1590 155.318
0 3553 1590 155.338
0 3554 1590 155.358
0 3556 1590 155.378
0 3559 1590 155.398
0 3563 1590 155.418
0 3567 1590 155.438
0 3570 1590 155.458
0 3575 1590 155.478
0 3580 1589 155.497
0 3585 1589 155.518
0 3591 1589 155.538
0 3596 1589 155.558
0 3601 1589 155.578
0 3605 1589 155.598
0 3609 1589 155.617
0 3613 1589 155.638
0 3617 1589 155.657
0 3620 1589 155.678
0 3624 1589 155.697
0 3627 1589 155.717
0 3629 1589 155.737
0 3631 1589 155.758
0 3632 1589 155.777
0 3634 1589 155.799
0 3637 1589 155.817
0 3638 1588 155.837
0 3640 1588 155.857
0 3641 1588 155.877
0 3642 1588 155.897
0 3643 1588 155.917
0 3646 1589 155.938
0 3647 1589 155.957
0 3650 1589 155.978
0 3651 1589 155.997
0 3653 1589 156.018
0 3655 1589 156.037
0 3656 1589 156.058
0 3657 1589 156.077
0 3659 1589 156.098
0 3662 1589 156.118
0 3666 1589 156.138
0 3673 1589 156.157
0 3684 1589 156.178
0 3696 1589 156.197
0 3708 1589 156.218
0 3721 1589 156.238
0 3734 1589 156.258
0 3746 1589 156.278
0 3755 1589 156.298
0 3760 1590 156.318
0 3763 1590 156.338
0 3765 1590 156.358
0 3766 1590 156.378
0 3767 1590 156.398
0 3767 1590 156.418
0 3768 1590 156.438
0 3768 1590 156.458
0 3768 1590 156.478
0 3768 1590 156.498
0 3768 1590 156.518
0 3768 1590 156.538
0 3768 1590 156.558
0 3768 1590 156.978
0 3768 1590 156.998
0 3768 1590 157.018
0 3768 1590 157.038
0 3768 1590 157.058
0 3768 1590 157.078
0 3768 1590 157.099
0 3768 1590 157.118
0 3768 1590 157.138
0 3768 1590 157.158
0 3768 1590 157.179
0 3768 1590 157.198
0 3768 1590 157.218
0 3768 1590 157.238
0 3768 1590 157.258
0 3768 1590 157.278
0 3768 1590 157.298
0 3769 1590 157.318
0 3770 1590 157.338
0 3771 1589 157.358
0 3773 1589 157.378
0 3777 1589 157.398
0 3781 1589 157.418
0 3786 1589 157.438
0 3791 1589 157.458
0 3798 1589 157.478
0 3804 1589 157.498
0 3809 1589 157.518
0 3812 1589 157.538
0 3814 1589 157.558
0 3815 1589 157.578
0 3816 1589 157.598
0 3816 1589 157.618
0 3816 1589 157.638
0 3818 1589 157.657
0 3819 1589 157.677
0 3820 1589 157.697
0 3825 1588 157.717
0 3831 1588 157.737
0 3840 1588 157.758
0 3851 1588 157.777
0 3862 1588 157.798
0 3874 1588 157.817
0 3885 1587 157.838
0 3895 1587 157.857
0 3903 1587 157.878
0 3909 1587 157.897
0 3914 1587 157.917
0 3919 1587 157.937
0 3923 1587 157.957
0 3927 1587 157.977
0 3930 1587 157.998
0 3932 1587 158.018
0 3933 1587 158.037
0 3935 1587 158.058
0 3937 1587 158.077
0 3940 1587 158.099
0 3943 1587 158.117
0 3946 1587 158.138
0 3948 1587 158.158
0 3949 1587 158.178
0 3951 1587 158.198
0 3953 1587 158.219
0 3957 1587 158.238
0 3961 1587 158.258
0 3966 1587 158.278
0 3971 1587 158.298
0 3976 1587 158.318
0 3984 1587 158.338
0 3994 1587 158.358
0 4003 1587 158.378
0 4012 1587 158.398
0 4017 1587 158.418
0 4020 1587 158.438
0 4023 1587 158.458
0 4025 1587 158.478
0 4026 1587 158.498
0 4027 1587 158.518
1 4028 1587 159.298
1 4028 1587 159.318
1 4028 1587 159.338
1 4028 1587 159.358
1 4028 1587 159.378
1 4028 1587 159.398
1 4028 1587 159.418
1 4027 1587 159.438
1 4026 1587 159.458
1 4024 1587 159.478
1 4022 1588 159.497
1 4020 1588 159.518
1 4017 1588 159.538
1 4016 1588 159.558
1 4013 1588 159.578
1 4009 1588 159.598
1 4007 1588 159.618
1 4006 1588 159.637
1 4005 1588 159.657
1 4005 1588 159.677
1 4005 1588 159.697
1 4006 1589 159.717
1 4007 1589 159.737
1 4008 1589 159.758
1 4009 1589 159.777
1 4006 1589 159.797
1 4004 1590 159.817
1 4001 1590 159.838
1 3999 1590 159.857
1 3997 1590 159.878
1 3997 1591 159.898
1 3996 1591 159.917
1 3995 1591 159.938
1 3994 1592 159.957
1 3994 1592 159.978
1 3993 1592 159.998
1 3993 1592 160.017
1 3989 1592 160.038
1 3983 1593 160.058
1 3977 1593 160.078
1 3971 1593 160.098
1 3964 1593 160.118
1 3959 1593 160.138
1 3954 1594 160.158
1 3949 1594 160.178
1 3945 1594 160.199
1 3940 1594 160.218
1 3938 1595 160.238
1 3935 1595 160.258
1 3931 1595 160.278
1 3926 1595 160.298
1 3921 1596 160.318
1 3915 1596 160.338
1 3910 1596 160.358
1 3906 1596 160.378
1 3903 1596 160.398
1 3899 1597 160.418
1 3896 1597 160.438
1 3894 1597 160.458
1 3893 1597 160.478
1 3893 1597 160.498
1 3892 1597 160.518
1 3890 1597 160.538
1 3887 1598 160.558
1 3885 1598 160.578
1 3883 1598 160.598
1 3881 1598 160.618
1 3879 1598 160.638
1 3877 1598 160.658
1 3875 1598 160.678
1 3873 1598 160.698
1 3873 1599 160.718
1 3873 1599 160.738
1 3872 1599 160.758
1 3872 1599 160.778
1 3869 1599 160.798
1 3868 1599 160.818
1 3868 1599 160.838
1 3868 1600 160.858
1 3867 1600 160.878
1 3867 1600 160.898
1 3866 1600 160.918
1 3864 1600 160.938
1 3862 1601 160.958
1 3860 1601 160.978
1 3857 1601 160.998
1 3855 1601 161.018
1 3854 1601 161.038
1 3852 1601 161.058
1 3849 1601 161.078
1 3847 1601 161.098
1 3843 1601 161.118
1 3840 1602 161.139
1 3839 1602 161.158
1 3839 1602 161.178
1 3839 1602 161.198
1 3838 1602 161.218
1 3836 1602 161.238
1 3835 1602 161.258
1 3835 1602 161.278
1 3833 1602 161.298
1 3833 1602 161.318
1 3833 1602 161.338
1 3834 1602 161.358
1 3833 1602 161.378
1 3833 1603 161.398
1 3833 1603 161.418
1 3833 1603 161.438
1 3834 1603 161.458
1 3834 1603 161.478
1 3835 1603 161.498
1 3836 1603 161.518
1 3837 1603 161.538
1 3838 1603 161.558
1 3838 1603 161.578
1 3838 1603 161.598
1 3838 1603 161.618
1 3837 1604 161.639
1 3837 1604 161.657
1 3837 1604 161.677
1 3836 1604 161.697
1 3836 1604 161.717
1 3836 1604 161.737
1 3835 1604 161.757
1 3834 1604 161.778
1 3833 1604 161.797
1 3832 1604 161.817
1 3831 1604 161.838
1 3830 1604 161.858
1 3829 1604 161.878
1 3829 1604 161.897
1 3829 1604 161.917
1 3828 1605 161.937
1 3827 1605 161.957
1 3827 1605 161.978
1 3827 1605 161.997
1 3827 1605 162.018
1 3826 1605 162.038
1 3825 1605 162.059
1 3825 1605 162.078
1 3825 1605 162.098
1 3825 1605 162.118
1 3826 1605 162.138
1 3826 1605 162.158
1 3826 1605 162.178
1 3825 1605 162.198
1 3825 1605 162.218
1 3825 1605 162.238
1 3825 1606 162.258
1 3825 1606 162.278
1 3825 1606 162.298
1 3824 1606 162.318
1 3823 1606 162.338
1 3823 1606 162.358
1 3823 1606 162.378
1 3822 1606 162.398
1 3820 1606 162.418
1 3817 1606 162.439
1 3816 1606 162.458
1 3815 1606 162.478
1 3814 1606 162.498
1 3812 1606 162.518
1 3812 1606 162.538
1 3812 1607 162.558
1 3813 1607 162.578
1 3813 1607 162.598
1 3813 1607 162.618
1 3814 1607 162.638
1 3813 1607 162.659
1 3812 1607 162.678
1 3812 1607 162.699
1 3812 1607 162.718
1 3810 1607 162.739
1 3808 1607 162.758
1 3806 1607 162.779
1 3806 1608 162.798
1 3803 1608 162.818
1 3799 1608 162.838
1 3797 1608 162.858
1 3796 1608 162.878
1 3795 1608 162.898
1 3795 1608 162.918
1 3795 1608 162.938
1 3795 1608 162.958
1 3795 1608 162.978
1 3795 1608 162.998
1 3795 1608 163.018
1 3796 1609 163.038
1 3797 1609 163.058
1 3798 1609 163.078
1 3797 1609 163.098
1 3796 1609 163.118
1 3795 1609 163.138
1 3791 1609 163.159
1 3787 1609 163.178
1 3781 1609 163.198
1 3776 1609 163.218
1 3771 1609 163.238
1 3767 1609 163.258
1 3761 1609 163.278
1 3755 1609 163.298
1 3751 1609 163.318
1 3749 1609 163.338
1 3748 1609 163.358
1 3746 1609 163.378
1 3744 1609 163.398
1 3741 1609 163.419
1 3739 1609 163.438
1 3738 1609 163.458
1 3737 1609 163.479
1 3736 1609 163.498
1 3735 1609 163.518
1 3734 1609 163.538
1 3733 1609 163.558
1 3733 1609 163.578
1 3733 1609 163.598
1 3733 1609 163.618
1 3732 1609 163.638
1 3732 1609 163.657
1 3732 1609 163.678
0 3732 1609 164.278
0 3732 1609 164.298
0 3733 1609 164.318
0 3735 1609 164.338
0 3738 1609 164.359
0 3742 1609 164.378
0 3749 1609 164.398
0 3760 1609 164.418
0 3773 1609 164.438
0 3789 1609 164.458
0 3805 1609 164.478
0 3819 1609 164.498
0 3834 1609 164.518
0 3850 1609 164.538
0 3866 1609 164.558
0 3886 1609 164.578
0 3909 1609 164.598
0 3934 1609 164.618
0 3964 1608 164.638
0 3999 1608 164.658
0 4038 1608 164.678
0 4078 1608 164.698
0 4113 1607 164.718
0 4143 1607 164.738
0 4166 1607 164.758
0 4183 1607 164.779
0 4195 1607 164.798
0 4204 1607 164.818
0 4209 1607 164.838
0 4212 1607 164.858
0 4214 1607 164.878
0 4215 1607 164.898
0 4216 1607 164.918
0 4216 1607 164.939
0 4217 1607 164.958
0 4217 1607 164.978
0 4217 1607 164.998
0 4217 1607 165.018
0 4217 1607 165.038
1 4208 1607 166.437
1 4208 1607 166.457
1 4208 1607 166.477
1 4208 1607 166.497
1 4208 1607 166.517
1 4208 1607 166.537
1 4208 1607 166.557
1 4208 1607 166.577
1 4206 1607 166.597
1 4204 1607 166.617
1 4201 1607 166.637
1 4197 1607 166.657
1 4194 1607 166.677
1 4191 1608 166.697
1 4189 1608 166.717
1 4185 1608 166.737
1 4180 1608 166.757
1 4175 1609 166.777
1 4171 1609 166.797
1 4170 1609 166.817
1 4169 1609 166.837
1 4166 1609 166.857
1 4164 1609 166.877
1 4161 1609 166.897
1 4159 1609 166.917
1 4157 1609 166.937
1 4156 1609 166.957
1 4153 1609 166.977
1 4150 1609 166.997
1 4147 1609 167.017
1 4144 1609 167.037
1 4142 1609 167.057
1 4141 1609 167.077
1 4140 1609 167.097
1 4137 1609 167.117
1 4134 1609 167.137
1 4129 1609 167.157
1 4124 1609 167.177
1 4120 1609 167.197
1 4117 1609 167.217
1 4113 1609 167.237
1 4107 1609 167.257
1 4101 1609 167.277
1 4096 1609 167.297
1 4091 1609 167.317
1 4088 1609 167.337
1 4085 1609 167.357
1 4081 1609 167.377
1 4077 1609 167.397
1 4072 1609 167.417
1 4067 1609 167.437
1 4064 1609 167.457
1 4060 1609 167.477
1 4056 1609 167.497
1 4052 1609 167.517
1 4047 1609 167.538
1 4041 1609 167.558
1 4037 1609 167.578
1 4033 1609 167.597
1 4030 1609 167.617
1 4029 1609 167.638
1 4025 1609 167.658
1 4022 1609 167.677
1 4019 1609 167.698
1 4016 1609 167.717
1 4012 1609 167.738
1 4008 1609 167.758
1 4000 1609 167.778
1 3993 1609 167.797
1 3988 1609 167.817
1 3984 1609 167.838
1 3980 1609 167.857
1 3977 1609 167.878
1 3974 1609 167.897
1 3971 1609 167.918
1 3969 1609 167.937
1 3966 1609 167.958
1 3965 1609 167.978
1 3963 1609 167.997
1 3960 1609 168.017
1 3955 1609 168.038
1 3951 1609 168.057
1 3948 1609 168.077
1 3946 1609 168.097
1 3945 1609 168.117
1 3943 1609 168.138
1 3941 1609 168.157
1 3941 1609 168.177
1 3940 1609 168.197
1 3940 1609 168.218
1 3940 1609 168.24
1 3940 1609 168.257
1 3940 1609 168.277
1 3940 1609 168.297
1 3940 1609 168.317
1 3940 1609 168.337
1 3940 1609 168.357
1 3940 1609 168.377
1 3940 1609 168.397
1 3940 1609 168.417
1 3940 1609 168.437
1 3940 1609 168.457
1 3940 1609 168.477
1 3940 1609 168.497
1 3940 1609 168.517
0 3943 1609 169.037
0 3944 1609 169.057
0 3946 1609 169.077
0 3950 1609 169.097
0 3954 1609 169.118
0 3958 1609 169.137
0 3968 1609 169.157
0 3980 1609 169.177
0 3995 1609 169.197
0 4013 1609 169.218
0 4033 1609 169.237
0 4055 1609 169.258
0 4076 1609 169.277
0 4099 1609 169.298
0 4121 1609 169.317
0 4142 1609 169.337
0 4162 1609 169.357
0 4181 1609 169.377
0 4202 1609 169.397
0 4224 1609 169.417
0 4250 1609 169.437
0 4279 1609 169.457
0 4310 1609 169.477
0 4341 1609 169.497
0 4371 1609 169.518
0 4399 1609 169.537
0 4426 1609 169.557
0 4447 1609 169.577
0 4464 1609 169.597
0 4475 1609 169.617
0 4485 1609 169.637
0 4491 1609 169.657
0 4496 1609 169.677
0 4501 1609 169.698
0 4508 1609 169.718
0 4517 1609 169.738
0 4531 1609 169.758
0 4550 1609 169.777
0 4574 1609 169.798
0 4602 1609 169.818
0 4630 1609 169.838
0 4658 1609 169.858
0 4681 1609 169.877
0 4695 1609 169.898
0 4704 1609 169.917
0 4709 1609 169.937
0 4712 1609 169.957
0 4714 1609 169.978
0 4715 1609 169.997
0 4716 1609 170.017
