0 0 1500 84.6783
0 0 1500 84.6983
0 0 1500 84.7183
0 0 1500 84.7387
0 0 1500 84.7585
0 0 1500 84.7783
0 0 1500 84.7985
0 0 1500 84.8183
0 0 1500 84.8383
0 0 1500 84.8585
0 0 1500 84.8786
0 0 1500 84.8983
0 0 1500 84.9185
0 0 1500 84.9384
0 0 1500 84.9583
0 0 1500 84.9783
0 0 1500 84.9985
0 0 1500 85.0185
0 0 1500 85.0383
0 0 1500 85.0585
0 0 1500 85.0785
0 0 1500 85.0983
0 0 1500 85.1184
0 0 1500 85.1383
0 0 1500 85.1584
0 0 1500 85.1783
0 0 1500 85.1983
0 0 1500 85.2183
0 0 1500 85.2383
0 0 1500 85.2583
0 0 1500 85.279
0 0 1500 85.2984
0 0 1500 85.3183
0 0 1500 85.3383
0 0 1500 85.3583
0 0 1500 85.3783
0 0 1500 85.3985
0 0 1499 85.4184
0 0 1499 85.4383
0 0 1499 85.4583
0 0 1499 85.4785
0 0 1499 85.4983
0 0 1499 85.5185
0 0 1499 85.5385
0 0 1499 85.5584
0 0 1499 85.5783
0 0 1499 85.5984
0 0 1499 85.6185
0 0 1499 85.6385
0 0 1499 85.6584
0 0 1499 85.6785
0 0 1499 85.6984
0 0 1499 85.7186
0 0 1499 85.7384
0 0 1499 85.7585
0 0 1499 85.7784
0 0 1499 85.7986
0 0 1499 85.8185
0 0 1499 85.8385
0 0 1499 85.8588
0 0 1499 85.8785
0 0 1499 85.8985
0 0 1499 85.9184
0 0 1499 85.9385
0 0 1499 85.9585
0 0 1499 85.9783
0 0 1499 85.9984
0 0 1499 86.0185
0 0 1499 86.0385
0 0 1498 86.0585
0 0 1498 86.0785
0 0 1498 86.0987
0 0 1498 86.1183
0 0 1498 86.1383
0 0 1498 86.1585
0 0 1498 86.1785
0 0 1498 86.1984
0 0 1498 86.2185
0 0 1498 86.2385
0 0 1498 86.2585
0 0 1498 86.2784
0 0 1498 86.2985
0 0 1498 86.3185
0 0 1498 86.3385
0 0 1497 86.3584
0 0 1497 86.3784
0 0 1497 86.3984
0 0 1496 86.4184
0 0 1496 86.4384
0 0 1496 86.4584
0 0 1496 86.4788
0 1 1495 86.4986
0 6 1495 86.5185
0 12 1495 86.5385
0 18 1495 86.5585
0 25 1495 86.5786
0 32 1494 86.5985
0 39 1494 86.6185
0 47 1494 86.6384
0 53 1494 86.6585
0 58 1493 86.6786
0 63 1493 86.6985
0 66 1493 86.7185
0 69 1493 86.7397
0 71 1493 86.7584
0 73 1493 86.7784
0 74 1493 86.7986
0 74 1493 86.8185
0 75 1493 86.8385
0 77 1493 86.8586
0 78 1493 86.8785
0 80 1493 86.8984
0 82 1493 86.9186
0 84 1493 86.9385
0 87 1492 86.9585
0 89 1492 86.9786
0 91 1492 86.9985
0 93 1492 87.0185
0 96 1492 87.0385
0 99 1492 87.0584
0 102 1492 87.0787
0 106 1491 87.0984
0 111 1491 87.1186
0 116 1491 87.1384
0 122 1491 87.1583
0 126 1491 87.1784
0 130 1491 87.1985
0 132 1491 87.2184
0 134 1491 87.2384
0 135 1491 87.2584
0 137 1491 87.2784
0 139 1491 87.2984
0 140 1491 87.3185
0 141 1491 87.3386
0 142 1491 87.3585
0 142 1491 87.3784
0 143 1491 87.3985
0 143 1491 87.4182
0 144 1490 87.4381
0 145 1490 87.4582
0 146 1490 87.478
0 146 1490 87.4982
0 146 1490 87.5184
0 146 1490 87.5374
0 146 1490 87.5574
0 146 1490 87.5775
0 146 1490 87.5974
0 147 1490 87.6175
0 148 1490 87.6375
0 151 1490 87.6576
0 154 1490 87.6775
0 157 1490 87.6975
0 160 1491 87.7173
0 162 1491 87.738
0 163 1491 87.7575
0 163 1491 87.7775
0 164 1491 87.7988
0 164 1491 87.8175
0 164 1491 87.8376
0 164 1491 87.8581
0 164 1491 87.8775
0 164 1491 87.8976
0 164 1491 87.9176
0 164 1491 87.9376
0 164 1491 87.9573
0 164 1491 87.9776
0 164 1491 87.9975
0 164 1491 88.0178
0 166 1491 88.0382
0 168 1491 88.0578
0 171 1491 88.0774
0 174 1491 88.0973
0 177 1491 88.1174
0 179 1491 88.1374
0 180 1491 88.1575
0 180 1491 88.1774
0 181 1491 88.1974
0 181 1491 88.2174
0 181 1491 88.2376
0 181 1491 88.2577
0 181 1491 88.2774
0 181 1491 88.2982
0 181 1491 88.3175
0 181 1491 88.3374
0 181 1491 88.3574
0 181 1491 88.3774
0 181 1491 88.3979
0 181 1491 88.4178
0 181 1491 88.4374
0 181 1491 88.4575
0 181 1491 88.4777
0 181 1491 88.4978
0 181 1491 88.5173
0 181 1491 88.5374
0 181 1491 88.5574
0 182 1491 88.5774
0 184 1491 88.5974
0 185 1491 88.6177
0 186 1491 88.6374
0 187 1491 88.6574
0 187 1491 88.6774
0 187 1491 88.6974
0 187 1491 88.7175
0 188 1491 88.7374
0 188 1491 88.7575
0 189 1491 88.7774
0 189 1491 88.7975
0 189 1491 88.8174
0 189 1491 88.8374
0 190 1491 88.8576
0 190 1491 88.8774
0 191 1491 88.8976
0 191 1491 88.9179
0 191 1491 88.9377
0 192 1491 88.9574
0 193 1491 88.9774
0 194 1491 88.9979
0 195 1491 89.0174
0 197 1491 89.0379
0 200 1491 89.0575
0 201 1491 89.0774
0 202 1491 89.0974
0 203 1491 89.1174
0 203 1491 89.1374
0 204 1491 89.158
0 204 1491 89.1774
0 204 1491 89.1982
0 205 1491 89.2176
0 205 1491 89.2374
0 205 1491 89.2575
0 206 1491 89.2775
0 206 1491 89.2974
0 209 1491 89.3174
0 213 1491 89.3374
0 219 1491 89.3575
0 229 1491 89.3774
0 241 1491 89.3974
0 253 1491 89.4175
0 264 1491 89.4374
0 275 1491 89.4575
0 285 1491 89.4775
0 297 1491 89.4975
0 309 1491 89.5174
0 322 1490 89.5374
0 335 1490 89.5574
0 346 1490 89.5775
0 355 1490 89.5974
0 362 1490 89.6174
0 367 1490 89.6374
0 370 1489 89.6574
0 372 1489 89.6775
0 373 1489 89.6974
0 373 1489 89.7179
0 374 1489 89.7374
0 374 1489 89.7574
0 374 1489 89.7774
0 374 1489 89.7974
0 374 1489 89.818
0 374 1489 89.8374
0 374 1489 89.8574
0 374 1489 89.8775
0 374 1489 89.8975
0 374 1489 89.9178
0 374 1489 89.9377
0 374 1489 89.9575
0 374 1489 89.9774
0 374 1489 89.9976
0 375 1489 90.0174
0 375 1489 90.0374
0 375 1489 90.0576
0 376 1489 90.0775
0 376 1489 90.0975
0 376 1489 90.1174
0 377 1489 90.1374
0 377 1489 90.1575
0 377 1489 90.1774
0 377 1489 90.1974
0 377 1489 90.2176
0 377 1489 90.2374
0 378 1489 90.258
0 378 1489 90.2774
0 378 1489 90.2976
0 379 1489 90.3174
0 380 1489 90.3376
0 381 1489 90.3574
0 382 1489 90.3775
0 383 1489 90.3978
0 384 1489 90.4175
0 385 1489 90.4374
0 386 1489 90.4583
0 387 1489 90.4774
0 388 1489 90.4974
0 389 1489 90.5176
0 389 1489 90.5374
0 389 1489 90.5575
0 389 1489 90.5774
0 389 1489 90.5975
0 389 1489 90.6177
0 389 1489 90.6395
0 389 1489 90.6575
0 389 1489 90.678
0 389 1489 90.6975
0 389 1489 90.7175
0 389 1489 90.7375
0 389 1489 90.7577
0 389 1489 90.7775
0 390 1489 90.7974
0 392 1489 90.8175
0 394 1489 90.8382
0 396 1489 90.8575
0 398 1489 90.8775
0 401 1489 90.8975
0 404 1488 90.9177
0 407 1488 90.9382
0 409 1488 90.9575
0 412 1488 90.9774
0 414 1488 90.9975
0 416 1488 91.0175
0 418 1487 91.0375
0 420 1487 91.0575
0 421 1487 91.0775
0 422 1487 91.0975
0 423 1487 91.1175
0 423 1487 91.1378
0 424 1487 91.1575
0 424 1487 91.1778
0 424 1487 91.1982
0 425 1487 91.2175
0 425 1487 91.2374
0 425 1487 91.258
0 425 1487 91.2775
0 425 1487 91.2975
0 425 1487 91.3175
0 425 1487 91.3375
0 425 1487 91.3575
0 425 1487 91.3776
0 425 1487 91.3975
0 425 1487 91.4176
0 425 1487 91.4375
0 425 1487 91.4574
0 425 1487 91.4775
0 425 1487 91.4975
0 425 1487 91.5175
0 426 1487 91.5376
0 426 1487 91.5575
0 426 1487 91.5775
0 427 1487 91.5983
0 427 1487 91.6175
0 429 1487 91.6375
0 433 1487 91.6584
0 438 1487 91.6775
0 443 1486 91.6975
0 446 1486 91.7175
0 451 1486 91.7376
0 459 1486 91.7576
0 469 1486 91.7776
0 480 1486 91.7975
0 491 1486 91.8176
0 502 1487 91.8379
0 512 1487 91.8575
0 521 1487 91.8775
0 529 1487 91.8975
0 536 1488 91.9175
0 542 1488 91.9375
0 547 1488 91.9575
0 551 1488 91.9776
0 554 1488 91.9975
0 556 1488 92.0175
0 558 1488 92.0375
0 559 1488 92.0575
0 561 1488 92.0775
0 563 1488 92.0975
0 564 1488 92.1175
0 565 1488 92.1375
0 566 1488 92.1577
0 567 1488 92.1775
0 568 1488 92.1975
0 570 1488 92.2175
0 573 1488 92.2376
0 577 1487 92.2575
0 581 1487 92.2775
0 587 1487 92.2976
0 593 1487 92.3178
0 598 1486 92.3375
0 603 1486 92.3575
0 607 1486 92.3775
0 611 1486 92.3976
0 615 1486 92.4175
0 617 1486 92.4377
0 618 1486 92.4575
0 619 1486 92.4776
0 619 1486 92.4975
0 620 1486 92.5176
0 620 1486 92.5375
0 620 1486 92.5575
0 621 1486 92.5776
0 621 1486 92.5975
0 621 1486 92.6175
0 621 1486 92.6375
0 622 1486 92.6577
0 622 1486 92.6775
0 622 1486 92.6975
0 622 1486 92.7175
0 623 1486 92.7378
0 623 1486 92.7599
0 623 1486 92.7775
0 624 1486 92.7978
0 624 1486 92.8176
0 624 1486 92.8376
0 624 1486 92.8575
0 624 1486 92.8777
0 624 1486 92.8979
0 624 1486 92.9178
0 625 1486 92.9375
0 626 1486 92.9576
0 627 1486 92.9775
0 628 1486 92.9977
0 630 1486 93.0175
0 633 1486 93.0375
0 638 1486 93.0576
0 643 1486 93.0776
0 650 1485 93.0975
0 656 1485 93.1175
0 661 1485 93.1375
0 665 1485 93.1575
0 668 1485 93.1777
0 670 1485 93.1975
0 671 1485 93.2175
0 671 1485 93.2376
0 672 1485 93.2576
0 672 1485 93.2778
0 672 1485 93.2975
0 672 1485 93.3178
0 673 1485 93.3376
0 673 1485 93.3575
0 673 1485 93.3775
0 673 1485 93.3975
0 673 1485 93.4175
0 673 1485 93.4375
0 673 1485 93.4575
0 673 1485 93.4777
0 673 1485 93.4976
0 674 1485 93.5175
0 676 1484 93.5375
0 678 1484 93.5576
0 680 1484 93.5775
0 682 1484 93.5976
0 683 1484 93.6176
0 684 1484 93.6375
0 685 1484 93.6577
0 687 1484 93.6776
0 688 1484 93.6975
0 690 1484 93.7175
0 691 1484 93.7375
0 693 1484 93.7575
0 695 1483 93.7775
0 696 1483 93.7977
0 697 1483 93.8175
0 697 1483 93.8375
0 697 1483 93.8579
0 697 1483 93.8785
0 698 1483 93.8976
0 698 1483 93.9176
0 698 1483 93.9375
0 698 1483 93.9577
0 698 1483 93.9778
0 698 1483 93.9975
0 698 1483 94.0176
0 698 1483 94.0382
0 698 1483 94.0579
0 698 1483 94.0777
0 698 1483 94.0975
0 698 1483 94.1177
0 698 1483 94.1375
0 698 1483 94.1576
0 698 1483 94.1776
0 698 1483 94.1976
0 698 1483 94.2176
0 699 1483 94.2376
0 699 1483 94.2576
0 699 1483 94.2778
0 699 1483 94.2977
0 700 1483 94.3176
0 700 1483 94.3375
0 702 1483 94.3578
0 703 1483 94.3776
0 703 1483 94.3976
0 704 1483 94.4176
0 704 1483 94.4376
0 705 1483 94.4576
0 706 1483 94.4775
0 708 1483 94.4977
0 710 1483 94.5176
0 712 1483 94.5376
0 713 1483 94.5578
0 714 1483 94.5776
0 714 1483 94.5976
0 714 1483 94.6178
0 714 1483 94.6376
0 714 1483 94.6576
0 714 1483 94.6776
0 714 1483 94.6976
0 715 1483 94.7179
0 715 1483 94.738
0 716 1483 94.7576
0 716 1483 94.7776
0 716 1483 94.7976
0 717 1483 94.8178
0 717 1483 94.8376
0 718 1483 94.8575
0 720 1483 94.8779
0 725 1483 94.8976
0 732 1483 94.9176
0 742 1483 94.9376
0 753 1483 94.9576
0 764 1484 94.9776
0 776 1484 94.9976
0 787 1484 95.0176
0 796 1484 95.0376
0 805 1484 95.0576
0 813 1483 95.0779
0 821 1483 95.0976
0 828 1483 95.1176
0 835 1482 95.1376
0 840 1482 95.1577
0 844 1482 95.1776
0 848 1482 95.1976
0 850 1482 95.2179
0 852 1482 95.2376
0 853 1482 95.2576
0 854 1482 95.2776
0 855 1482 95.2977
0 855 1482 95.3177
0 856 1482 95.3376
0 857 1482 95.3576
0 858 1482 95.3777
0 858 1482 95.3976
0 859 1482 95.4178
0 859 1482 95.4376
0 861 1482 95.4576
0 862 1482 95.4776
0 863 1482 95.4976
0 864 1482 95.5176
0 865 1482 95.5376
0 867 1482 95.5576
0 868 1482 95.5776
0 870 1482 95.5976
0 872 1482 95.6176
0 874 1482 95.6376
0 876 1482 95.6576
0 878 1482 95.6777
0 879 1482 95.6978
0 880 1482 95.7176
0 881 1482 95.7376
0 881 1482 95.7576
0 882 1482 95.7776
0 883 1482 95.7981
0 884 1482 95.8176
0 885 1482 95.8379
0 887 1482 95.8576
0 888 1482 95.8777
0 890 1482 95.8977
0 891 1482 95.9178
0 893 1482 95.9376
0 895 1482 95.9576
0 898 1482 95.9776
0 903 1482 95.9977
0 909 1482 96.0176
0 915 1482 96.0376
0 919 1482 96.0578
0 921 1482 96.0776
0 922 1482 96.0976
0 923 1482 96.1178
0 924 1482 96.1376
0 924 1482 96.1576
0 924 1482 96.1776
0 924 1482 96.1977
0 924 1482 96.2177
0 924 1482 96.2376
0 924 1482 96.2576
0 924 1482 96.2777
0 924 1482 96.2977
0 924 1482 96.3177
0 924 1482 96.3377
0 924 1482 96.3579
0 924 1482 96.3776
0 924 1482 96.3976
0 924 1482 96.4176
0 924 1482 96.4377
0 924 1482 96.4576
0 925 1482 96.4776
0 925 1482 96.4977
0 926 1482 96.5176
0 927 1482 96.5376
0 927 1482 96.5578
0 929 1482 96.5776
0 931 1482 96.5976
0 934 1482 96.6178
0 937 1482 96.6377
0 940 1481 96.6577
0 942 1481 96.6776
0 944 1481 96.6978
0 946 1481 96.7176
0 946 1481 96.7376
0 947 1481 96.7578
0 947 1481 96.7776
0 947 1481 96.7976
0 947 1481 96.8178
0 947 1481 96.8377
0 947 1481 96.8584
0 947 1481 96.8777
0 947 1481 96.8978
0 947 1481 96.9176
0 948 1481 96.9378
0 949 1481 96.9576
0 950 1481 96.9777
0 950 1481 96.9977
0 951 1481 97.0176
0 952 1481 97.0378
0 953 1481 97.0576
0 954 1481 97.0776
0 955 1480 97.0977
0 956 1480 97.1176
0 958 1480 97.1377
0 962 1480 97.1578
0 968 1480 97.1776
0 977 1480 97.1976
0 986 1481 97.2177
0 995 1481 97.2377
0 1003 1481 97.2577
0 1010 1481 97.2777
0 1015 1481 97.2977
0 1019 1481 97.3176
0 1021 1481 97.3377
0 1023 1481 97.3579
0 1024 1481 97.3776
0 1025 1481 97.3976
0 1025 1481 97.4179
0 1026 1481 97.4376
0 1026 1481 97.4576
0 1026 1481 97.4779
0 1026 1481 97.4976
0 1026 1481 97.5177
0 1027 1481 97.5376
0 1028 1481 97.5577
0 1028 1481 97.5777
0 1028 1481 97.5976
0 1028 1481 97.6178
0 1029 1481 97.6377
0 1030 1481 97.6577
0 1032 1481 97.6777
0 1033 1481 97.6976
0 1034 1481 97.7177
0 1035 1481 97.7379
0 1035 1481 97.7577
0 1036 1480 97.7777
0 1037 1480 97.7977
0 1038 1480 97.8179
0 1039 1480 97.8377
0 1039 1480 97.8577
0 1040 1480 97.8777
0 1041 1480 97.8978
0 1042 1480 97.9177
0 1042 1480 97.9377
0 1044 1480 97.958
0 1046 1480 97.9777
0 1047 1480 97.9978
0 1049 1480 98.0177
0 1051 1480 98.0377
0 1052 1480 98.0577
0 1053 1480 98.0777
0 1054 1480 98.0977
0 1056 1480 98.1177
0 1058 1480 98.1377
0 1059 1480 98.1577
0 1060 1480 98.1777
0 1061 1480 98.1977
0 1061 1480 98.2177
0 1061 1480 98.2379
0 1062 1480 98.2577
0 1063 1480 98.2777
0 1063 1480 98.298
0 1063 1480 98.3177
0 1064 1480 98.3377
0 1064 1480 98.3577
0 1064 1480 98.3777
0 1064 1480 98.3977
0 1064 1480 98.4177
0 1064 1480 98.4377
0 1064 1480 98.4577
0 1064 1480 98.4777
0 1064 1480 98.4979
0 1064 1480 98.5177
0 1064 1480 98.5377
0 1064 1480 98.5578
0 1064 1480 98.5777
0 1064 1480 98.5977
0 1064 1480 98.6182
0 1064 1480 98.6377
0 1064 1480 98.6577
0 1064 1480 98.678
0 1064 1480 98.6977
0 1064 1480 98.7178
0 1064 1480 98.7377
0 1065 1480 98.7577
0 1065 1480 98.7777
0 1065 1480 98.7977
0 1065 1480 98.818
0 1066 1480 98.8377
0 1068 1480 98.8577
0 1070 1480 98.8779
0 1073 1480 98.8977
0 1074 1480 98.9178
0 1075 1480 98.9377
0 1077 1480 98.9577
0 1079 1480 98.9777
0 1082 1479 98.9977
0 1086 1479 99.018
0 1089 1479 99.0377
0 1092 1479 99.0577
0 1094 1479 99.078
0 1096 1479 99.0977
0 1099 1479 99.1177
0 1101 1479 99.1377
0 1103 1479 99.1578
0 1105 1479 99.1777
0 1106 1479 99.198
0 1107 1479 99.2178
0 1107 1479 99.2377
0 1108 1479 99.2577
0 1108 1479 99.2777
0 1110 1479 99.2977
0 1111 1479 99.3177
0 1112 1478 99.3377
0 1114 1478 99.3577
0 1115 1478 99.3777
0 1118 1478 99.3981
0 1120 1478 99.4178
0 1122 1478 99.4378
0 1124 1478 99.4579
0 1127 1478 99.4778
0 1131 1478 99.4984
0 1135 1478 99.5177
0 1139 1478 99.5378
0 1143 1478 99.5578
0 1147 1478 99.5777
0 1153 1478 99.5977
0 1163 1478 99.6177
0 1176 1478 99.6378
0 1190 1478 99.6578
0 1205 1478 99.6777
0 1220 1478 99.6977
0 1234 1478 99.718
0 1246 1478 99.7377
0 1256 1478 99.7577
0 1262 1478 99.7777
0 1266 1478 99.7978
0 1269 1478 99.8177
0 1271 1478 99.8377
0 1274 1478 99.8578
0 1277 1478 99.8777
0 1280 1478 99.8978
0 1283 1478 99.9177
0 1286 1477 99.938
0 1289 1477 99.9577
0 1291 1477 99.9789
0 1295 1477 99.998
0 1298 1477 100.018
0 1300 1477 100.038
0 1303 1477 100.058
0 1306 1477 100.078
0 1309 1476 100.098
0 1313 1476 100.118
0 1316 1476 100.138
0 1319 1476 100.158
0 1322 1476 100.178
0 1325 1476 100.198
0 1328 1476 100.218
0 1330 1475 100.238
0 1332 1475 100.258
0 1333 1475 100.278
0 1334 1475 100.298
0 1336 1475 100.318
0 1340 1475 100.338
0 1343 1475 100.358
0 1345 1475 100.378
0 1347 1475 100.398
0 1347 1475 100.418
0 1348 1475 100.438
0 1350 1475 100.458
0 1351 1475 100.478
0 1353 1475 100.498
0 1354 1474 100.518
0 1356 1474 100.538
0 1359 1474 100.558
0 1361 1474 100.578
0 1363 1474 100.598
0 1365 1474 100.618
0 1366 1474 100.638
0 1367 1474 100.658
0 1368 1474 100.678
0 1368 1474 100.698
0 1368 1474 100.718
0 1368 1474 100.738
0 1368 1474 100.758
0 1368 1474 100.778
0 1369 1474 100.798
0 1370 1474 100.818
0 1372 1474 100.838
0 1373 1474 100.858
0 1375 1474 100.878
0 1377 1474 100.898
0 1379 1474 100.918
0 1380 1474 100.938
0 1382 1474 100.958
0 1382 1474 100.978
0 1383 1474 100.998
0 1385 1474 101.018
0 1385 1474 101.038
0 1386 1474 101.058
0 1387 1474 101.078
0 1388 1474 101.098
0 1389 1474 101.118
0 1390 1474 101.138
0 1391 1474 101.158
0 1392 1474 101.178
0 1394 1474 101.198
0 1396 1474 101.218
0 1398 1474 101.238
0 1401 1474 101.258
0 1409 1474 101.278
0 1421 1474 101.298
0 1436 1475 101.318
0 1451 1475 101.338
0 1465 1476 101.358
0 1476 1476 101.378
0 1484 1476 101.398
0 1490 1476 101.418
0 1495 1476 101.438
0 1498 1476 101.458
0 1500 1476 101.478
0 1502 1476 101.498
0 1505 1476 101.518
0 1509 1476 101.538
0 1513 1476 101.558
0 1518 1476 101.578
0 1522 1476 101.598
0 1526 1476 101.618
0 1529 1476 101.638
0 1531 1475 101.658
0 1533 1475 101.678
0 1534 1475 101.698
0 1536 1475 101.718
0 1538 1475 101.738
0 1540 1475 101.758
0 1542 1475 101.778
0 1545 1475 101.8
0 1549 1475 101.818
0 1551 1475 101.838
0 1554 1475 101.858
0 1557 1475 101.878
0 1560 1475 101.898
0 1561 1475 101.918
0 1562 1475 101.938
0 1563 1475 101.958
0 1564 1475 101.978
0 1565 1475 101.998
0 1566 1475 102.018
0 1567 1475 102.038
0 1567 1474 102.058
0 1569 1474 102.078
0 1571 1474 102.098
0 1573 1474 102.118
0 1576 1474 102.138
0 1580 1474 102.158
0 1585 1474 102.178
0 1589 1473 102.198
0 1594 1473 102.218
0 1598 1473 102.238
0 1601 1473 102.258
0 1603 1473 102.279
0 1604 1473 102.298
0 1605 1473 102.319
0 1606 1473 102.339
0 1608 1472 102.358
0 1610 1472 102.378
0 1613 1472 102.398
0 1616 1472 102.418
0 1619 1472 102.438
0 1621 1472 102.458
0 1623 1472 102.478
0 1626 1472 102.498
0 1630 1472 102.518
0 1636 1472 102.539
0 1641 1471 102.558
0 1647 1471 102.578
0 1651 1471 102.598
0 1656 1471 102.618
0 1659 1471 102.638
0 1661 1471 102.658
0 1663 1471 102.678
0 1664 1471 102.699
0 1664 1471 102.719
0 1665 1471 102.739
0 1668 1471 102.759
0 1670 1471 102.778
0 1671 1471 102.798
0 1673 1471 102.818
0 1676 1470 102.838
0 1678 1470 102.858
0 1684 1471 102.878
0 1692 1471 102.898
0 1702 1471 102.918
0 1712 1471 102.938
0 1724 1471 102.958
0 1735 1471 102.978
0 1748 1472 102.998
0 1760 1472 103.02
0 1771 1472 103.038
0 1780 1472 103.058
0 1786 1472 103.078
0 1790 1472 103.098
0 1794 1472 103.118
0 1797 1472 103.138
0 1800 1472 103.158
0 1801 1472 103.178
0 1803 1472 103.198
0 1804 1471 103.218
0 1805 1471 103.238
0 1807 1471 103.258
0 1810 1471 103.278
0 1813 1471 103.298
0 1817 1471 103.318
0 1820 1471 103.338
0 1823 1471 103.358
0 1827 1470 103.378
0 1831 1470 103.398
0 1834 1470 103.418
0 1837 1470 103.438
0 1840 1470 103.458
0 1842 1470 103.478
0 1843 1470 103.498
0 1844 1470 103.518
0 1845 1470 103.538
0 1846 1470 103.558
0 1848 1469 103.578
0 1850 1469 103.598
0 1851 1469 103.618
0 1853 1469 103.638
0 1854 1469 103.658
0 1856 1469 103.678
0 1857 1469 103.698
0 1858 1469 103.718
0 1859 1469 103.738
0 1860 1469 103.758
0 1861 1469 103.778
0 1862 1469 103.798
0 1863 1469 103.818
0 1863 1469 103.838
0 1865 1469 103.858
0 1865 1469 103.878
0 1867 1468 103.898
0 1869 1468 103.918
0 1875 1468 103.938
0 1885 1468 103.958
0 1897 1469 103.978
0 1910 1469 103.998
0 1925 1469 104.018
0 1940 1469 104.038
0 1953 1469 104.058
0 1963 1470 104.078
0 1970 1470 104.098
0 1975 1470 104.118
0 1978 1470 104.138
0 1980 1470 104.158
0 1981 1470 104.178
0 1982 1470 104.198
0 1982 1470 104.218
0 1982 1470 104.238
0 1983 1470 104.258
0 1984 1470 104.278
0 1985 1470 104.298
0 1987 1469 104.318
0 1989 1469 104.338
0 1991 1469 104.358
0 1993 1469 104.378
0 1995 1469 104.398
0 1998 1469 104.418
0 2000 1469 104.438
0 2002 1469 104.458
0 2005 1469 104.478
0 2007 1469 104.498
0 2010 1469 104.518
0 2012 1469 104.538
0 2013 1469 104.558
0 2015 1469 104.578
0 2016 1468 104.598
0 2018 1468 104.618
0 2019 1468 104.638
0 2019 1468 104.658
0 2019 1468 104.678
0 2020 1468 104.698
0 2022 1468 104.718
0 2024 1468 104.738
0 2026 1468 104.758
0 2027 1468 104.778
0 2029 1468 104.798
0 2031 1468 104.818
0 2034 1468 104.838
0 2038 1468 104.858
0 2041 1468 104.878
0 2043 1468 104.898
0 2045 1468 104.917
0 2046 1468 104.937
0 2048 1468 104.957
0 2051 1468 104.977
0 2052 1468 104.997
0 2054 1468 105.017
0 2055 1467 105.037
0 2057 1467 105.057
0 2059 1467 105.077
0 2065 1467 105.097
0 2073 1467 105.117
0 2083 1467 105.137
0 2096 1467 105.157
0 2108 1467 105.177
0 2117 1467 105.197
0 2124 1467 105.217
0 2128 1467 105.237
0 2131 1467 105.257
0 2134 1467 105.278
0 2136 1467 105.297
0 2138 1467 105.317
0 2139 1467 105.337
0 2141 1467 105.357
0 2142 1467 105.377
0 2144 1467 105.397
0 2146 1467 105.418
0 2147 1467 105.437
0 2148 1467 105.457
0 2150 1467 105.477
0 2151 1467 105.497
0 2152 1467 105.517
0 2153 1467 105.537
0 2155 1467 105.557
0 2157 1467 105.577
0 2159 1467 105.597
0 2161 1467 105.618
0 2162 1467 105.637
0 2164 1467 105.657
0 2166 1467 105.678
0 2169 1466 105.697
0 2174 1466 105.717
0 2178 1466 105.737
0 2181 1466 105.757
0 2183 1466 105.777
0 2185 1466 105.799
0 2187 1466 105.817
0 2191 1466 105.837
0 2195 1466 105.86
0 2199 1466 105.877
0 2202 1466 105.897
0 2204 1466 105.917
0 2206 1466 105.937
0 2206 1466 105.957
0 2207 1466 105.977
0 2207 1466 105.997
0 2207 1466 106.017
0 2207 1466 106.037
0 2207 1466 106.057
0 2207 1466 106.077
0 2207 1466 106.097
0 2207 1466 106.117
0 2207 1466 106.137
0 2207 1466 106.157
0 2208 1466 106.177
0 2209 1466 106.197
0 2209 1466 106.217
0 2210 1466 106.237
0 2211 1466 106.257
0 2211 1466 106.277
0 2212 1466 106.298
0 2212 1466 106.317
0 2213 1466 106.337
0 2213 1466 106.357
0 2214 1466 106.377
0 2215 1466 106.397
0 2217 1466 106.417
0 2220 1466 106.437
0 2222 1466 106.457
0 2224 1466 106.477
0 2226 1466 106.497
0 2227 1466 106.517
0 2229 1466 106.537
0 2231 1465 106.557
0 2233 1465 106.577
0 2235 1465 106.597
0 2236 1465 106.617
0 2239 1465 106.637
0 2244 1465 106.658
0 2250 1465 106.677
0 2255 1465 106.697
0 2259 1466 106.717
0 2262 1466 106.738
0 2264 1466 106.757
0 2266 1466 106.778
0 2267 1466 106.797
0 2268 1465 106.817
0 2269 1465 106.838
0 2270 1465 106.857
0 2271 1465 106.877
0 2273 1465 106.897
0 2276 1465 106.917
0 2278 1465 106.937
0 2279 1465 106.957
0 2280 1465 106.977
0 2281 1465 106.997
0 2282 1465 107.017
0 2283 1465 107.037
0 2284 1465 107.057
0 2285 1465 107.077
0 2285 1465 107.097
0 2285 1465 107.117
0 2285 1465 107.137
0 2285 1465 107.157
0 2285 1465 107.177
0 2285 1465 107.197
0 2285 1465 107.217
0 2285 1465 107.237
0 2285 1465 107.257
0 2285 1465 107.277
1 2284 1465 108.537
1 2284 1465 108.557
1 2284 1465 108.577
1 2284 1465 108.597
1 2284 1465 108.617
1 2284 1465 108.637
1 2284 1465 108.657
1 2284 1465 108.677
1 2284 1465 108.697
1 2284 1465 108.717
1 2284 1465 108.737
1 2284 1465 108.757
1 2284 1465 108.777
1 2284 1465 108.797
1 2284 1465 108.817
1 2284 1465 108.837
1 2284 1465 108.857
1 2284 1465 108.877
1 2284 1465 108.902
1 2284 1465 108.919
1 2284 1465 108.938
1 2284 1465 108.957
1 2284 1465 108.977
1 2284 1465 108.997
1 2284 1465 109.017
1 2284 1465 109.037
1 2284 1465 109.057
1 2284 1465 109.077
1 2284 1465 109.097
1 2284 1465 109.117
1 2284 1465 109.137
1 2283 1465 109.157
1 2282 1466 109.177
1 2281 1466 109.197
1 2279 1466 109.218
1 2276 1466 109.237
1 2273 1466 109.257
1 2270 1466 109.277
1 2268 1467 109.297
1 2265 1467 109.317
1 2262 1467 109.337
1 2259 1467 109.357
1 2255 1468 109.377
1 2250 1468 109.397
1 2246 1468 109.417
1 2240 1469 109.437
1 2235 1469 109.457
1 2231 1469 109.477
1 2227 1470 109.497
1 2223 1470 109.517
1 2220 1470 109.537
1 2216 1471 109.557
1 2213 1471 109.577
1 2209 1471 109.597
1 2206 1471 109.617
1 2202 1472 109.637
1 2199 1472 109.657
1 2196 1472 109.677
1 2193 1472 109.697
1 2191 1472 109.717
1 2189 1472 109.737
1 2187 1473 109.757
1 2185 1473 109.777
1 2182 1473 109.797
1 2178 1473 109.818
1 2175 1473 109.837
1 2172 1474 109.857
1 2169 1474 109.877
1 2165 1474 109.897
1 2161 1474 109.917
1 2157 1475 109.937
1 2153 1475 109.957
1 2149 1475 109.977
1 2145 1475 109.997
1 2141 1476 110.017
1 2137 1476 110.037
1 2133 1476 110.057
1 2129 1476 110.077
1 2125 1477 110.097
1 2122 1477 110.117
1 2119 1477 110.137
1 2115 1477 110.157
1 2111 1478 110.177
1 2107 1478 110.197
1 2103 1478 110.217
1 2099 1478 110.237
1 2096 1479 110.257
1 2093 1479 110.277
1 2089 1479 110.297
1 2085 1479 110.317
1 2083 1479 110.337
1 2080 1480 110.357
1 2078 1480 110.377
1 2076 1480 110.397
1 2073 1480 110.417
1 2070 1480 110.437
1 2066 1480 110.457
1 2062 1481 110.477
1 2058 1481 110.497
1 2054 1481 110.517
1 2050 1481 110.537
1 2046 1482 110.557
1 2043 1482 110.577
1 2040 1482 110.597
1 2038 1482 110.617
1 2036 1482 110.637
1 2033 1482 110.657
1 2029 1483 110.677
1 2026 1483 110.697
1 2021 1483 110.717
1 2016 1483 110.737
1 2012 1484 110.757
1 2007 1484 110.777
1 2003 1484 110.797
1 2000 1484 110.817
1 1998 1484 110.837
1 1995 1485 110.857
1 1993 1485 110.877
1 1990 1485 110.897
1 1987 1485 110.917
1 1984 1485 110.937
1 1981 1485 110.957
1 1978 1486 110.977
1 1976 1486 110.997
1 1973 1486 111.017
1 1971 1486 111.037
1 1969 1486 111.057
1 1966 1486 111.077
1 1965 1486 111.097
1 1962 1486 111.117
1 1961 1487 111.137
1 1960 1487 111.157
1 1959 1487 111.177
1 1959 1487 111.197
1 1958 1487 111.217
1 1958 1487 111.237
1 1958 1487 111.257
1 1958 1487 111.277
1 1957 1487 111.297
1 1957 1487 111.317
1 1957 1487 111.337
1 1956 1487 111.357
1 1956 1487 111.377
1 1954 1487 111.397
1 1952 1487 111.417
1 1950 1487 111.437
1 1949 1487 111.458
1 1947 1488 111.477
1 1946 1488 111.497
1 1944 1488 111.517
1 1942 1488 111.537
1 1941 1488 111.557
1 1939 1488 111.577
1 1938 1488 111.597
1 1937 1488 111.617
1 1937 1488 111.637
1 1936 1488 111.657
1 1936 1488 111.677
1 1936 1488 111.697
1 1936 1488 111.717
1 1936 1488 111.737
1 1936 1489 111.758
1 1935 1489 111.777
1 1935 1489 111.797
1 1935 1489 111.817
1 1935 1489 111.837
1 1935 1489 111.857
1 1935 1489 111.878
1 1935 1489 111.897
1 1935 1489 111.917
1 1935 1489 111.937
1 1935 1489 111.957
1 1935 1489 111.977
1 1935 1489 111.997
1 1935 1489 112.017
1 1935 1489 112.037
1 1935 1489 112.057
1 1935 1489 112.077
1 1935 1489 112.097
1 1935 1489 112.117
1 1935 1489 112.137
1 1935 1489 112.157
1 1935 1489 112.177
1 1935 1489 112.197
1 1936 1489 112.217
1 1936 1489 112.237
1 1936 1489 112.257
1 1936 1489 112.277
1 1936 1489 112.297
1 1936 1489 112.317
1 1936 1489 112.337
1 1936 1489 112.357
1 1936 1489 112.377
1 1936 1489 112.397
1 1936 1489 112.417
1 1936 1489 112.437
1 1936 1489 112.457
1 1935 1489 112.477
1 1935 1489 112.497
1 1934 1489 112.517
1 1935 1489 112.537
1 1935 1489 112.557
1 1935 1489 112.577
1 1935 1489 112.597
1 1935 1489 112.617
1 1935 1489 112.637
1 1935 1489 112.657
1 1936 1489 112.677
1 1939 1489 112.697
1 1946 1489 112.717
1 1958 1490 112.737
1 1971 1490 112.757
1 1986 1491 112.777
1 1998 1491 112.797
1 2007 1491 112.817
1 2013 1491 112.837
1 2016 1492 112.857
1 2018 1492 112.877
1 2019 1492 112.897
1 2018 1492 112.917
1 2017 1492 112.937
1 2015 1492 112.957
1 2012 1492 112.977
1 2010 1492 112.997
1 2007 1493 113.017
1 2005 1493 113.037
1 2003 1493 113.057
1 2002 1493 113.077
1 2002 1493 113.097
1 2005 1493 113.117
1 2010 1494 113.137
1 2015 1494 113.157
1 2021 1494 113.177
1 2026 1495 113.197
1 2031 1496 113.217
1 2034 1496 113.237
1 2037 1497 113.257
1 2038 1497 113.277
1 2037 1497 113.297
1 2035 1498 113.317
1 2034 1498 113.337
1 2032 1498 113.357
1 2029 1498 113.377
1 2027 1499 113.397
1 2024 1499 113.417
1 2022 1499 113.437
1 2019 1499 113.457
1 2016 1499 113.477
1 2014 1499 113.497
1 2012 1499 113.517
1 2010 1500 113.537
1 2008 1500 113.557
1 2004 1500 113.577
1 2000 1500 113.597
1 1995 1500 113.618
1 1992 1501 113.637
1 1991 1501 113.657
1 1993 1502 113.677
1 1994 1502 113.697
1 1995 1503 113.717
1 1995 1504 113.738
1 1995 1504 113.757
1 1995 1504 113.777
1 1995 1505 113.797
1 1994 1505 113.817
1 1993 1505 113.837
1 1993 1505 113.857
1 1993 1505 113.877
1 1993 1505 113.897
1 1993 1505 113.917
1 1992 1505 113.938
1 1991 1505 113.957
1 1990 1505 113.977
1 1989 1505 113.997
1 1987 1505 114.017
1 1986 1505 114.038
1 1985 1505 114.057
1 1984 1505 114.077
1 1983 1506 114.097
1 1981 1506 114.117
1 1978 1506 114.137
1 1976 1506 114.157
1 1974 1506 114.177
1 1971 1506 114.197
1 1968 1506 114.217
1 1967 1506 114.237
1 1965 1506 114.257
1 1964 1507 114.277
1 1963 1507 114.297
1 1962 1507 114.317
1 1961 1507 114.337
1 1958 1507 114.357
1 1956 1507 114.377
1 1953 1507 114.397
1 1951 1507 114.417
1 1948 1507 114.437
1 1945 1507 114.457
1 1944 1508 114.477
1 1943 1508 114.497
1 1942 1508 114.517
1 1941 1508 114.537
1 1940 1508 114.557
1 1937 1508 114.577
1 1935 1508 114.597
1 1932 1508 114.617
1 1928 1509 114.637
1 1925 1509 114.658
1 1923 1509 114.677
1 1922 1509 114.697
1 1920 1509 114.717
1 1919 1509 114.737
1 1919 1509 114.757
1 1918 1509 114.777
1 1917 1509 114.797
1 1915 1509 114.817
1 1914 1509 114.837
1 1913 1509 114.857
1 1914 1510 114.877
1 1915 1510 114.897
1 1916 1510 114.917
1 1917 1510 114.937
1 1921 1510 114.957
1 1928 1510 114.977
1 1940 1511 114.997
1 1956 1511 115.017
1 1976 1512 115.037
1 1997 1512 115.057
1 2016 1513 115.077
1 2031 1513 115.097
1 2040 1514 115.117
1 2044 1514 115.137
1 2045 1514 115.157
1 2045 1514 115.177
1 2044 1515 115.197
1 2042 1515 115.217
1 2040 1515 115.237
1 2037 1515 115.257
1 2035 1515 115.277
1 2033 1515 115.297
1 2032 1515 115.317
1 2031 1515 115.337
1 2030 1516 115.357
1 2029 1516 115.377
1 2029 1516 115.397
1 2027 1516 115.417
1 2025 1516 115.437
1 2021 1516 115.458
1 2018 1516 115.477
1 2016 1517 115.497
1 2012 1517 115.517
1 2009 1517 115.537
1 2007 1517 115.557
1 2004 1517 115.577
1 2001 1517 115.597
1 1998 1517 115.617
1 1995 1518 115.637
1 1993 1518 115.657
1 1990 1518 115.677
1 1986 1518 115.697
1 1983 1518 115.717
1 1978 1518 115.737
1 1974 1518 115.757
1 1969 1519 115.779
1 1964 1519 115.797
1 1958 1519 115.817
1 1952 1519 115.837
1 1946 1519 115.857
1 1940 1520 115.877
1 1935 1520 115.897
1 1930 1520 115.917
1 1926 1521 115.937
1 1922 1521 115.957
1 1921 1522 115.977
1 1921 1522 115.997
1 1922 1523 116.017
1 1921 1523 116.037
1 1920 1523 116.057
1 1918 1524 116.077
1 1915 1524 116.097
1 1912 1524 116.117
1 1909 1524 116.137
1 1906 1524 116.157
1 1901 1524 116.177
1 1896 1525 116.197
1 1891 1525 116.217
1 1886 1525 116.237
1 1882 1525 116.257
1 1879 1525 116.277
1 1877 1525 116.298
1 1876 1525 116.317
1 1875 1525 116.337
1 1873 1525 116.357
1 1871 1526 116.377
1 1869 1526 116.397
1 1866 1526 116.417
1 1863 1526 116.437
1 1859 1526 116.457
1 1855 1526 116.477
1 1851 1526 116.497
1 1847 1526 116.517
1 1843 1527 116.538
1 1839 1527 116.558
1 1836 1527 116.577
1 1833 1527 116.597
1 1831 1527 116.617
1 1830 1527 116.637
1 1829 1527 116.657
1 1828 1527 116.677
1 1828 1527 116.697
1 1828 1527 116.717
1 1830 1527 116.737
1 1835 1528 116.758
1 1841 1528 116.777
1 1847 1528 116.797
1 1854 1528 116.817
1 1861 1529 116.837
1 1869 1529 116.857
1 1876 1529 116.877
1 1882 1530 116.897
1 1887 1530 116.917
1 1892 1530 116.937
1 1896 1530 116.957
1 1899 1530 116.977
1 1902 1530 116.997
1 1903 1530 117.017
1 1904 1531 117.037
1 1905 1531 117.057
1 1906 1531 117.077
1 1906 1531 117.097
1 1907 1531 117.117
1 1907 1531 117.137
1 1907 1531 117.157
1 1908 1531 117.178
1 1908 1531 117.197
1 1908 1531 117.217
1 1908 1531 117.237
1 1908 1531 117.257
1 1908 1531 117.277
1 1908 1531 117.297
1 1908 1531 117.317
1 1908 1531 117.337
1 1908 1531 117.357
1 1909 1531 117.377
1 1908 1531 117.397
1 1907 1531 117.417
1 1906 1531 117.437
1 1906 1531 117.457
1 1906 1531 117.477
1 1906 1531 117.497
1 1905 1531 117.517
1 1905 1531 117.537
1 1905 1531 117.557
1 1905 1531 117.577
1 1906 1531 117.597
1 1906 1531 117.617
1 1906 1531 117.638
1 1905 1531 117.657
1 1905 1531 117.677
1 1905 1531 117.697
1 1905 1531 117.717
1 1905 1531 117.738
1 1905 1531 117.757
1 1905 1531 117.777
1 1905 1531 117.797
1 1906 1531 117.817
1 1907 1531 117.837
1 1907 1531 117.857
1 1906 1531 117.877
1 1906 1531 117.897
1 1906 1531 117.917
1 1906 1531 117.937
1 1904 1532 117.958
1 1902 1532 117.977
1 1899 1532 117.997
1 1896 1532 118.017
1 1894 1532 118.037
1 1891 1532 118.057
1 1892 1532 118.077
1 1895 1533 118.097
1 1902 1533 118.117
1 1912 1533 118.137
1 1923 1534 118.157
1 1935 1534 118.177
1 1946 1535 118.197
1 1955 1536 118.217
1 1962 1536 118.237
1 1966 1537 118.257
1 1969 1537 118.277
1 1971 1538 118.297
1 1971 1538 118.317
1 1971 1538 118.337
1 1971 1538 118.357
1 1971 1538 118.377
1 1971 1538 118.397
1 1971 1538 118.417
1 1971 1538 118.438
1 1971 1538 118.457
1 1971 1538 118.477
1 1971 1538 118.497
1 1971 1538 118.517
1 1971 1538 118.537
1 1969 1538 118.557
1 1966 1539 118.577
1 1963 1539 118.597
1 1960 1539 118.617
1 1957 1539 118.637
1 1954 1539 118.657
1 1952 1539 118.677
1 1950 1539 118.697
1 1948 1539 118.717
1 1946 1539 118.737
1 1944 1539 118.758
1 1943 1539 118.777
1 1941 1540 118.797
1 1939 1540 118.817
1 1937 1540 118.837
1 1934 1540 118.857
1 1931 1540 118.877
1 1928 1540 118.897
1 1925 1540 118.917
1 1921 1540 118.937
1 1917 1540 118.958
1 1912 1541 118.977
1 1906 1541 118.997
1 1901 1541 119.017
1 1898 1541 119.037
1 1896 1541 119.057
1 1894 1541 119.077
1 1893 1541 119.097
1 1893 1541 119.117
1 1893 1541 119.137
1 1892 1541 119.157
0 1892 1541 120.838
0 1892 1541 120.858
0 1892 1541 120.878
0 1892 1541 120.897
0 1892 1541 120.918
0 1892 1541 120.938
0 1892 1541 120.958
0 1892 1541 120.978
0 1892 1541 120.998
0 1892 1541 121.018
0 1892 1541 121.039
0 1892 1541 121.058
0 1892 1541 121.078
0 1893 1541 121.097
0 1893 1541 121.118
0 1894 1541 121.137
0 1895 1541 121.158
0 1897 1541 121.177
0 1898 1541 121.198
0 1901 1541 121.218
0 1904 1541 121.238
0 1907 1541 121.258
0 1911 1541 121.278
0 1918 1541 121.297
0 1931 1541 121.318
0 1953 1541 121.338
0 1985 1541 121.357
0 2023 1541 121.378
0 2065 1542 121.398
0 2105 1542 121.418
0 2139 1543 121.437
0 2165 1543 121.458
0 2184 1543 121.478
0 2197 1543 121.498
0 2206 1543 121.517
0 2212 1543 121.538
0 2216 1543 121.558
0 2218 1544 121.578
0 2220 1544 121.598
0 2222 1544 121.618
0 2226 1543 121.637
0 2230 1543 121.658
0 2235 1543 121.678
0 2241 1543 121.697
0 2249 1543 121.717
0 2256 1543 121.738
0 2263 1543 121.758
0 2268 1542 121.777
0 2273 1542 121.798
0 2276 1542 121.817
0 2278 1542 121.837
0 2279 1542 121.858
0 2279 1542 121.878
0 2280 1542 121.898
0 2280 1542 121.918
0 2280 1542 121.937
0 2280 1542 121.957
0 2280 1542 121.977
0 2280 1542 121.998
0 2281 1542 122.378
0 2281 1542 122.396
0 2281 1542 122.416
0 2281 1542 122.437
0 2281 1542 122.457
0 2281 1542 122.476
0 2281 1542 122.496
0 2281 1542 122.517
0 2281 1542 122.536
0 2281 1542 122.557
0 2282 1542 122.577
0 2283 1542 122.597
0 2286 1542 122.617
0 2290 1542 122.637
0 2296 1542 122.657
0 2302 1542 122.677
0 2308 1542 122.696
0 2313 1541 122.717
0 2318 1541 122.737
0 2323 1541 122.757
0 2328 1541 122.777
0 2333 1541 122.797
0 2340 1541 122.816
0 2346 1540 122.837
0 2353 1540 122.857
0 2360 1540 122.878
0 2369 1540 122.897
0 2378 1540 122.916
0 2387 1539 122.937
0 2396 1539 122.956
0 2405 1539 122.977
0 2413 1539 122.997
0 2422 1538 123.018
0 2431 1538 123.037
0 2439 1538 123.057
0 2447 1538 123.077
0 2452 1537 123.098
0 2455 1537 123.117
0 2457 1537 123.138
0 2459 1537 123.157
0 2459 1537 123.177
0 2460 1537 123.197
0 2461 1537 123.217
0 2462 1537 123.237
0 2463 1537 123.257
0 2464 1537 123.277
0 2466 1537 123.296
0 2468 1537 123.317
0 2469 1537 123.337
0 2471 1537 123.357
0 2473 1537 123.376
0 2475 1537 123.397
0 2478 1537 123.417
0 2481 1537 123.437
0 2483 1537 123.457
0 2485 1537 123.478
0 2488 1536 123.497
0 2491 1536 123.517
0 2497 1536 123.537
0 2503 1536 123.557
0 2508 1536 123.576
0 2513 1536 123.597
0 2517 1536 123.617
0 2519 1536 123.637
0 2521 1536 123.658
0 2522 1536 123.677
0 2522 1536 123.697
0 2523 1536 123.717
0 2526 1536 123.737
0 2531 1536 123.757
0 2536 1536 123.777
0 2541 1536 123.797
0 2544 1535 123.816
0 2547 1535 123.837
0 2550 1535 123.857
0 2553 1535 123.877
0 2556 1535 123.897
0 2557 1535 123.917
0 2558 1535 123.937
0 2559 1535 123.957
0 2559 1535 123.977
0 2561 1535 123.997
0 2562 1535 124.017
0 2564 1535 124.037
0 2566 1535 124.058
0 2570 1535 124.077
0 2573 1535 124.097
0 2578 1535 124.117
0 2582 1534 124.137
0 2586 1534 124.158
0 2590 1534 124.178
0 2594 1534 124.197
0 2596 1534 124.217
0 2598 1534 124.237
0 2599 1534 124.257
0 2600 1534 124.277
0 2601 1534 124.297
0 2603 1534 124.317
0 2604 1534 124.337
0 2605 1534 124.357
0 2606 1534 124.377
0 2607 1534 124.397
0 2608 1534 124.416
0 2608 1534 124.437
0 2609 1534 124.457
0 2609 1534 124.477
0 2609 1534 124.497
0 2610 1534 124.516
0 2610 1534 124.537
0 2610 1534 124.557
0 2610 1534 124.577
0 2610 1534 124.597
0 2610 1534 124.617
0 2610 1534 124.637
0 2610 1534 124.657
0 2610 1534 124.677
0 2610 1534 124.697
0 2610 1534 124.717
0 2610 1534 124.737
0 2610 1534 124.757
0 2610 1534 124.777
0 2611 1534 124.797
0 2613 1534 124.817
0 2614 1534 124.837
0 2615 1534 124.857
0 2616 1534 124.877
0 2617 1534 124.897
0 2618 1534 124.917
0 2619 1534 124.937
0 2622 1534 124.957
0 2625 1533 124.977
0 2629 1533 124.997
0 2633 1533 125.017
0 2638 1533 125.037
0 2645 1533 125.057
0 2652 1533 125.077
0 2660 1533 125.097
0 2666 1533 125.117
0 2672 1533 125.137
0 2677 1533 125.157
0 2681 1532 125.177
0 2687 1532 125.197
0 2691 1532 125.217
0 2693 1532 125.237
0 2696 1532 125.257
0 2697 1532 125.277
0 2699 1532 125.297
0 2700 1532 125.317
0 2702 1532 125.337
0 2703 1532 125.357
0 2705 1532 125.377
0 2707 1532 125.397
0 2711 1532 125.417
0 2715 1532 125.437
0 2720 1531 125.457
0 2725 1531 125.477
0 2730 1531 125.497
0 2735 1531 125.517
0 2739 1531 125.537
0 2745 1531 125.557
0 2753 1531 125.577
0 2763 1531 125.597
0 2775 1531 125.617
0 2787 1531 125.637
0 2798 1531 125.657
0 2810 1531 125.677
0 2820 1531 125.697
0 2829 1531 125.717
0 2836 1531 125.737
0 2842 1531 125.757
0 2847 1531 125.777
0 2852 1531 125.797
0 2854 1531 125.817
0 2856 1530 125.837
0 2857 1530 125.857
0 2859 1530 125.877
0 2863 1530 125.897
0 2867 1530 125.92
0 2869 1530 125.937
0 2871 1530 125.957
0 2872 1530 125.977
0 2873 1530 125.997
0 2873 1530 126.017
0 2874 1530 126.038
0 2874 1530 126.057
0 2912 1531 126.817
0 2915 1531 126.837
0 2918 1531 126.857
0 2921 1531 126.877
0 2924 1531 126.897
0 2926 1531 126.917
0 2930 1531 126.937
0 2935 1531 126.957
0 2943 1531 126.977
0 2952 1531 126.997
0 2961 1531 127.017
0 2971 1531 127.037
0 2980 1531 127.057
0 2988 1531 127.077
0 2995 1530 127.097
0 3000 1530 127.117
0 3003 1530 127.137
0 3005 1530 127.157
0 3007 1530 127.177
0 3008 1530 127.197
0 3009 1530 127.217
0 3009 1530 127.237
0 3009 1530 127.257
0 3010 1530 127.277
0 3011 1530 127.297
0 3014 1530 127.317
0 3016 1530 127.337
0 3018 1530 127.357
0 3020 1530 127.377
0 3023 1530 127.957
0 3023 1530 127.977
0 3023 1530 127.997
0 3024 1530 128.017
0 3024 1530 128.037
0 3024 1530 128.057
0 3024 1530 128.077
0 3025 1530 128.097
0 3026 1530 128.117
0 3028 1530 128.137
0 3029 1530 128.157
0 3031 1530 128.177
0 3034 1529 128.197
0 3038 1529 128.217
0 3045 1529 128.237
0 3054 1529 128.257
0 3061 1529 128.277
0 3069 1529 128.297
0 3076 1529 128.317
0 3082 1529 128.337
0 3087 1528 128.357
0 3091 1528 128.377
0 3094 1528 128.397
0 3097 1528 128.417
0 3099 1528 128.437
0 3102 1528 128.457
0 3105 1528 128.477
0 3110 1528 128.497
0 3116 1528 128.517
0 3123 1527 128.537
0 3129 1527 128.557
0 3135 1527 128.577
0 3140 1527 128.597
0 3145 1527 128.617
0 3149 1527 128.637
0 3151 1526 128.657
0 3153 1526 128.677
0 3155 1526 128.697
0 3155 1526 128.717
0 3156 1526 128.737
0 3156 1526 128.757
0 3156 1526 128.777
0 3159 1526 128.797
0 3166 1526 128.817
0 3178 1527 128.837
0 3194 1527 128.857
0 3212 1527 128.877
0 3231 1527 128.897
0 3250 1528 128.917
0 3267 1528 128.937
0 3281 1528 128.957
0 3291 1528 128.977
0 3299 1528 128.997
0 3305 1529 129.017
0 3309 1529 129.037
0 3312 1529 129.057
0 3314 1529 129.077
0 3315 1529 129.097
0 3317 1529 129.117
0 3318 1529 129.137
0 3319 1529 129.157
0 3320 1529 129.177
0 3321 1529 129.197
0 3322 1529 129.217
0 3322 1529 129.237
0 3322 1529 129.257
0 3322 1529 129.277
0 3323 1529 129.297
0 3323 1529 129.317
0 3323 1529 129.337
0 3323 1529 129.357
0 3323 1529 129.377
0 3323 1529 129.397
0 3325 1528 129.417
0 3327 1528 129.437
0 3329 1528 129.458
0 3331 1528 129.477
0 3333 1528 129.497
0 3334 1528 129.517
0 3336 1528 129.537
0 3338 1528 129.557
0 3339 1528 129.577
0 3341 1528 129.597
0 3342 1528 129.617
0 3344 1528 129.637
0 3345 1528 129.657
0 3347 1528 129.677
0 3349 1528 129.697
0 3353 1528 129.717
0 3357 1528 129.737
0 3361 1528 129.757
0 3365 1527 129.777
0 3370 1527 129.797
0 3374 1527 129.817
0 3379 1527 129.837
0 3383 1527 129.857
0 3388 1527 129.877
0 3395 1527 129.897
0 3403 1527 129.917
0 3414 1527 129.937
0 3424 1527 129.957
0 3434 1527 129.977
0 3442 1527 129.997
0 3450 1527 130.017
0 3455 1527 130.037
0 3459 1527 130.057
0 3461 1527 130.077
0 3462 1527 130.097
0 3464 1527 130.117
0 3466 1527 130.137
0 3467 1527 130.157
0 3467 1527 130.177
0 3468 1527 130.197
0 3468 1527 130.217
0 3468 1527 130.237
0 3468 1527 130.257
0 3468 1527 130.277
1 3468 1527 131.077
1 3468 1527 131.097
1 3468 1527 131.117
1 3468 1527 131.137
1 3468 1527 131.157
1 3468 1527 131.177
1 3468 1527 131.197
1 3468 1527 131.217
1 3468 1527 131.237
1 3468 1527 131.257
1 3468 1527 131.277
1 3469 1527 131.297
1 3469 1527 131.317
1 3469 1527 131.337
1 3469 1527 131.357
1 3470 1527 131.377
1 3470 1527 131.397
1 3470 1527 131.417
1 3469 1527 131.437
1 3469 1527 131.457
1 3469 1527 131.477
1 3468 1527 131.497
1 3466 1527 131.517
1 3463 1528 131.537
1 3460 1528 131.557
1 3458 1528 131.577
1 3456 1528 131.597
1 3455 1528 131.617
1 3454 1528 131.637
1 3452 1528 131.657
1 3450 1528 131.677
1 3448 1528 131.697
1 3447 1528 131.717
1 3446 1528 131.737
1 3445 1528 131.757
1 3445 1528 131.777
1 3444 1529 131.797
1 3443 1529 131.817
1 3442 1529 131.837
1 3442 1529 131.857
1 3442 1529 131.877
1 3443 1529 131.897
1 3446 1529 131.917
1 3449 1529 131.937
1 3454 1529 131.957
1 3459 1529 131.977
1 3464 1530 131.997
1 3470 1530 132.017
1 3474 1530 132.037
1 3478 1530 132.057
1 3482 1530 132.077
1 3486 1530 132.097
1 3492 1531 132.117
1 3498 1531 132.137
1 3503 1531 132.157
1 3509 1531 132.177
1 3514 1531 132.197
1 3519 1532 132.217
1 3523 1532 132.237
1 3525 1532 132.257
1 3527 1532 132.277
1 3528 1532 132.297
1 3529 1532 132.317
1 3528 1532 132.337
1 3526 1533 132.357
1 3525 1533 132.377
1 3524 1533 132.397
1 3523 1533 132.417
1 3523 1533 132.437
1 3521 1533 132.457
1 3520 1533 132.477
1 3520 1534 132.497
1 3520 1534 132.517
1 3521 1534 132.537
1 3522 1534 132.557
1 3521 1534 132.577
1 3521 1534 132.597
1 3521 1535 132.617
1 3522 1535 132.637
1 3523 1535 132.657
1 3523 1535 132.677
1 3524 1535 132.697
1 3524 1535 132.717
1 3524 1535 132.737
1 3523 1535 132.757
1 3523 1535 132.777
1 3522 1535 132.797
1 3522 1535 132.817
1 3522 1535 132.837
1 3523 1535 132.857
1 3524 1535 132.877
1 3527 1535 132.897
1 3528 1535 132.917
1 3531 1535 132.937
1 3532 1535 132.957
1 3534 1536 132.977
1 3537 1536 132.997
1 3539 1536 133.017
1 3540 1536 133.037
1 3541 1536 133.057
1 3541 1536 133.077
1 3542 1536 133.097
1 3542 1536 133.117
1 3543 1536 133.137
1 3543 1536 133.157
1 3543 1536 133.177
1 3544 1536 133.197
1 3543 1536 133.217
1 3543 1536 133.237
1 3542 1536 133.257
1 3540 1536 133.277
1 3538 1536 133.297
1 3535 1536 133.317
1 3532 1536 133.337
1 3529 1537 133.357
1 3526 1537 133.377
1 3522 1537 133.397
1 3519 1537 133.417
1 3517 1537 133.437
1 3515 1537 133.457
1 3515 1537 133.477
1 3518 1537 133.497
1 3522 1538 133.519
1 3526 1538 133.537
1 3527 1538 133.557
1 3527 1539 133.577
1 3527 1539 133.597
1 3526 1539 133.617
1 3525 1539 133.637
1 3525 1539 133.657
1 3525 1539 133.677
1 3525 1539 133.697
1 3525 1539 133.717
1 3525 1539 133.737
1 3526 1539 133.757
1 3525 1539 133.777
1 3526 1539 133.797
1 3528 1539 133.817
1 3532 1539 133.838
1 3534 1540 133.857
1 3537 1540 133.877
1 3541 1540 133.897
1 3544 1540 133.917
1 3545 1541 133.937
1 3545 1541 133.957
1 3545 1541 133.977
1 3545 1541 133.997
1 3547 1541 134.017
1 3548 1541 134.037
1 3550 1542 134.057
1 3550 1542 134.077
1 3549 1542 134.097
1 3550 1542 134.117
1 3550 1542 134.137
1 3550 1542 134.157
1 3550 1543 134.177
1 3551 1543 134.197
1 3552 1543 134.217
1 3553 1543 134.237
1 3553 1543 134.257
1 3552 1543 134.277
1 3550 1543 134.298
1 3548 1543 134.317
1 3546 1543 134.337
1 3545 1543 134.357
1 3545 1544 134.377
1 3545 1544 134.397
1 3545 1544 134.417
1 3545 1544 134.437
1 3544 1544 134.457
1 3543 1545 134.477
1 3543 1545 134.497
1 3542 1545 134.517
1 3540 1545 134.537
1 3538 1545 134.557
1 3537 1545 134.577
1 3535 1545 134.597
1 3535 1545 134.617
1 3535 1545 134.637
1 3534 1545 134.657
1 3531 1545 134.677
1 3528 1546 134.697
1 3524 1546 134.717
1 3521 1546 134.737
1 3520 1546 134.757
1 3518 1547 134.777
1 3516 1547 134.797
1 3515 1547 134.817
1 3514 1547 134.837
1 3513 1547 134.857
1 3514 1547 134.881
1 3514 1547 134.9
1 3515 1547 134.917
1 3516 1548 134.937
1 3517 1548 134.957
1 3519 1548 134.977
1 3521 1548 134.997
1 3521 1548 135.017
1 3522 1549 135.037
1 3521 1549 135.057
1 3522 1549 135.077
1 3523 1549 135.097
1 3524 1549 135.117
1 3524 1550 135.137
1 3524 1550 135.157
1 3524 1550 135.177
1 3523 1550 135.197
1 3523 1551 135.217
1 3523 1551 135.237
1 3525 1551 135.257
1 3527 1551 135.277
1 3528 1551 135.297
1 3529 1552 135.317
1 3530 1552 135.337
1 3531 1552 135.357
1 3533 1553 135.377
1 3534 1553 135.397
1 3534 1553 135.417
1 3534 1553 135.437
1 3534 1554 135.457
1 3534 1554 135.477
1 3536 1554 135.497
1 3539 1555 135.517
1 3542 1555 135.537
1 3544 1555 135.557
1 3546 1556 135.577
1 3548 1556 135.597
1 3550 1556 135.617
1 3552 1556 135.637
1 3553 1557 135.657
1 3553 1557 135.677
1 3554 1557 135.697
1 3554 1557 135.717
1 3556 1557 135.737
1 3557 1557 135.757
1 3559 1558 135.777
1 3559 1558 135.797
1 3559 1558 135.817
1 3558 1558 135.837
1 3559 1558 135.857
1 3559 1558 135.877
1 3560 1558 135.897
1 3559 1558 135.918
1 3559 1558 135.937
1 3559 1558 135.957
1 3558 1559 135.977
1 3558 1559 135.997
1 3558 1559 136.017
1 3557 1559 136.037
1 3556 1559 136.057
1 3555 1559 136.077
1 3555 1559 136.097
1 3555 1559 136.117
1 3553 1559 136.137
1 3550 1559 136.157
1 3548 1559 136.177
1 3546 1559 136.197
1 3544 1560 136.217
1 3543 1560 136.237
1 3541 1560 136.257
1 3539 1560 136.278
1 3536 1560 136.297
1 3535 1560 136.317
1 3536 1560 136.337
1 3535 1560 136.357
1 3534 1560 136.377
1 3533 1560 136.397
1 3532 1560 136.417
1 3532 1561 136.437
1 3532 1561 136.457
1 3533 1561 136.477
1 3533 1561 136.497
1 3533 1561 136.517
1 3532 1561 136.537
1 3531 1561 136.557
1 3531 1561 136.577
1 3530 1561 136.597
1 3531 1561 136.617
1 3530 1561 136.637
1 3530 1561 136.657
1 3530 1561 136.677
1 3530 1561 136.697
1 3529 1561 136.717
1 3528 1562 136.737
1 3527 1562 136.757
1 3526 1562 136.777
1 3526 1562 136.797
1 3527 1562 136.817
1 3527 1562 136.837
1 3526 1562 136.857
1 3524 1562 136.877
1 3523 1562 136.897
1 3522 1563 136.917
1 3522 1563 136.937
1 3520 1563 136.957
1 3518 1563 136.977
1 3516 1563 136.997
1 3514 1563 137.017
1 3514 1564 137.037
1 3514 1564 137.057
1 3513 1564 137.077
1 3512 1564 137.097
1 3512 1564 137.117
1 3511 1564 137.137
1 3510 1564 137.157
1 3510 1564 137.177
1 3509 1564 137.197
1 3509 1565 137.217
1 3508 1565 137.237
1 3506 1565 137.257
1 3505 1565 137.277
1 3503 1565 137.297
1 3502 1565 137.317
1 3501 1565 137.337
1 3501 1565 137.357
1 3501 1565 137.377
1 3500 1565 137.397
1 3499 1565 137.417
1 3499 1565 137.437
1 3498 1565 137.457
1 3497 1566 137.477
1 3495 1566 137.497
1 3494 1566 137.518
1 3492 1566 137.537
1 3491 1566 137.557
1 3490 1566 137.577
1 3489 1566 137.597
1 3489 1566 137.617
1 3488 1566 137.637
1 3487 1566 137.657
1 3486 1566 137.677
1 3485 1566 137.697
1 3484 1566 137.717
0 3489 1566 138.777
0 3489 1566 138.797
0 3489 1567 138.817
0 3490 1567 138.837
0 3490 1567 138.857
0 3491 1567 138.877
0 3492 1566 138.897
0 3493 1566 138.917
0 3495 1566 138.937
0 3499 1566 138.957
0 3502 1566 138.978
0 3505 1566 138.997
0 3508 1566 139.017
0 3510 1566 139.038
0 3512 1566 139.058
0 3514 1566 139.077
0 3514 1566 139.097
0 3515 1566 139.117
0 3516 1566 139.137
0 3516 1566 139.157
0 3517 1566 139.177
0 3517 1566 139.197
0 3517 1566 139.217
0 3517 1566 139.237
0 3518 1566 139.257
0 3518 1566 139.277
0 3518 1566 139.297
0 3518 1566 139.317
0 3520 1566 139.337
0 3524 1566 139.357
0 3528 1566 139.377
0 3533 1566 139.397
0 3538 1566 139.417
0 3543 1566 139.437
0 3547 1565 139.457
0 3552 1565 139.477
0 3556 1565 139.497
0 3559 1565 139.517
0 3561 1565 139.537
0 3562 1565 139.557
0 3564 1565 139.577
0 3565 1565 139.597
0 3566 1565 139.617
0 3567 1565 139.637
0 3568 1565 139.657
0 3569 1565 139.677
0 3571 1565 139.697
0 3573 1565 139.717
0 3573 1565 139.737
0 3575 1565 139.757
0 3576 1565 139.777
0 3577 1565 139.797
0 3579 1565 139.817
0 3581 1565 139.837
0 3582 1565 139.857
0 3583 1565 139.876
0 3584 1565 139.896
0 3585 1565 139.916
0 3587 1565 139.936
0 3589 1565 139.958
0 3591 1564 139.976
0 3593 1564 139.996
0 3595 1564 140.016
0 3598 1564 140.036
0 3599 1564 140.056
0 3601 1564 140.076
0 3602 1564 140.096
0 3603 1564 140.116
0 3603 1564 140.136
0 3603 1564 140.156
0 3603 1564 140.176
0 3604 1564 140.196
0 3605 1564 140.216
0 3606 1564 140.236
0 3608 1564 140.256
0 3610 1564 140.276
0 3613 1564 140.296
0 3616 1564 140.316
0 3619 1564 140.336
0 3622 1564 140.356
0 3626 1564 140.376
0 3630 1563 140.396
0 3634 1563 140.416
0 3637 1563 140.436
0 3639 1563 140.456
0 3641 1563 140.476
0 3644 1563 140.496
0 3645 1563 140.516
0 3647 1563 140.536
0 3648 1563 140.557
0 3648 1563 140.576
0 3649 1563 140.597
0 3649 1563 140.616
0 3650 1563 140.636
0 3652 1563 140.657
0 3655 1563 140.676
0 3657 1563 140.696
0 3661 1563 140.716
0 3665 1563 140.736
0 3669 1562 140.756
0 3673 1562 140.777
0 3677 1562 140.797
0 3680 1562 140.816
0 3684 1562 140.836
0 3688 1562 140.856
0 3691 1562 140.876
0 3692 1562 140.896
0 3694 1562 140.916
0 3697 1562 140.936
0 3699 1562 140.957
0 3700 1562 140.976
0 3701 1562 140.996
0 3701 1562 141.016
0 3702 1562 141.036
0 3703 1562 141.056
0 3704 1561 141.076
0 3704 1561 141.096
0 3704 1561 141.116
0 3704 1561 141.136
0 3704 1561 141.156
0 3704 1561 141.176
0 3705 1561 141.196
0 3706 1561 141.216
0 3706 1561 141.236
0 3707 1561 141.257
0 3707 1561 141.276
0 3707 1561 141.297
0 3707 1561 141.316
0 3707 1561 141.336
0 3707 1561 141.356
0 3707 1561 141.377
0 3708 1561 141.396
0 3709 1561 141.416
0 3711 1561 141.437
0 3713 1561 141.456
0 3717 1561 141.476
0 3721 1561 141.497
0 3726 1561 141.517
0 3731 1561 141.536
0 3736 1561 141.556
0 3739 1561 141.577
0 3742 1561 141.597
0 3745 1560 141.618
0 3748 1560 141.637
0 3752 1560 141.656
0 3756 1560 141.677
0 3758 1560 141.697
0 3759 1560 141.716
0 3761 1560 141.737
0 3763 1560 141.757
0 3765 1560 141.776
0 3766 1560 141.796
0 3767 1560 141.816
0 3768 1560 141.836
0 3771 1560 141.856
0 3775 1560 141.876
0 3778 1560 141.896
0 3780 1560 141.916
0 3783 1559 141.936
0 3785 1559 141.956
0 3786 1559 141.976
0 3786 1559 141.996
0 3787 1559 142.016
0 3788 1559 142.036
0 3789 1559 142.056
0 3789 1559 142.076
0 3791 1559 142.096
0 3795 1559 142.116
0 3799 1559 142.136
0 3804 1559 142.158
0 3808 1559 142.176
0 3811 1559 142.197
0 3814 1559 142.216
0 3816 1559 142.236
0 3819 1558 142.256
0 3820 1558 142.276
0 3821 1558 142.297
0 3822 1558 142.316
0 3822 1558 142.336
0 3822 1558 142.356
0 3822 1558 142.376
0 3822 1558 142.396
0 3822 1558 142.416
0 3823 1558 142.436
0 3824 1558 142.456
0 3824 1558 142.476
0 3825 1558 142.496
0 3825 1558 142.516
0 3826 1558 142.536
0 3826 1558 142.556
0 3828 1558 142.576
0 3828 1558 142.596
0 3830 1558 142.616
0 3831 1558 142.637
0 3831 1558 142.656
0 3831 1558 142.676
0 3832 1558 142.696
0 3832 1558 142.716
0 3832 1558 142.736
0 3832 1558 142.756
0 3832 1558 142.777
0 3833 1558 142.797
0 3834 1558 142.816
0 3835 1558 142.836
0 3837 1558 142.856
0 3838 1558 142.877
0 3839 1558 142.896
0 3842 1558 142.916
0 3845 1558 142.936
0 3847 1558 142.956
0 3849 1558 142.976
0 3851 1558 142.996
0 3852 1558 143.016
0 3852 1558 143.036
0 3854 1557 143.056
0 3854 1557 143.077
0 3855 1557 143.096
0 3855 1557 143.116
0 3855 1557 143.137
0 3856 1557 143.157
0 3858 1557 143.176
0 3859 1557 143.196
0 3859 1557 143.216
0 3861 1557 143.236
0 3861 1557 143.257
0 3862 1557 143.276
0 3862 1557 143.297
0 3863 1557 143.316
0 3863 1557 143.336
0 3863 1557 143.357
0 3863 1557 143.376
0 3864 1557 143.397
0 3865 1557 143.416
0 3865 1557 143.436
0 3866 1557 143.456
0 3867 1557 143.476
0 3868 1557 143.496
0 3870 1557 143.516
0 3873 1557 143.536
0 3877 1557 143.556
0 3881 1557 143.577
0 3886 1557 143.596
0 3891 1556 143.617
0 3896 1556 143.636
0 3900 1556 143.656
0 3902 1556 143.676
0 3903 1556 143.696
0 3904 1556 143.716
0 3905 1556 143.736
0 3905 1556 143.756
0 3905 1556 143.776
0 3905 1556 143.796
0 3905 1556 143.816
0 3905 1556 143.836
0 3905 1556 143.857
1 3905 1556 145.176
1 3905 1556 145.197
1 3905 1556 145.216
1 3905 1556 145.236
1 3905 1556 145.256
1 3905 1556 145.277
1 3905 1556 145.296
1 3905 1556 145.316
1 3905 1556 145.336
1 3905 1556 145.356
1 3905 1556 145.377
1 3905 1556 145.396
1 3905 1556 145.418
1 3905 1556 145.436
1 3905 1556 145.457
1 3906 1556 145.476
1 3907 1556 145.497
1 3908 1556 145.516
1 3909 1556 145.536
1 3909 1556 145.556
1 3910 1556 145.576
1 3910 1557 145.596
1 3912 1557 145.616
1 3914 1557 145.636
1 3915 1557 145.656
1 3915 1557 145.676
1 3915 1557 145.696
1 3916 1558 145.716
1 3918 1558 145.736
1 3918 1558 145.756
1 3918 1558 145.776
1 3916 1558 145.796
1 3914 1558 145.816
1 3911 1558 145.836
1 3909 1559 145.856
1 3906 1559 145.876
1 3903 1559 145.896
1 3901 1559 145.916
1 3900 1559 145.936
1 3900 1559 145.956
1 3899 1559 145.976
1 3899 1560 145.996
1 3899 1560 146.016
1 3901 1560 146.036
1 3903 1560 146.056
1 3905 1560 146.076
1 3908 1560 146.096
1 3910 1561 146.116
1 3912 1561 146.136
1 3913 1561 146.156
1 3914 1561 146.176
1 3915 1561 146.196
1 3917 1561 146.216
1 3918 1562 146.236
1 3918 1562 146.256
1 3916 1562 146.276
1 3913 1562 146.296
1 3909 1563 146.316
1 3906 1563 146.336
1 3903 1563 146.356
1 3902 1563 146.376
1 3899 1564 146.396
1 3896 1564 146.416
1 3894 1564 146.436
1 3893 1565 146.456
1 3891 1565 146.477
1 3891 1565 146.496
1 3890 1565 146.516
1 3889 1565 146.536
1 3887 1565 146.556
1 3886 1565 146.576
1 3886 1565 146.596
1 3885 1565 146.616
1 3884 1565 146.636
1 3882 1566 146.656
1 3879 1566 146.677
1 3876 1566 146.696
1 3873 1566 146.716
1 3872 1566 146.736
1 3869 1566 146.756
1 3866 1567 146.776
1 3864 1567 146.796
1 3860 1567 146.817
1 3856 1567 146.836
1 3853 1567 146.856
1 3850 1567 146.876
1 3847 1567 146.896
1 3846 1567 146.916
1 3845 1567 146.936
1 3844 1567 146.956
1 3843 1568 146.976
1 3841 1568 146.996
1 3837 1568 147.016
1 3834 1568 147.036
1 3830 1568 147.056
1 3825 1568 147.077
1 3822 1568 147.096
1 3819 1568 147.116
1 3816 1568 147.136
1 3814 1568 147.156
1 3812 1568 147.176
1 3811 1568 147.196
1 3809 1568 147.216
1 3808 1569 147.236
1 3806 1569 147.256
1 3805 1569 147.276
1 3803 1569 147.296
1 3802 1569 147.316
1 3801 1569 147.337
1 3799 1569 147.357
1 3797 1570 147.376
1 3794 1570 147.396
1 3792 1570 147.416
1 3789 1570 147.436
1 3786 1570 147.456
1 3783 1570 147.476
1 3780 1570 147.496
1 3776 1570 147.516
1 3773 1570 147.536
1 3771 1570 147.556
1 3768 1571 147.576
1 3765 1571 147.596
1 3761 1571 147.617
1 3757 1571 147.636
1 3753 1571 147.656
1 3748 1571 147.676
1 3742 1572 147.696
1 3738 1572 147.716
1 3733 1572 147.736
1 3727 1572 147.757
1 3722 1572 147.777
1 3717 1572 147.796
1 3713 1572 147.816
1 3709 1572 147.836
1 3706 1573 147.856
1 3703 1573 147.876
1 3699 1573 147.896
1 3697 1573 147.916
1 3696 1573 147.936
1 3696 1573 147.956
1 3696 1573 147.976
1 3697 1573 147.996
1 3697 1573 148.016
1 3698 1573 148.037
1 3699 1574 148.056
1 3701 1574 148.076
1 3701 1574 148.096
1 3700 1574 148.116
1 3699 1574 148.136
1 3698 1574 148.156
1 3697 1574 148.176
1 3697 1574 148.196
1 3696 1574 148.216
1 3695 1574 148.236
1 3694 1575 148.256
1 3691 1575 148.276
1 3689 1575 148.296
1 3686 1575 148.316
1 3684 1575 148.336
1 3680 1576 148.356
1 3677 1576 148.376
1 3675 1576 148.396
1 3673 1576 148.416
1 3671 1576 148.436
1 3669 1576 148.456
1 3665 1576 148.476
1 3662 1576 148.497
1 3657 1576 148.516
1 3652 1576 148.536
1 3647 1576 148.556
1 3642 1577 148.576
1 3637 1577 148.596
1 3631 1577 148.616
1 3625 1577 148.636
1 3619 1577 148.656
1 3615 1577 148.677
1 3611 1577 148.696
1 3607 1577 148.716
1 3604 1577 148.737
1 3601 1578 148.756
1 3599 1578 148.776
1 3597 1578 148.796
1 3596 1578 148.816
1 3595 1578 148.836
1 3593 1578 148.856
1 3591 1578 148.877
1 3588 1578 148.896
1 3586 1578 148.916
1 3585 1578 148.936
1 3583 1578 148.956
1 3580 1578 148.976
1 3577 1579 148.997
1 3574 1579 149.017
1 3569 1579 149.036
1 3564 1579 149.057
1 3559 1579 149.077
1 3552 1579 149.097
1 3546 1579 149.116
1 3539 1580 149.137
1 3534 1580 149.156
1 3528 1580 149.176
1 3522 1580 149.196
1 3514 1580 149.216
1 3507 1580 149.236
1 3502 1581 149.256
1 3498 1581 149.276
1 3493 1581 149.296
1 3489 1581 149.316
1 3484 1581 149.336
1 3480 1582 149.356
1 3478 1582 149.376
1 3476 1582 149.396
1 3472 1582 149.416
1 3469 1582 149.436
1 3466 1582 149.456
1 3464 1582 149.477
1 3462 1582 149.496
1 3461 1582 149.516
1 3461 1582 149.536
1 3459 1582 149.557
1 3457 1582 149.577
1 3455 1582 149.597
1 3454 1582 149.616
1 3453 1582 149.636
1 3452 1582 149.657
1 3451 1582 149.676
1 3450 1582 149.696
1 3450 1582 149.716
1 3449 1582 149.737
1 3448 1582 149.756
1 3447 1582 149.776
1 3445 1582 149.796
1 3444 1583 149.816
1 3443 1583 149.836
1 3442 1583 149.856
1 3441 1583 149.876
1 3440 1583 149.896
1 3440 1583 149.917
1 3439 1583 149.936
1 3439 1583 149.956
1 3437 1583 149.976
1 3437 1583 149.996
1 3435 1583 150.017
1 3434 1583 150.036
1 3431 1583 150.056
1 3429 1583 150.076
1 3427 1583 150.096
1 3425 1583 150.116
1 3423 1583 150.136
1 3420 1583 150.156
1 3418 1583 150.176
1 3417 1583 150.196
1 3416 1583 150.217
1 3416 1583 150.236
1 3415 1583 150.256
1 3415 1583 150.276
1 3414 1584 150.296
1 3415 1584 150.316
1 3417 1584 150.336
1 3419 1584 150.357
1 3420 1584 150.376
1 3422 1584 150.396
1 3423 1584 150.417
1 3424 1584 150.436
1 3425 1584 150.456
1 3426 1585 150.476
1 3428 1585 150.496
1 3430 1585 150.516
1 3432 1585 150.536
1 3434 1585 150.556
1 3435 1585 150.577
1 3437 1585 150.596
1 3438 1585 150.617
1 3439 1585 150.636
1 3439 1585 150.656
1 3440 1585 150.676
1 3440 1585 150.696
1 3441 1585 150.717
1 3441 1585 150.736
1 3440 1585 150.756
1 3440 1585 150.776
1 3440 1585 150.796
1 3440 1585 150.816
1 3440 1585 150.836
1 3439 1586 150.857
1 3437 1586 150.876
1 3437 1586 150.896
1 3438 1586 150.916
1 3438 1586 150.936
1 3437 1586 150.956
1 3436 1586 150.976
1 3432 1586 150.997
1 3429 1587 151.016
1 3425 1587 151.036
1 3422 1587 151.056
1 3419 1587 151.077
1 3417 1588 151.096
1 3415 1588 151.116
1 3414 1588 151.136
1 3414 1589 151.156
1 3416 1589 151.176
1 3416 1589 151.196
1 3415 1589 151.216
1 3415 1590 151.236
1 3414 1590 151.256
1 3414 1590 151.277
1 3413 1590 151.297
1 3410 1591 151.316
1 3406 1591 151.337
1 3401 1591 151.356
1 3398 1591 151.376
1 3396 1592 151.396
1 3393 1592 151.417
1 3391 1592 151.436
1 3388 1592 151.456
1 3385 1592 151.477
1 3384 1592 151.496
1 3383 1592 151.52
1 3382 1592 151.536
1 3382 1592 151.556
1 3382 1592 151.576
1 3382 1592 151.596
1 3382 1593 151.616
1 3383 1593 151.636
1 3384 1593 151.656
1 3385 1593 151.676
1 3385 1593 151.696
1 3385 1593 151.716
1 3385 1593 151.736
1 3385 1593 151.756
1 3385 1593 151.776
1 3385 1593 151.796
1 3385 1593 151.816
1 3385 1593 151.836
1 3385 1593 151.856
1 3385 1593 151.876
1 3385 1593 151.896
0 3380 1593 152.756
0 3380 1593 152.776
0 3380 1593 152.796
0 3380 1593 152.816
0 3380 1593 152.837
0 3380 1593 152.856
0 3380 1593 152.876
0 3380 1593 152.897
0 3380 1593 152.916
0 3380 1593 152.936
0 3380 1593 152.956
0 3380 1593 152.976
0 3382 1593 152.996
0 3385 1593 153.016
0 3391 1593 153.036
0 3397 1593 153.056
0 3406 1593 153.076
0 3416 1592 153.096
0 3428 1592 153.116
0 3441 1592 153.137
0 3456 1592 153.156
0 3473 1591 153.176
0 3490 1591 153.197
0 3507 1590 153.217
0 3523 1590 153.237
0 3537 1590 153.257
0 3548 1590 153.276
0 3554 1589 153.296
0 3558 1589 153.317
0 3560 1589 153.336
0 3562 1589 153.356
0 3563 1589 153.376
0 3564 1589 153.397
0 3564 1589 153.416
0 3565 1589 153.436
0 3569 1589 153.457
0 3577 1589 153.476
0 3588 1589 153.496
0 3599 1589 153.517
0 3610 1589 153.536
0 3618 1589 153.556
0 3626 1588 153.577
0 3630 1588 153.596
0 3633 1588 153.617
0 3635 1588 153.636
0 3637 1588 153.656
0 3638 1588 153.676
0 3638 1588 153.696
0 3639 1588 153.716
0 3641 1588 153.736
0 3643 1588 153.757
0 3646 1588 153.776
0 3648 1588 153.796
0 3652 1588 153.816
0 3657 1588 153.836
0 3662 1588 153.856
0 3669 1588 153.876
0 3679 1588 153.897
0 3689 1587 153.916
0 3700 1587 153.937
0 3712 1587 153.956
0 3725 1587 153.976
0 3737 1586 153.997
0 3751 1586 154.016
0 3765 1586 154.036
0 3779 1586 154.057
0 3791 1585 154.077
0 3802 1585 154.096
0 3813 1585 154.117
0 3823 1585 154.136
0 3832 1585 154.157
0 3841 1584 154.177
0 3851 1584 154.196
0 3859 1584 154.216
0 3867 1584 154.236
0 3874 1584 154.256
0 3880 1584 154.276
0 3885 1584 154.297
0 3888 1584 154.317
0 3889 1583 154.338
0 3890 1583 154.357
0 3889 1583 154.857
0 3889 1583 154.877
0 3889 1583 154.896
0 3889 1583 154.917
0 3889 1583 154.937
0 3889 1583 154.957
0 3890 1583 154.976
0 3893 1583 154.997
0 3897 1583 155.016
0 3902 1583 155.036
0 3907 1583 155.056
0 3914 1583 155.077
0 3922 1583 155.096
0 3929 1583 155.117
0 3937 1583 155.137
0 3943 1583 155.156
0 3950 1582 155.177
0 3956 1582 155.197
0 3963 1582 155.216
0 3971 1582 155.236
0 3979 1582 155.257
0 3987 1582 155.276
0 3996 1582 155.296
0 4005 1581 155.317
0 4014 1581 155.336
0 4024 1581 155.357
0 4033 1581 155.376
0 4040 1581 155.397
0 4048 1580 155.416
0 4056 1580 155.437
0 4064 1580 155.457
0 4072 1580 155.477
0 4079 1580 155.497
0 4086 1580 155.517
0 4092 1579 155.536
0 4097 1579 155.557
0 4104 1579 155.576
0 4110 1579 155.596
0 4115 1579 155.617
0 4120 1579 155.637
0 4124 1579 155.657
0 4128 1579 155.676
0 4131 1579 155.697
0 4134 1579 155.716
0 4138 1578 155.737
0 4142 1578 155.756
0 4145 1578 155.777
0 4150 1578 155.797
0 4154 1578 155.817
0 4157 1578 155.837
0 4159 1578 155.857
0 4160 1578 155.877
0 4159 1578 156.357
0 4159 1578 156.377
0 4159 1578 156.397
0 4159 1578 156.417
0 4159 1578 156.437
0 4159 1578 156.457
0 4159 1578 156.477
0 4159 1578 156.497
0 4159 1578 156.517
0 4159 1578 156.537
0 4159 1578 156.558
0 4160 1578 156.577
0 4160 1578 156.597
0 4162 1578 156.617
0 4164 1578 156.637
0 4166 1578 156.658
0 4169 1578 156.677
0 4173 1578 156.698
0 4177 1578 156.719
0 4182 1577 156.737
0 4186 1577 156.757
0 4189 1577 156.777
0 4194 1577 156.797
0 4198 1577 156.817
0 4202 1577 156.837
0 4206 1577 156.857
0 4210 1577 156.877
0 4216 1577 156.897
0 4223 1577 156.917
0 4230 1576 156.937
0 4237 1576 156.957
0 4245 1576 156.977
0 4253 1576 156.997
0 4261 1576 157.017
0 4268 1576 157.037
0 4273 1575 157.057
0 4279 1575 157.077
0 4284 1575 157.097
0 4288 1575 157.117
0 4292 1575 157.137
0 4295 1575 157.157
0 4299 1575 157.177
0 4302 1575 157.197
0 4305 1575 157.217
0 4308 1575 157.237
0 4310 1575 157.257
0 4313 1575 157.277
0 4314 1574 157.297
0 4315 1574 157.317
0 4316 1574 157.337
0 4316 1574 157.356
0 4316 1574 157.376
0 4316 1574 157.396
0 4301 1575 158.176
0 4301 1575 158.196
0 4301 1575 158.216
0 4301 1575 158.236
0 4301 1575 158.256
0 4301 1575 158.276
0 4302 1575 158.296
0 4304 1575 158.316
0 4306 1575 158.336
0 4308 1575 158.356
0 4310 1575 158.376
0 4313 1575 158.397
0 4315 1574 158.417
0 4318 1574 158.436
0 4322 1574 158.456
0 4326 1574 158.477
0 4330 1574 158.496
0 4334 1574 158.516
0 4338 1574 158.537
0 4343 1574 158.556
0 4348 1574 158.576
0 4353 1574 158.596
0 4360 1573 158.616
0 4365 1573 158.636
0 4371 1573 158.657
0 4377 1573 158.677
0 4382 1573 158.696
0 4388 1573 158.716
0 4392 1573 158.736
0 4395 1573 158.756
0 4397 1573 158.776
0 4398 1573 158.798
0 4398 1573 158.816
0 4399 1573 158.836
0 4399 1573 158.856
0 4399 1573 158.876
0 4399 1573 158.896
0 4399 1573 158.916
0 4399 1573 158.936
1 4368 1573 159.416
1 4366 1574 159.436
1 4363 1574 159.456
1 4361 1574 159.476
1 4359 1574 159.496
1 4358 1574 159.516
1 4357 1574 159.536
1 4357 1574 159.556
1 4357 1574 159.576
1 4357 1574 159.596
1 4355 1574 159.616
1 4354 1574 159.636
1 4353 1574 159.656
1 4351 1574 159.676
1 4349 1574 159.696
1 4347 1574 159.717
1 4343 1574 159.736
1 4338 1574 159.756
1 4333 1574 159.777
1 4325 1575 159.796
1 4317 1575 159.816
1 4304 1575 159.836
1 4290 1575 159.856
1 4272 1576 159.876
1 4254 1576 159.896
1 4236 1577 159.916
1 4219 1577 159.936
1 4204 1578 159.956
1 4191 1578 159.976
1 4179 1578 159.996
1 4169 1579 160.016
1 4159 1579 160.036
1 4148 1579 160.056
1 4140 1579 160.076
1 4132 1580 160.096
1 4126 1580 160.116
1 4120 1580 160.136
1 4113 1580 160.156
1 4107 1580 160.176
1 4102 1580 160.196
1 4098 1580 160.217
1 4094 1580 160.236
1 4090 1581 160.256
1 4086 1581 160.276
1 4081 1581 160.296
1 4075 1581 160.316
1 4070 1581 160.336
1 4065 1581 160.356
1 4060 1582 160.376
1 4055 1582 160.396
1 4051 1582 160.416
1 4046 1582 160.436
1 4042 1582 160.456
1 4040 1583 160.476
1 4037 1583 160.496
1 4035 1583 160.516
1 4032 1583 160.536
1 4029 1583 160.556
1 4027 1583 160.576
1 4024 1583 160.596
1 4023 1583 160.616
1 4023 1583 160.636
1 4022 1583 160.657
1 4019 1584 160.676
1 4017 1584 160.696
1 4016 1584 160.716
1 4014 1584 160.736
1 4012 1584 160.756
1 4007 1585 160.776
1 4001 1585 160.796
1 3994 1585 160.816
1 3988 1585 160.836
1 3983 1586 160.856
1 3978 1586 160.879
1 3975 1586 160.896
1 3969 1587 160.916
1 3966 1587 160.936
1 3962 1587 160.956
1 3959 1587 160.976
1 3958 1588 160.996
1 3958 1588 161.016
1 3960 1588 161.036
1 3961 1588 161.056
1 3962 1589 161.076
1 3962 1589 161.096
1 3962 1589 161.116
1 3962 1590 161.136
1 3961 1590 161.156
1 3961 1590 161.176
1 3960 1590 161.196
1 3957 1591 161.216
1 3955 1591 161.236
1 3952 1591 161.256
1 3949 1592 161.276
1 3947 1592 161.296
1 3946 1592 161.316
1 3946 1592 161.336
1 3945 1592 161.356
1 3946 1592 161.376
1 3943 1592 161.396
1 3942 1592 161.417
1 3940 1593 161.437
1 3939 1593 161.456
1 3937 1593 161.476
1 3934 1593 161.496
1 3930 1593 161.516
1 3927 1594 161.536
1 3925 1594 161.556
1 3924 1594 161.576
1 3924 1594 161.596
1 3924 1594 161.616
1 3923 1594 161.636
1 3922 1594 161.656
1 3922 1594 161.676
1 3919 1594 161.696
1 3917 1594 161.716
1 3915 1594 161.736
1 3914 1595 161.756
1 3913 1595 161.776
1 3913 1595 161.796
1 3912 1595 161.816
1 3911 1595 161.836
1 3911 1595 161.856
1 3911 1595 161.876
1 3911 1595 161.896
1 3910 1595 161.916
1 3908 1596 161.936
1 3907 1596 161.956
1 3905 1596 161.976
1 3903 1596 161.996
1 3901 1596 162.016
1 3899 1596 162.036
1 3895 1596 162.056
1 3891 1597 162.076
1 3884 1597 162.096
1 3878 1597 162.116
1 3870 1597 162.136
1 3864 1598 162.156
1 3859 1598 162.176
1 3852 1598 162.196
1 3846 1598 162.216
1 3841 1599 162.236
1 3835 1599 162.256
1 3833 1599 162.276
1 3832 1599 162.296
1 3831 1599 162.316
1 3830 1599 162.336
1 3829 1600 162.356
1 3829 1600 162.376
1 3828 1600 162.396
1 3828 1600 162.416
1 3828 1600 162.436
1 3828 1600 162.456
1 3828 1600 162.476
1 3826 1600 162.496
1 3825 1600 162.516
1 3824 1600 162.537
1 3824 1600 162.556
1 3823 1600 162.576
1 3820 1600 162.596
1 3817 1600 162.616
1 3813 1601 162.637
1 3810 1601 162.656
1 3806 1601 162.676
1 3804 1601 162.696
1 3801 1601 162.716
1 3799 1601 162.736
1 3797 1601 162.756
1 3795 1601 162.776
1 3792 1601 162.796
1 3790 1601 162.816
1 3787 1601 162.836
1 3784 1601 162.856
1 3781 1601 162.876
1 3779 1601 162.896
1 3775 1602 162.916
1 3771 1602 162.936
1 3770 1602 162.956
1 3768 1602 162.976
1 3766 1602 162.996
1 3764 1602 163.016
1 3762 1602 163.036
1 3758 1603 163.056
1 3754 1603 163.076
1 3751 1603 163.096
1 3747 1603 163.116
1 3744 1604 163.136
1 3741 1604 163.156
1 3737 1604 163.176
1 3732 1604 163.196
1 3729 1604 163.216
1 3726 1605 163.236
1 3723 1605 163.256
1 3720 1605 163.276
1 3717 1605 163.296
1 3715 1605 163.316
1 3714 1605 163.336
1 3712 1606 163.356
1 3711 1606 163.376
1 3710 1606 163.396
1 3710 1606 163.416
1 3710 1606 163.436
1 3710 1606 163.456
1 3710 1606 163.476
1 3709 1606 163.496
1 3709 1606 163.516
1 3708 1606 163.536
1 3706 1606 163.556
1 3705 1607 163.576
1 3703 1607 163.596
1 3701 1607 163.616
1 3699 1607 163.636
1 3697 1607 163.656
1 3696 1607 163.676
1 3695 1607 163.696
1 3695 1607 163.716
1 3695 1607 163.736
1 3695 1607 163.756
1 3695 1607 163.776
1 3695 1607 163.796
1 3695 1607 163.816
1 3694 1607 163.836
1 3694 1607 163.856
1 3694 1607 163.876
1 3694 1607 163.896
1 3695 1607 163.916
1 3695 1608 163.936
1 3695 1608 163.956
1 3696 1608 163.976
1 3695 1608 163.996
1 3694 1608 164.016
1 3693 1608 164.036
1 3691 1608 164.056
1 3689 1609 164.076
1 3686 1609 164.096
1 3685 1609 164.116
1 3685 1609 164.136
1 3685 1609 164.156
1 3683 1609 164.176
1 3682 1609 164.196
1 3680 1609 164.216
1 3679 1609 164.236
1 3678 1609 164.256
1 3676 1609 164.276
1 3673 1609 164.296
1 3669 1609 164.316
1 3665 1609 164.336
1 3661 1609 164.356
1 3658 1609 164.376
1 3653 1609 164.396
1 3650 1609 164.416
1 3647 1609 164.436
1 3645 1609 164.456
1 3643 1609 164.476
1 3641 1609 164.496
1 3639 1609 164.516
1 3634 1609 164.536
1 3630 1609 164.556
1 3624 1609 164.576
1 3617 1609 164.596
1 3610 1609 164.616
1 3604 1609 164.636
1 3597 1609 164.656
1 3593 1609 164.676
1 3587 1609 164.696
1 3582 1609 164.716
1 3576 1609 164.736
1 3571 1609 164.756
1 3565 1609 164.776
1 3559 1609 164.796
1 3554 1609 164.816
1 3549 1609 164.836
1 3546 1609 164.856
1 3541 1609 164.876
1 3537 1609 164.896
1 3534 1609 164.916
1 3532 1609 164.936
1 3531 1609 164.956
1 3530 1609 164.976
1 3530 1609 164.996
1 3528 1609 165.016
1 3527 1609 165.036
1 3527 1609 165.056
1 3527 1609 165.076
1 3527 1609 165.096
1 3526 1609 165.116
1 3525 1609 165.136
1 3524 1609 165.156
1 3522 1609 165.176
1 3518 1609 165.196
1 3515 1609 165.216
1 3512 1609 165.236
1 3510 1609 165.256
1 3509 1609 165.276
1 3507 1609 165.296
1 3506 1609 165.316
1 3505 1609 165.336
1 3503 1609 165.356
1 3500 1609 165.376
1 3499 1609 165.396
1 3498 1609 165.416
1 3497 1609 165.436
1 3497 1609 165.456
1 3497 1609 165.477
1 3495 1609 165.496
1 3494 1609 165.516
1 3493 1609 165.536
1 3490 1609 165.556
1 3484 1609 165.576
1 3478 1609 165.596
1 3473 1609 165.616
1 3470 1609 165.636
1 3467 1609 165.656
1 3463 1609 165.676
1 3457 1609 165.696
1 3450 1609 165.716
1 3442 1609 165.736
1 3432 1609 165.756
1 3421 1609 165.776
1 3410 1609 165.796
1 3397 1609 165.816
1 3385 1609 165.836
1 3374 1609 165.856
1 3362 1609 165.876
1 3352 1609 165.896
1 3345 1609 165.916
1 3338 1609 165.936
1 3332 1609 165.956
1 3325 1609 165.976
1 3317 1609 165.996
1 3310 1609 166.016
1 3304 1609 166.036
1 3300 1609 166.056
1 3296 1609 166.076
1 3293 1609 166.096
1 3292 1609 166.116
1 3291 1609 166.136
1 3291 1609 166.156
1 3291 1609 166.176
1 3291 1609 166.196
1 3289 1609 166.216
1 3287 1609 166.236
1 3283 1609 166.256
1 3280 1609 166.276
1 3275 1609 166.296
1 3270 1609 166.316
1 3264 1609 166.336
1 3256 1609 166.356
1 3247 1609 166.376
1 3241 1609 166.396
1 3237 1609 166.416
1 3235 1609 166.436
1 3234 1609 166.456
1 3233 1609 166.477
1 3232 1609 166.496
1 3232 1609 166.516
0 3233 1609 167.176
0 3235 1609 167.196
0 3237 1609 167.216
0 3243 1609 167.236
0 3248 1609 167.256
0 3254 1609 167.276
0 3261 1609 167.296
0 3268 1609 167.316
0 3275 1609 167.336
0 3282 1609 167.356
0 3289 1609 167.376
0 3296 1609 167.396
0 3303 1609 167.416
0 3309 1609 167.436
0 3317 1609 167.456
0 3326 1609 167.476
0 3337 1609 167.497
0 3351 1609 167.516
0 3366 1609 167.536
0 3384 1609 167.556
0 3404 1609 167.576
0 3424 1609 167.596
0 3444 1609 167.616
0 3463 1609 167.636
0 3483 1609 167.656
0 3503 1609 167.676
0 3522 1609 167.696
0 3538 1609 167.716
0 3555 1609 167.736
0 3574 1609 167.756
0 3606 1609 167.776
0 3650 1609 167.797
0 3708 1609 167.816
0 3776 1609 167.836
0 3853 1609 167.856
0 3938 1609 167.876
0 4026 1609 167.896
0 4111 1609 167.916
0 4184 1609 167.936
0 4232 1609 167.956
0 4262 1609 167.976
0 4279 1609 167.996
0 4290 1609 168.016
0 4295 1609 168.036
0 4293 1609 168.476
0 4293 1609 168.496
0 4293 1609 168.516
0 4293 1609 168.536
0 4295 1609 168.556
0 4300 1609 168.576
0 4306 1609 168.596
0 4317 1609 168.616
0 4332 1609 168.636
0 4352 1609 168.656
0 4375 1609 168.676
0 4397 1609 168.696
0 4418 1609 168.716
0 4439 1609 168.736
0 4460 1609 168.756
0 4480 1609 168.776
0 4497 1609 168.796
0 4515 1609 168.816
0 4531 1609 168.836
0 4545 1609 168.856
0 4561 1609 168.876
0 4576 1609 168.897
0 4591 1609 168.916
0 4605 1609 168.936
0 4617 1609 168.956
0 4628 1609 168.976
0 4638 1609 168.996
0 4647 1609 169.016
0 4655 1609 169.036
0 4664 1609 169.056
0 4671 1609 169.076
0 4680 1609 169.096
0 4687 1609 169.116
0 4695 1609 169.136
0 4704 1609 169.156
0 4712 1609 169.176
0 4719 1609 169.196
0 4726 1609 169.216
0 4732 1609 169.236
0 4738 1609 169.256
0 4742 1609 169.276
0 4745 1608 169.296
0 4748 1608 169.316
0 4749 1608 169.336
0 4750 1608 169.356
0 4751 1608 169.376
0 4751 1608 169.396
0 4754 1608 169.416
0 4761 1608 169.436
0 4771 1608 169.456
0 4782 1608 169.476
0 4794 1608 169.496
0 4803 1607 169.516
0 4811 1607 169.536
0 4819 1607 169.556
0 4824 1607 169.576
0 4826 1607 169.596
0 4828 1607 169.616
0 4830 1607 169.636
0 4833 1607 169.656
0 4838 1607 169.676
0 4846 1607 169.696
0 4855 1606 169.716
0 4867 1606 169.736
0 4880 1606 169.756
0 4891 1606 169.776
0 4902 1606 169.796
0 4911 1605 169.816
0 4917 1605 169.837
0 4920 1605 169.856
0 4922 1605 169.876
0 4923 1605 169.896
0 4924 1605 169.916
0 4927 1605 169.936
0 4929 1605 169.956
0 4931 1605 169.976
0 4935 1605 169.996
0 4940 1605 170.016
0 4944 1605 170.036
0 4949 1605 170.056
0 4952 1605 170.076
0 4955 1605 170.096
0 4959 1605 170.116
0 4962 1605 170.136
0 4968 1605 170.156
0 4972 1605 170.176
0 4977 1605 170.196
0 4980 1605 170.216
0 4982 1605 170.236
0 4984 1605 170.256
0 4989 1605 170.276
0 4995 1605 170.296
0 5001 1605 170.316
0 5008 1605 170.336
0 5015 1605 170.356
0 5021 1605 170.376
0 5027 1605 170.396
0 5031 1605 170.416
0 5035 1605 170.436
0 5040 1605 170.456
0 5043 1605 170.476
0 5047 1605 170.496
0 5051 1606 170.516
0 5054 1606 170.536
0 5058 1606 170.556
0 5060 1606 170.576
0 5062 1606 170.596
0 5063 1606 170.616
0 5064 1606 170.636
0 5064 1606 170.656
0 5065 1606 170.676
0 5065 1606 170.696
0 5065 1606 170.716
0 5063 1606 170.736
